25 20 68 7 56 1 8
#POD
2 3 4 5 6 7 8 10 11 12 13 14 15 16 17 19 20 21 22 23 24 25 26 27 28
#LOCATIONS
1
#CONTAINERS_TOLOAD
0 0 0 8969.51 2.59 20 21 0 1 0
0 0 0 9570.33 2.59 20 15 0 1 0
0 0 0 6580.17 2.59 20 23 0 1 4
0 0 0 9998.59 2.59 20 8 0 1 4
0 0 0 6437.85 2.59 20 15 0 1 4
0 0 0 7458.60 2.59 20 22 0 1 4
0 0 0 8176.01 2.59 20 14 0 1 0
0 0 0 10007.39 2.59 20 10 0 1 0
0 0 0 6703.94 2.59 20 25 0 1 0
0 0 0 8998.52 2.59 20 17 0 1 0
0 0 0 5999.55 2.59 20 27 0 1 0
0 0 0 9333.52 2.59 20 10 0 1 0
0 0 0 7875.36 2.59 20 27 0 1 0
0 0 0 8190.64 2.59 20 15 0 1 0
0 0 0 6905.26 2.59 20 20 0 1 3
0 0 0 9174.18 2.59 20 19 0 1 3
0 0 0 7194.50 2.59 20 6 0 1 4
0 0 0 6655.75 2.59 20 25 0 1 4
0 0 0 11793.84 2.59 20 16 0 1 0
0 0 0 4176.51 2.59 20 17 0 1 0
#CONTAINERS_LOADED
2 3 1 7500.00 2.59 20 13 0 1 0
2 3 -1 7500.00 2.59 20 22 0 1 0
2 4 1 7500.00 2.59 20 21 0 1 0
2 4 -1 7500.00 2.59 20 23 0 1 0
2 5 1 7500.00 2.59 20 23 0 1 0
2 5 -1 7500.00 2.59 20 27 0 1 0
2 6 1 7500.00 2.59 20 17 0 1 0
2 6 -1 7500.00 2.59 20 16 0 1 0
2 7 1 7500.00 2.59 20 7 0 1 0
2 7 -1 7500.00 2.59 20 23 0 1 0
2 8 1 7500.00 2.59 20 26 0 1 0
2 8 -1 7500.00 2.59 20 28 0 1 0
3 1 1 7500.00 2.59 20 11 1 1 1
3 1 -1 7500.00 2.59 20 24 0 1 1
3 2 1 7500.00 2.59 20 23 1 1 4
3 2 -1 7500.00 2.59 20 4 0 1 4
3 3 1 7500.00 2.59 20 14 1 1 0
3 3 -1 7500.00 2.59 20 5 0 1 0
3 4 1 7500.00 2.59 20 19 1 1 1
3 4 -1 7500.00 2.59 20 11 0 1 1
3 5 1 7500.00 2.59 20 17 1 1 1
3 5 -1 7500.00 2.59 20 24 0 1 1
3 6 1 7500.00 2.59 20 20 1 1 1
3 6 -1 7500.00 2.59 20 13 0 1 1
3 7 1 7500.00 2.59 20 17 1 1 4
3 7 -1 7500.00 2.59 20 17 0 1 4
3 8 1 7500.00 2.59 20 10 0 1 4
3 8 -1 7500.00 2.59 20 23 0 1 4
4 1 1 7500.00 2.59 20 27 1 1 0
4 1 -1 7500.00 2.59 20 13 0 1 0
4 2 1 7500.00 2.59 20 28 1 1 0
4 2 -1 7500.00 2.59 20 12 0 1 0
4 3 1 7500.00 2.59 20 8 1 1 0
4 3 -1 7500.00 2.59 20 7 0 1 0
4 4 1 7500.00 2.59 20 21 1 1 0
4 4 -1 7500.00 2.59 20 4 0 1 0
4 5 1 7500.00 2.59 20 28 1 1 0
4 5 -1 7500.00 2.59 20 24 0 1 0
4 6 1 7500.00 2.59 20 28 1 1 0
4 6 -1 7500.00 2.59 20 2 0 1 0
4 7 1 7500.00 2.59 20 8 1 1 0
4 7 -1 7500.00 2.59 20 21 0 1 0
4 8 1 7500.00 2.59 20 13 0 1 0
4 8 -1 7500.00 2.59 20 26 0 1 0
5 1 1 7500.00 2.59 20 19 1 1 2
5 1 -1 7500.00 2.59 20 25 0 1 2
5 2 1 7500.00 2.59 20 22 1 1 2
5 2 -1 7500.00 2.59 20 23 0 1 2
5 3 1 7500.00 2.59 20 3 1 1 2
5 3 -1 7500.00 2.59 20 25 0 1 2
5 4 1 7500.00 2.59 20 25 1 1 2
5 4 -1 7500.00 2.59 20 17 0 1 2
5 5 1 7500.00 2.59 20 27 1 1 0
5 5 -1 7500.00 2.59 20 25 0 1 0
5 6 1 7500.00 2.59 20 19 1 1 0
5 6 -1 7500.00 2.59 20 16 0 1 0
5 7 1 7500.00 2.59 20 22 1 1 0
5 7 -1 7500.00 2.59 20 27 0 1 0
5 8 1 7500.00 2.59 20 12 0 1 2
5 8 -1 7500.00 2.59 20 17 0 1 2
6 3 1 7500.00 2.59 20 26 0 1 0
6 3 -1 7500.00 2.59 20 27 0 1 0
6 4 1 7500.00 2.59 20 21 0 1 0
6 4 -1 7500.00 2.59 20 2 0 1 0
6 5 1 7500.00 2.59 20 15 0 1 0
6 5 -1 7500.00 2.59 20 15 0 1 0
6 6 1 7500.00 2.59 20 14 0 1 0
6 6 -1 7500.00 2.59 20 24 0 1 0
#STACKS
75000.00 12.95 1
90000.00 15.54 1
120000.00 20.72 1
120000.00 20.72 1
120000.00 20.72 1
90000.00 15.54 1
75000.00 12.95 1
#CELLS
1 0 0 0 0 0 1
1 0 0 0 0 0 1
1 0 0 0 0 0 1
1 0 0 1 1 1 1
1 0 0 1 1 1 1
1 0 0 1 1 1 1
1 0 0 1 1 1 1
1 0 0 1 1 1 1
2 0 0 0 0 0 1
2 0 0 0 0 0 1
2 0 0 1 1 1 1
2 0 0 1 1 1 1
2 0 0 1 1 1 1
2 0 0 1 1 1 1
2 0 0 1 1 1 1
2 0 0 1 1 1 1
3 0 1 1 1 1 1
3 0 1 1 1 1 1
3 0 1 1 1 1 1
3 0 1 1 1 1 1
3 0 1 1 1 1 1
3 0 1 1 1 1 1
3 0 1 1 1 1 1
3 0 0 1 1 1 1
4 0 1 1 1 1 1
4 0 1 1 1 1 1
4 0 1 1 1 1 1
4 0 1 1 1 1 1
4 0 1 1 1 1 1
4 0 1 1 1 1 1
4 0 1 1 1 1 1
4 0 0 1 1 1 1
5 0 1 1 1 1 1
5 0 1 1 1 1 1
5 0 1 1 1 1 1
5 0 1 1 1 1 1
5 0 1 1 1 1 1
5 0 1 1 1 1 1
5 0 1 1 1 1 1
5 0 0 1 1 1 1
6 0 0 0 0 0 1
6 0 0 0 0 0 1
6 0 0 1 1 1 1
6 0 0 1 1 1 1
6 0 0 1 1 1 1
6 0 0 1 1 1 1
6 0 0 1 1 1 1
6 0 0 1 1 1 1
7 0 0 0 0 0 1
7 0 0 0 0 0 1
7 0 0 0 0 0 1
7 0 0 1 1 1 1
7 0 0 1 1 1 1
7 0 0 1 1 1 1
7 0 0 1 1 1 1
7 0 0 1 1 1 1
#INFO-GEN
Namespace(bayType=2, francisco=True, meanPort=27, seed=1234, stdPort=16.720144472591628, target40=0, targetCapacity=96, targetHC=40, targetIMO=67, targetPorts=28, targetReefer=44, targetRelease=78, targetWeight=89)
