25 16 56 7 56 1 8
#POD
2 3 4 5 6 7 8 10 11 12 13 14 15 16 17 19 20 21 22 23 24 25 26 27 28
#LOCATIONS
1
#CONTAINERS_TOLOAD
0 0 0 13701.04 2.59 20 21 0 1 0
0 0 0 14778.07 2.59 20 15 0 1 0
0 0 0 9417.86 2.59 20 23 0 1 0
0 0 0 15545.77 2.59 20 8 0 1 0
0 0 0 9162.74 2.59 20 15 0 1 0
0 0 0 10992.54 2.59 20 22 0 1 0
0 0 0 12278.59 2.59 20 14 0 1 0
0 0 0 15561.55 2.59 20 10 0 1 0
0 0 0 9639.73 2.59 20 25 0 1 0
0 0 0 13753.04 2.59 20 17 0 1 0
0 0 0 8377.04 2.59 20 27 0 1 0
0 0 0 14353.56 2.59 20 10 0 1 0
0 0 0 11739.63 2.59 20 27 0 1 0
0 0 0 12304.82 2.59 20 15 0 1 0
0 0 0 10000.63 2.59 20 20 0 1 0
0 0 0 10089.38 2.59 20 19 0 1 0
#CONTAINERS_LOADED
2 3 1 7500.00 2.59 20 6 0 1 0
2 3 -1 7500.00 2.59 20 25 0 1 0
2 4 1 7500.00 2.59 20 16 0 1 0
2 4 -1 7500.00 2.59 20 17 0 1 0
2 5 1 7500.00 2.59 20 13 0 1 0
2 5 -1 7500.00 2.59 20 22 0 1 0
2 6 1 7500.00 2.59 20 21 0 1 0
2 6 -1 7500.00 2.59 20 23 0 1 0
3 1 1 7500.00 2.59 20 23 1 1 1
3 1 -1 7500.00 2.59 20 27 0 1 1
3 2 1 7500.00 2.59 20 17 1 1 1
3 2 -1 7500.00 2.59 20 16 0 1 1
3 3 1 7500.00 2.59 20 7 1 1 1
3 3 -1 7500.00 2.59 20 23 0 1 1
3 4 1 7500.00 2.59 20 26 1 1 4
3 4 -1 7500.00 2.59 20 28 0 1 4
3 5 1 7500.00 2.59 20 11 1 1 0
3 5 -1 7500.00 2.59 20 24 0 1 0
3 6 1 7500.00 2.59 20 23 1 1 4
3 6 -1 7500.00 2.59 20 4 0 1 4
3 7 1 7500.00 2.59 20 14 1 1 1
3 7 -1 7500.00 2.59 20 5 0 1 1
3 8 1 7500.00 2.59 20 19 0 1 1
3 8 -1 7500.00 2.59 20 11 0 1 1
4 1 1 7500.00 2.59 20 17 1 1 0
4 1 -1 7500.00 2.59 20 24 0 1 0
4 2 1 7500.00 2.59 20 20 1 1 0
4 2 -1 7500.00 2.59 20 13 0 1 0
4 3 1 7500.00 2.59 20 17 1 1 0
4 3 -1 7500.00 2.59 20 17 0 1 0
4 4 1 7500.00 2.59 20 10 1 1 0
4 4 -1 7500.00 2.59 20 23 0 1 0
4 5 1 7500.00 2.59 20 27 1 1 0
4 5 -1 7500.00 2.59 20 13 0 1 0
4 6 1 7500.00 2.59 20 28 1 1 0
4 6 -1 7500.00 2.59 20 12 0 1 0
4 7 1 7500.00 2.59 20 8 1 1 0
4 7 -1 7500.00 2.59 20 7 0 1 0
4 8 1 7500.00 2.59 20 21 0 1 0
4 8 -1 7500.00 2.59 20 4 0 1 0
5 1 1 7500.00 2.59 20 28 1 1 1
5 1 -1 7500.00 2.59 20 24 0 1 1
5 2 1 7500.00 2.59 20 28 1 1 1
5 2 -1 7500.00 2.59 20 2 0 1 1
5 3 1 7500.00 2.59 20 8 1 1 1
5 3 -1 7500.00 2.59 20 21 0 1 1
5 4 1 7500.00 2.59 20 13 1 1 4
5 4 -1 7500.00 2.59 20 26 0 1 4
5 5 1 7500.00 2.59 20 19 1 1 1
5 5 -1 7500.00 2.59 20 25 0 1 1
5 6 1 7500.00 2.59 20 22 1 1 4
5 6 -1 7500.00 2.59 20 23 0 1 4
5 7 1 7500.00 2.59 20 3 1 1 0
5 7 -1 7500.00 2.59 20 25 0 1 0
5 8 1 7500.00 2.59 20 25 0 1 0
5 8 -1 7500.00 2.59 20 17 0 1 0
#STACKS
75000.00 12.95 1
90000.00 15.54 1
120000.00 20.72 1
120000.00 20.72 1
120000.00 20.72 1
90000.00 15.54 1
75000.00 12.95 1
#CELLS
1 0 0 0 0 0 1
1 0 0 0 0 0 1
1 0 0 0 0 0 1
1 0 0 1 1 1 1
1 0 0 1 1 1 1
1 0 0 1 1 1 1
1 0 0 1 1 1 1
1 0 0 1 1 1 1
2 0 0 0 0 0 1
2 0 0 0 0 0 1
2 0 0 1 1 1 1
2 0 0 1 1 1 1
2 0 0 1 1 1 1
2 0 0 1 1 1 1
2 0 0 1 1 1 1
2 0 0 1 1 1 1
3 0 1 1 1 1 1
3 0 1 1 1 1 1
3 0 1 1 1 1 1
3 0 1 1 1 1 1
3 0 1 1 1 1 1
3 0 1 1 1 1 1
3 0 1 1 1 1 1
3 0 0 1 1 1 1
4 0 1 1 1 1 1
4 0 1 1 1 1 1
4 0 1 1 1 1 1
4 0 1 1 1 1 1
4 0 1 1 1 1 1
4 0 1 1 1 1 1
4 0 1 1 1 1 1
4 0 0 1 1 1 1
5 0 1 1 1 1 1
5 0 1 1 1 1 1
5 0 1 1 1 1 1
5 0 1 1 1 1 1
5 0 1 1 1 1 1
5 0 1 1 1 1 1
5 0 1 1 1 1 1
5 0 0 1 1 1 1
6 0 0 0 0 0 1
6 0 0 0 0 0 1
6 0 0 1 1 1 1
6 0 0 1 1 1 1
6 0 0 1 1 1 1
6 0 0 1 1 1 1
6 0 0 1 1 1 1
6 0 0 1 1 1 1
7 0 0 0 0 0 1
7 0 0 0 0 0 1
7 0 0 0 0 0 1
7 0 0 1 1 1 1
7 0 0 1 1 1 1
7 0 0 1 1 1 1
7 0 0 1 1 1 1
7 0 0 1 1 1 1
#INFO-GEN
Namespace(bayType=2, francisco=True, meanPort=27, seed=1234, stdPort=16.720144472591628, target40=0, targetCapacity=80, targetHC=50, targetIMO=67, targetPorts=28, targetReefer=44, targetRelease=78, targetWeight=71)
