17 26 41 7 56 1 8
#POD
2 4 6 7 8 9 10 11 12 13 14 15 16 17 18 19 20
#LOCATIONS
1
#CONTAINERS_TOLOAD
0 0 0 12004.57 2.59 20 6 0 1 2
0 0 0 5860.73 2.59 20 9 0 1 2
0 0 0 7861.51 2.59 20 12 0 1 2
0 0 0 12737.05 2.59 20 11 0 1 2
0 0 0 4851.20 2.59 20 12 0 1 0
0 0 0 11330.50 2.59 20 15 0 1 0
0 0 0 4908.85 2.59 20 8 0 1 2
0 0 0 9917.40 2.59 20 17 0 1 2
0 0 0 7906.71 2.59 20 16 0 1 2
0 0 0 8369.56 2.59 20 8 0 1 2
0 0 0 8543.48 2.59 20 10 0 1 0
0 0 0 11102.46 2.59 20 16 0 1 0
0 0 0 5693.64 2.59 20 12 0 1 0
0 0 0 9664.08 2.59 20 14 0 1 0
0 0 0 6480.57 2.59 20 19 0 1 0
0 0 0 11378.78 2.59 20 4 0 1 0
0 0 0 7097.85 2.59 20 9 0 1 0
0 0 0 7233.86 2.59 20 2 0 1 0
0 0 0 12965.80 2.59 20 9 0 1 0
0 0 0 4238.05 2.59 20 15 0 1 0
0 0 0 12265.82 2.59 40 9 0 1 0
0 0 0 4421.27 2.59 40 15 0 1 0
0 0 0 10604.59 2.59 40 12 0 1 0
0 0 0 8488.91 2.59 40 13 0 1 0
0 0 0 8962.36 2.59 40 18 0 1 0
0 0 0 5590.41 2.59 40 2 0 1 0
#CONTAINERS_LOADED
2 3 1 7500.00 2.59 20 6 0 1 0
2 3 -1 7500.00 2.59 20 4 0 1 0
3 1 1 7500.00 2.59 20 6 1 1 0
3 1 -1 7500.00 2.59 20 16 0 1 0
3 2 1 7500.00 2.59 20 12 1 1 1
3 2 -1 7500.00 2.59 20 8 0 1 1
3 3 1 7500.00 2.59 20 11 1 1 0
3 3 -1 7500.00 2.59 20 14 0 1 0
3 4 1 7500.00 2.59 20 17 1 1 0
3 4 -1 7500.00 2.59 20 18 0 1 0
3 5 1 7500.00 2.59 20 19 1 1 0
3 5 -1 7500.00 2.59 20 18 0 1 0
3 6 1 7500.00 2.59 20 11 1 1 1
3 6 -1 7500.00 2.59 20 20 0 1 1
3 7 1 7500.00 2.59 20 12 1 1 1
3 7 -1 7500.00 2.59 20 17 0 1 1
3 8 1 7500.00 2.59 20 7 0 1 1
3 8 -1 7500.00 2.59 20 15 0 1 1
4 1 1 7500.00 2.59 20 16 1 1 0
4 1 -1 7500.00 2.59 20 17 0 1 0
4 2 1 7500.00 2.59 20 12 1 1 0
4 2 -1 7500.00 2.59 20 19 0 1 0
4 3 1 7500.00 2.59 20 12 1 1 0
4 3 -1 7500.00 2.59 20 2 0 1 0
4 4 1 7500.00 2.59 20 16 1 1 0
4 4 -1 7500.00 2.59 20 19 0 1 0
4 5 1 7500.00 2.59 20 7 1 1 0
4 5 -1 7500.00 2.59 20 19 0 1 0
4 6 1 7500.00 2.59 20 6 1 1 0
4 6 -1 7500.00 2.59 20 11 0 1 0
4 7 1 7500.00 2.59 20 7 1 1 0
4 7 -1 7500.00 2.59 20 6 0 1 0
4 8 0 15000.00 2.59 40 7 0 1 0
5 1 0 15000.00 2.59 40 13 1 1 0
5 2 0 15000.00 2.59 40 8 1 1 1
5 3 0 15000.00 2.59 40 9 1 1 4
5 4 0 15000.00 2.59 40 15 1 1 4
5 5 0 15000.00 2.59 40 13 1 1 4
5 6 0 15000.00 2.59 40 12 1 1 1
5 7 0 15000.00 2.59 40 8 1 1 0
5 8 0 15000.00 2.59 40 14 0 1 1
#STACKS
75000.00 12.95 1
90000.00 15.54 1
120000.00 20.72 1
120000.00 20.72 1
120000.00 20.72 1
90000.00 15.54 1
75000.00 12.95 1
#CELLS
1 0 0 0 0 0 1
1 0 0 0 0 0 1
1 0 0 0 0 0 1
1 0 0 1 1 1 1
1 0 0 1 1 1 1
1 0 0 1 1 1 1
1 0 0 1 1 1 1
1 0 0 1 1 1 1
2 0 0 0 0 0 1
2 0 0 0 0 0 1
2 0 0 1 1 1 1
2 0 0 1 1 1 1
2 0 0 1 1 1 1
2 0 0 1 1 1 1
2 0 0 1 1 1 1
2 0 0 1 1 1 1
3 0 1 1 1 1 1
3 0 1 1 1 1 1
3 0 1 1 1 1 1
3 0 1 1 1 1 1
3 0 1 1 1 1 1
3 0 1 1 1 1 1
3 0 1 1 1 1 1
3 0 0 1 1 1 1
4 0 1 1 1 1 1
4 0 1 1 1 1 1
4 0 1 1 1 1 1
4 0 1 1 1 1 1
4 0 1 1 1 1 1
4 0 1 1 1 1 1
4 0 1 1 1 1 1
4 0 0 1 1 1 1
5 0 1 1 1 1 1
5 0 1 1 1 1 1
5 0 1 1 1 1 1
5 0 1 1 1 1 1
5 0 1 1 1 1 1
5 0 1 1 1 1 1
5 0 1 1 1 1 1
5 0 0 1 1 1 1
6 0 0 0 0 0 1
6 0 0 0 0 0 1
6 0 0 1 1 1 1
6 0 0 1 1 1 1
6 0 0 1 1 1 1
6 0 0 1 1 1 1
6 0 0 1 1 1 1
6 0 0 1 1 1 1
7 0 0 0 0 0 1
7 0 0 0 0 0 1
7 0 0 0 0 0 1
7 0 0 1 1 1 1
7 0 0 1 1 1 1
7 0 0 1 1 1 1
7 0 0 1 1 1 1
7 0 0 1 1 1 1
#INFO-GEN
Namespace(bayType=2, francisco=True, meanPort=13, seed=3456, stdPort=5.199924608022632, target40=38, targetCapacity=90, targetHC=0, targetIMO=78, targetPorts=26, targetReefer=79, targetRelease=64, targetWeight=70)
