21 25 44 7 56 1 8
#POD
2 3 4 5 6 7 8 9 10 11 12 13 14 15 16 17 18 19 20 21 22
#LOCATIONS
1
#CONTAINERS_TOLOAD
0 0 0 14436.47 2.59 20 15 0 1 2
0 0 0 6633.33 2.59 20 12 0 1 2
0 0 0 9174.48 2.59 20 20 0 1 0
0 0 0 15366.77 2.59 20 10 0 1 0
0 0 0 5351.15 2.59 20 17 0 1 2
0 0 0 13580.34 2.59 20 6 0 1 2
0 0 0 5424.38 2.59 20 16 0 1 2
0 0 0 11785.60 2.59 20 15 0 1 2
0 0 0 9231.88 2.59 20 6 0 1 0
0 0 0 9819.73 2.59 20 5 0 1 0
0 0 0 10040.62 2.59 20 3 0 1 0
0 0 0 13290.71 2.59 20 19 0 1 0
0 0 0 6421.11 2.59 20 21 0 1 0
0 0 0 11463.87 2.59 20 11 0 1 0
0 0 0 7420.57 2.59 20 15 0 1 0
0 0 0 13641.66 2.59 20 9 0 1 0
0 0 0 8204.57 2.59 20 9 0 1 0
0 0 0 8377.31 2.59 20 5 0 1 0
0 0 0 15657.30 2.59 40 2 0 1 0
0 0 0 4572.41 2.59 40 17 0 1 0
0 0 0 14768.27 2.59 40 21 0 1 0
0 0 0 4805.12 2.59 40 7 0 1 0
0 0 0 12658.39 2.90 40 11 0 1 0
0 0 0 9971.32 2.59 40 12 0 1 0
0 0 0 6902.63 2.59 40 17 0 1 4
#CONTAINERS_LOADED
2 3 1 7500.00 2.59 20 11 0 1 0
2 3 -1 7500.00 2.59 20 15 0 1 0
2 4 1 7500.00 2.59 20 10 0 1 0
2 4 -1 7500.00 2.59 20 17 0 1 0
3 1 1 7500.00 2.59 20 19 1 1 0
3 1 -1 7500.00 2.59 20 11 0 1 0
3 2 1 7500.00 2.59 20 13 1 1 4
3 2 -1 7500.00 2.59 20 14 0 1 4
3 3 1 7500.00 2.59 20 11 1 1 3
3 3 -1 7500.00 2.59 20 6 0 1 3
3 4 1 7500.00 2.59 20 12 1 1 3
3 4 -1 7500.00 2.59 20 22 0 1 3
3 5 1 7500.00 2.59 20 9 1 1 0
3 5 -1 7500.00 2.59 20 15 0 1 0
3 6 1 7500.00 2.59 20 10 1 1 3
3 6 -1 7500.00 2.59 20 3 0 1 3
3 7 1 7500.00 2.59 20 11 1 1 4
3 7 -1 7500.00 2.59 20 21 0 1 4
3 8 1 7500.00 2.59 20 12 0 1 4
3 8 -1 7500.00 2.59 20 19 0 1 4
4 1 1 7500.00 2.59 20 18 1 1 0
4 1 -1 7500.00 2.59 20 11 0 1 0
4 2 1 7500.00 2.59 20 12 1 1 0
4 2 -1 7500.00 2.59 20 12 0 1 0
4 3 1 7500.00 2.59 20 8 1 1 0
4 3 -1 7500.00 2.59 20 10 0 1 0
4 4 1 7500.00 2.59 20 8 1 1 0
4 4 -1 7500.00 2.59 20 15 0 1 0
4 5 1 7500.00 2.59 20 2 1 1 0
4 5 -1 7500.00 2.59 20 10 0 1 0
4 6 1 7500.00 2.59 20 16 1 1 0
4 6 -1 7500.00 2.59 20 15 0 1 0
4 7 1 7500.00 2.59 20 6 1 1 0
4 7 -1 7500.00 2.59 20 3 0 1 0
4 8 1 7500.00 2.59 20 9 0 1 0
4 8 -1 7500.00 2.59 20 22 0 1 0
5 1 0 15000.00 2.59 40 14 1 1 0
5 2 0 15000.00 2.59 40 8 1 1 4
5 3 0 15000.00 2.59 40 16 1 1 0
5 4 0 15000.00 2.59 40 4 1 1 1
5 5 0 15000.00 2.59 40 16 1 1 4
5 6 0 15000.00 2.59 40 5 1 1 4
5 7 0 15000.00 2.59 40 14 1 1 1
5 8 0 15000.00 2.59 40 15 0 1 1
#STACKS
75000.00 12.95 1
90000.00 15.54 1
120000.00 20.72 1
120000.00 20.72 1
120000.00 20.72 1
90000.00 15.54 1
75000.00 12.95 1
#CELLS
1 0 0 0 0 0 1
1 0 0 0 0 0 1
1 0 0 0 0 0 1
1 0 0 1 1 1 1
1 0 0 1 1 1 1
1 0 0 1 1 1 1
1 0 0 1 1 1 1
1 0 0 1 1 1 1
2 0 0 0 0 0 1
2 0 0 0 0 0 1
2 0 0 1 1 1 1
2 0 0 1 1 1 1
2 0 0 1 1 1 1
2 0 0 1 1 1 1
2 0 0 1 1 1 1
2 0 0 1 1 1 1
3 0 1 1 1 1 1
3 0 1 1 1 1 1
3 0 1 1 1 1 1
3 0 1 1 1 1 1
3 0 1 1 1 1 1
3 0 1 1 1 1 1
3 0 1 1 1 1 1
3 0 0 1 1 1 1
4 0 1 1 1 1 1
4 0 1 1 1 1 1
4 0 1 1 1 1 1
4 0 1 1 1 1 1
4 0 1 1 1 1 1
4 0 1 1 1 1 1
4 0 1 1 1 1 1
4 0 0 1 1 1 1
5 0 1 1 1 1 1
5 0 1 1 1 1 1
5 0 1 1 1 1 1
5 0 1 1 1 1 1
5 0 1 1 1 1 1
5 0 1 1 1 1 1
5 0 1 1 1 1 1
5 0 0 1 1 1 1
6 0 0 0 0 0 1
6 0 0 0 0 0 1
6 0 0 1 1 1 1
6 0 0 1 1 1 1
6 0 0 1 1 1 1
6 0 0 1 1 1 1
6 0 0 1 1 1 1
6 0 0 1 1 1 1
7 0 0 0 0 0 1
7 0 0 0 0 0 1
7 0 0 0 0 0 1
7 0 0 1 1 1 1
7 0 0 1 1 1 1
7 0 0 1 1 1 1
7 0 0 1 1 1 1
7 0 0 1 1 1 1
#INFO-GEN
Namespace(bayType=2, francisco=True, meanPort=13, seed=3456, stdPort=5.199924608022632, target40=38, targetCapacity=93, targetHC=10, targetIMO=78, targetPorts=26, targetReefer=79, targetRelease=64, targetWeight=83)
