5 17 12 5 40 1 8
#POD
1 2 3 4 5
#LOCATIONS
1
#CONTAINERS_TOLOAD
0 0 0 9647.48 2.59 20 1 0 1 0
0 0 0 12174.67 2.59 20 2 0 1 0
0 0 0 4744.28 2.59 20 2 0 1 0
0 0 0 9589.99 2.59 20 4 0 1 0
0 0 0 9802.39 2.59 20 2 0 1 0
0 0 0 10748.54 2.59 20 3 0 1 0
0 0 0 5311.13 2.59 20 3 1 1 0
0 0 0 14109.29 2.59 20 2 0 1 0
0 0 0 3381.68 2.59 20 1 1 1 0
0 0 0 13295.34 2.59 20 4 0 1 0
0 0 0 4401.44 2.59 20 2 0 1 0
0 0 0 14178.30 2.59 20 3 0 1 0
0 0 0 3557.45 2.59 20 2 0 1 0
0 0 0 14088.36 2.59 20 2 0 1 0
0 0 0 3490.97 2.59 40 5 0 1 0
0 0 0 11580.78 2.59 40 3 0 1 0
0 0 0 5888.92 2.90 40 5 1 1 0
#CONTAINERS_LOADED
3 1 1 7500.00 2.59 20 1 1 1 0
3 1 -1 7500.00 2.59 20 2 0 1 0
3 2 1 7500.00 2.59 20 2 1 1 1
3 2 -1 7500.00 2.59 20 3 0 1 1
3 3 1 7500.00 2.59 20 4 1 1 0
3 3 -1 7500.00 2.59 20 1 0 1 0
3 4 1 7500.00 2.59 20 2 1 1 4
3 4 -1 7500.00 2.59 20 4 0 1 4
3 5 1 7500.00 2.59 20 5 1 1 0
3 5 -1 7500.00 2.59 20 3 0 1 0
3 6 1 7500.00 2.59 20 5 0 1 0
3 6 -1 7500.00 2.59 20 3 0 1 0
#STACKS
60000.00 10.36 1
75000.00 12.95 1
120000.00 20.72 1
75000.00 12.95 1
60000.00 10.36 1
#CELLS
1 0 0 0 0 0 1
1 0 0 0 0 0 1
1 0 0 0 0 0 1
1 0 0 0 0 0 1
1 0 0 1 1 1 1
1 0 0 1 1 1 1
1 0 0 1 1 1 1
1 0 0 1 1 1 1
2 0 0 0 0 0 1
2 0 0 0 0 0 1
2 0 0 0 0 0 1
2 0 1 1 1 1 1
2 0 1 1 1 1 1
2 0 0 1 1 1 1
2 0 0 1 1 1 1
2 0 0 1 1 1 1
3 0 1 1 1 1 1
3 0 1 1 1 1 1
3 0 1 1 1 1 1
3 0 1 1 1 1 1
3 0 1 1 1 1 1
3 0 0 1 1 1 1
3 0 0 1 1 1 1
3 0 0 1 1 1 1
4 0 0 0 0 0 1
4 0 0 0 0 0 1
4 0 0 0 0 0 1
4 0 1 1 1 1 1
4 0 1 1 1 1 1
4 0 0 1 1 1 1
4 0 0 1 1 1 1
4 0 0 1 1 1 1
5 0 0 0 0 0 1
5 0 0 0 0 0 1
5 0 0 0 0 0 1
5 0 0 0 0 0 1
5 0 0 1 1 1 1
5 0 0 1 1 1 1
5 0 0 1 1 1 1
5 0 0 1 1 1 1
#INFO-GEN
Namespace(bayType=1, francisco=True, meanPort=3, seed=6927, stdPort=1.2414811390692533, target40=23, targetCapacity=64, targetHC=51, targetIMO=33, targetPorts=6, targetReefer=87, targetRelease=44, targetWeight=50)
