17 24 46 7 56 1 8
#POD
2 4 6 7 8 9 10 11 12 13 14 15 16 17 18 19 20
#LOCATIONS
1
#CONTAINERS_TOLOAD
0 0 0 12509.03 2.59 20 6 0 1 2
0 0 0 6020.99 2.59 20 9 0 1 2
0 0 0 8133.86 2.59 20 12 0 1 2
0 0 0 13282.54 2.59 20 11 0 1 2
0 0 0 4954.90 2.59 20 12 0 1 0
0 0 0 11797.19 2.59 20 15 0 1 0
0 0 0 5015.79 2.59 20 8 0 1 2
0 0 0 10304.92 2.59 20 17 0 1 2
0 0 0 8181.60 2.59 20 16 0 1 2
0 0 0 8670.37 2.59 20 8 0 1 2
0 0 0 8854.04 2.59 20 10 0 1 0
0 0 0 11556.37 2.59 20 16 0 1 0
0 0 0 5844.54 2.59 20 12 0 1 0
0 0 0 10037.42 2.59 20 14 0 1 0
0 0 0 6675.55 2.59 20 19 0 1 0
0 0 0 11848.18 2.59 20 4 0 1 0
0 0 0 7327.42 2.59 40 9 0 1 0
0 0 0 7471.05 2.59 40 2 0 1 0
0 0 0 13524.11 2.59 40 9 0 1 0
0 0 0 4307.41 2.90 40 15 0 1 0
0 0 0 12784.91 2.90 40 9 0 1 0
0 0 0 4500.89 2.59 40 15 0 1 0
0 0 0 11030.62 2.59 40 12 0 1 2
0 0 0 6254.32 2.59 40 13 0 1 2
#CONTAINERS_LOADED
2 3 1 7500.00 2.59 20 18 0 1 0
2 3 -1 7500.00 2.59 20 2 0 1 0
2 4 1 7500.00 2.59 20 6 0 1 0
2 4 -1 7500.00 2.59 20 4 0 1 0
2 5 1 7500.00 2.59 20 6 0 1 0
2 5 -1 7500.00 2.59 20 16 0 1 0
3 1 1 7500.00 2.59 20 12 1 1 0
3 1 -1 7500.00 2.59 20 8 0 1 0
3 2 1 7500.00 2.59 20 11 1 1 1
3 2 -1 7500.00 2.59 20 14 0 1 1
3 3 1 7500.00 2.59 20 17 1 1 1
3 3 -1 7500.00 2.59 20 18 0 1 1
3 4 1 7500.00 2.59 20 19 1 1 1
3 4 -1 7500.00 2.59 20 18 0 1 1
3 5 1 7500.00 2.59 20 11 1 1 4
3 5 -1 7500.00 2.59 20 20 0 1 4
3 6 1 7500.00 2.59 20 12 1 1 1
3 6 -1 7500.00 2.59 20 17 0 1 1
3 7 1 7500.00 2.59 20 7 1 1 0
3 7 -1 7500.00 2.59 20 15 0 1 0
3 8 1 7500.00 2.59 20 16 0 1 0
3 8 -1 7500.00 2.59 20 17 0 1 0
4 1 1 7500.00 2.59 20 12 1 1 0
4 1 -1 7500.00 2.59 20 19 0 1 0
4 2 1 7500.00 2.59 20 12 1 1 0
4 2 -1 7500.00 2.59 20 2 0 1 0
4 3 1 7500.00 2.59 20 16 1 1 0
4 3 -1 7500.00 2.59 20 19 0 1 0
4 4 1 7500.00 2.59 20 7 1 1 0
4 4 -1 7500.00 2.59 20 19 0 1 0
4 5 1 7500.00 2.59 20 6 1 1 0
4 5 -1 7500.00 2.59 20 11 0 1 0
4 6 1 7500.00 2.59 20 7 1 1 0
4 6 -1 7500.00 2.59 20 6 0 1 0
4 7 1 7500.00 2.59 20 7 1 1 0
4 7 -1 7500.00 2.59 20 13 0 1 0
4 8 1 7500.00 2.59 20 8 0 1 0
4 8 -1 7500.00 2.59 20 9 0 1 0
5 1 0 15000.00 2.59 40 15 1 1 4
5 2 0 15000.00 2.59 40 13 1 1 1
5 3 0 15000.00 2.59 40 12 1 1 0
5 4 0 15000.00 2.59 40 8 1 1 4
5 5 0 15000.00 2.59 40 14 1 1 0
5 6 0 15000.00 2.59 40 2 1 1 0
5 7 0 15000.00 2.59 40 18 1 1 4
5 8 0 15000.00 2.59 40 17 0 1 1
#STACKS
75000.00 12.95 1
90000.00 15.54 1
120000.00 20.72 1
120000.00 20.72 1
120000.00 20.72 1
90000.00 15.54 1
75000.00 12.95 1
#CELLS
1 0 0 0 0 0 1
1 0 0 0 0 0 1
1 0 0 0 0 0 1
1 0 0 1 1 1 1
1 0 0 1 1 1 1
1 0 0 1 1 1 1
1 0 0 1 1 1 1
1 0 0 1 1 1 1
2 0 0 0 0 0 1
2 0 0 0 0 0 1
2 0 0 1 1 1 1
2 0 0 1 1 1 1
2 0 0 1 1 1 1
2 0 0 1 1 1 1
2 0 0 1 1 1 1
2 0 0 1 1 1 1
3 0 1 1 1 1 1
3 0 1 1 1 1 1
3 0 1 1 1 1 1
3 0 1 1 1 1 1
3 0 1 1 1 1 1
3 0 1 1 1 1 1
3 0 1 1 1 1 1
3 0 0 1 1 1 1
4 0 1 1 1 1 1
4 0 1 1 1 1 1
4 0 1 1 1 1 1
4 0 1 1 1 1 1
4 0 1 1 1 1 1
4 0 1 1 1 1 1
4 0 1 1 1 1 1
4 0 0 1 1 1 1
5 0 1 1 1 1 1
5 0 1 1 1 1 1
5 0 1 1 1 1 1
5 0 1 1 1 1 1
5 0 1 1 1 1 1
5 0 1 1 1 1 1
5 0 1 1 1 1 1
5 0 0 1 1 1 1
6 0 0 0 0 0 1
6 0 0 0 0 0 1
6 0 0 1 1 1 1
6 0 0 1 1 1 1
6 0 0 1 1 1 1
6 0 0 1 1 1 1
6 0 0 1 1 1 1
6 0 0 1 1 1 1
7 0 0 0 0 0 1
7 0 0 0 0 0 1
7 0 0 0 0 0 1
7 0 0 1 1 1 1
7 0 0 1 1 1 1
7 0 0 1 1 1 1
7 0 0 1 1 1 1
7 0 0 1 1 1 1
#INFO-GEN
Namespace(bayType=2, francisco=True, meanPort=13, seed=3456, stdPort=5.199924608022632, target40=38, targetCapacity=95, targetHC=50, targetIMO=78, targetPorts=26, targetReefer=79, targetRelease=64, targetWeight=74)
