11 51 24 7 56 1 8
#POD
1 2 3 4 5 6 7 8 9 10 11
#LOCATIONS
1
#CONTAINERS_TOLOAD
0 0 0 8255.41 2.59 20 1 0 1 0
0 0 0 11614.22 2.59 20 5 0 1 0
0 0 0 4013.25 2.59 20 7 0 1 2
0 0 0 7729.85 2.59 20 7 0 1 2
0 0 0 11301.40 2.59 20 5 0 1 2
0 0 0 4237.31 2.59 20 2 0 1 2
0 0 0 10750.38 2.59 20 5 0 1 2
0 0 0 5267.09 2.59 20 9 0 1 2
0 0 0 8723.83 2.59 20 3 0 1 2
0 0 0 8299.35 2.59 20 4 0 1 2
0 0 0 6544.97 2.59 20 2 0 1 0
0 0 0 9686.67 2.59 20 9 0 1 0
0 0 0 6078.90 2.59 20 3 0 1 0
0 0 0 7857.27 2.59 20 2 0 1 0
0 0 0 7029.43 2.59 20 11 0 1 0
0 0 0 10300.58 2.59 20 1 0 1 0
0 0 0 5047.29 2.59 20 11 0 1 0
0 0 0 8407.81 2.59 20 9 0 1 0
0 0 0 8491.85 2.59 20 4 0 1 0
0 0 0 7994.51 2.59 20 2 0 1 0
0 0 0 6731.84 2.59 20 7 0 1 0
0 0 0 10254.32 2.59 20 11 0 1 0
0 0 0 6056.31 2.59 20 9 0 1 1
0 0 0 7615.75 2.59 20 7 0 1 1
0 0 0 10283.59 2.59 20 7 0 1 4
0 0 0 4806.08 2.59 20 3 0 1 4
0 0 0 9973.66 2.59 20 6 0 1 4
0 0 0 5812.81 2.59 20 7 0 1 4
0 0 0 8871.75 2.59 20 7 0 1 4
0 0 0 8170.31 2.59 20 8 0 1 4
0 0 0 5752.10 2.59 40 5 0 1 0
0 0 0 11404.18 2.59 40 1 0 1 4
0 0 0 4353.61 2.59 40 7 0 1 4
0 0 0 7743.51 2.59 40 4 0 1 3
0 0 0 10322.14 2.59 20 9 0 1 4
0 0 0 6233.95 2.59 20 3 0 1 4
0 0 0 9968.32 2.59 20 5 1 1 4
0 0 0 4482.22 2.59 20 10 0 1 4
0 0 0 9795.13 2.59 20 10 1 1 4
0 0 0 7070.51 2.59 20 7 0 1 4
0 0 0 8885.63 2.59 20 10 1 1 4
0 0 0 5899.53 2.59 20 4 0 1 4
0 0 0 8413.09 2.59 40 2 0 1 0
0 0 0 9769.85 2.59 40 5 0 1 0
0 0 0 5254.42 2.59 40 5 0 1 0
0 0 0 9212.55 2.59 40 7 0 1 0
0 0 0 8035.22 2.59 40 11 0 1 0
0 0 0 6189.61 2.59 40 8 0 1 0
0 0 0 8158.80 2.59 40 6 0 1 4
0 0 0 9237.28 2.59 40 11 0 1 0
0 0 0 5410.56 2.59 40 7 0 1 1
#CONTAINERS_LOADED
3 1 1 7500.00 2.59 20 6 1 1 0
3 1 -1 7500.00 2.59 20 7 0 1 0
3 2 1 7500.00 2.59 20 2 1 1 1
3 2 -1 7500.00 2.59 20 7 0 1 1
3 3 1 7500.00 2.59 20 4 1 1 4
3 3 -1 7500.00 2.59 20 5 0 1 4
3 4 1 7500.00 2.59 20 9 1 1 1
3 4 -1 7500.00 2.59 20 9 0 1 1
4 1 1 7500.00 2.59 20 4 1 1 0
4 1 -1 7500.00 2.59 20 3 0 1 0
4 2 1 7500.00 2.59 20 5 1 1 0
4 2 -1 7500.00 2.59 20 1 0 1 0
4 3 1 7500.00 2.59 20 3 1 1 0
4 3 -1 7500.00 2.59 20 2 0 1 0
4 4 1 7500.00 2.59 20 9 1 1 0
4 4 -1 7500.00 2.59 20 9 0 1 0
4 5 1 7500.00 2.59 20 11 1 1 0
4 5 -1 7500.00 2.59 20 1 0 1 0
4 6 1 7500.00 2.59 20 7 1 1 0
4 6 -1 7500.00 2.59 20 5 0 1 0
4 7 1 7500.00 2.59 20 5 1 1 0
4 7 -1 7500.00 2.59 20 5 0 1 0
4 8 1 7500.00 2.59 20 10 0 1 0
4 8 -1 7500.00 2.59 20 9 0 1 0
#STACKS
75000.00 12.95 1
90000.00 15.54 1
120000.00 20.72 1
120000.00 20.72 1
120000.00 20.72 1
90000.00 15.54 1
75000.00 12.95 1
#CELLS
1 0 0 0 0 0 1
1 0 0 0 0 0 1
1 0 0 0 0 0 1
1 0 0 1 1 1 1
1 0 0 1 1 1 1
1 0 0 1 1 1 1
1 0 0 1 1 1 1
1 0 0 1 1 1 1
2 0 0 0 0 0 1
2 0 0 0 0 0 1
2 0 0 1 1 1 1
2 0 0 1 1 1 1
2 0 0 1 1 1 1
2 0 0 1 1 1 1
2 0 0 1 1 1 1
2 0 0 1 1 1 1
3 0 1 1 1 1 1
3 0 1 1 1 1 1
3 0 1 1 1 1 1
3 0 1 1 1 1 1
3 0 1 1 1 1 1
3 0 1 1 1 1 1
3 0 1 1 1 1 1
3 0 0 1 1 1 1
4 0 1 1 1 1 1
4 0 1 1 1 1 1
4 0 1 1 1 1 1
4 0 1 1 1 1 1
4 0 1 1 1 1 1
4 0 1 1 1 1 1
4 0 1 1 1 1 1
4 0 0 1 1 1 1
5 0 1 1 1 1 1
5 0 1 1 1 1 1
5 0 1 1 1 1 1
5 0 1 1 1 1 1
5 0 1 1 1 1 1
5 0 1 1 1 1 1
5 0 1 1 1 1 1
5 0 0 1 1 1 1
6 0 0 0 0 0 1
6 0 0 0 0 0 1
6 0 0 1 1 1 1
6 0 0 1 1 1 1
6 0 0 1 1 1 1
6 0 0 1 1 1 1
6 0 0 1 1 1 1
6 0 0 1 1 1 1
7 0 0 0 0 0 1
7 0 0 0 0 0 1
7 0 0 0 0 0 1
7 0 0 1 1 1 1
7 0 0 1 1 1 1
7 0 0 1 1 1 1
7 0 0 1 1 1 1
7 0 0 1 1 1 1
#INFO-GEN
Namespace(bayType=2, francisco=True, meanPort=3, seed=2344, stdPort=9.060412580630677, target40=31, targetCapacity=97, targetHC=0, targetIMO=70, targetPorts=11, targetReefer=30, targetRelease=30, targetWeight=78)
