11 44 22 7 56 1 8
#POD
1 2 3 4 5 6 7 8 9 10 11
#LOCATIONS
1
#CONTAINERS_TOLOAD
0 0 0 11472.16 2.59 20 11 0 1 2
0 0 0 16886.84 2.59 20 1 0 1 2
0 0 0 4633.45 2.59 20 10 0 1 2
0 0 0 10624.91 2.59 20 2 0 1 2
0 0 0 16382.55 2.59 20 10 0 1 2
0 0 0 4994.65 2.59 20 2 0 1 2
0 0 0 15494.26 2.59 20 4 0 1 0
0 0 0 6654.73 2.59 20 4 0 1 0
0 0 0 12227.28 2.59 20 5 0 1 0
0 0 0 11543.00 2.59 20 7 0 1 0
0 0 0 8714.79 2.59 20 2 0 1 0
0 0 0 13779.47 2.59 20 1 0 1 0
0 0 0 7963.44 2.59 20 3 0 1 0
0 0 0 10830.32 2.59 20 9 0 1 0
0 0 0 9495.78 2.59 20 3 0 1 0
0 0 0 14769.14 2.59 20 10 0 1 0
0 0 0 6300.40 2.59 20 6 0 1 0
0 0 0 11717.85 2.59 20 2 0 1 0
0 0 0 11853.32 2.59 20 1 0 1 4
0 0 0 11051.56 2.59 20 3 0 1 4
0 0 0 9016.03 2.59 20 11 0 1 0
0 0 0 14694.56 2.59 20 5 0 1 0
0 0 0 7927.03 2.59 20 7 0 1 4
0 0 0 10440.97 2.59 20 1 0 1 4
0 0 0 14741.75 2.59 20 9 0 1 4
0 0 0 5911.54 2.59 20 8 0 1 4
0 0 0 14242.12 2.59 20 6 0 1 4
0 0 0 7534.49 2.59 20 4 0 1 4
0 0 0 12465.75 2.59 40 1 0 1 4
0 0 0 11334.98 2.59 40 10 0 1 0
0 0 0 7436.62 2.59 40 4 0 1 1
0 0 0 16548.25 2.59 40 11 0 1 0
0 0 0 5182.13 2.59 40 11 0 1 1
0 0 0 10646.94 2.59 40 6 1 1 4
0 0 0 14803.90 2.59 20 3 1 1 0
0 0 0 8213.39 2.59 20 8 0 1 0
0 0 0 14233.52 2.59 20 5 1 1 0
0 0 0 5389.47 2.59 20 2 0 1 0
0 0 0 13954.31 2.59 40 4 0 1 0
0 0 0 9562.01 2.59 40 9 0 1 0
0 0 0 12488.13 2.59 40 10 0 1 0
0 0 0 7674.28 2.59 40 7 0 1 0
0 0 0 11726.35 2.59 40 7 0 1 0
0 0 0 8913.59 2.90 40 1 0 1 0
#CONTAINERS_LOADED
3 1 1 7500.00 2.59 20 8 1 1 1
3 1 -1 7500.00 2.59 20 9 0 1 1
3 2 1 7500.00 2.59 20 1 1 1 4
3 2 -1 7500.00 2.59 20 2 0 1 4
3 3 1 7500.00 2.59 20 1 1 1 1
3 3 -1 7500.00 2.59 20 4 0 1 1
4 1 1 7500.00 2.59 20 1 1 1 0
4 1 -1 7500.00 2.59 20 8 0 1 0
4 2 1 7500.00 2.59 20 3 1 1 0
4 2 -1 7500.00 2.59 20 10 0 1 0
4 3 1 7500.00 2.59 20 4 1 1 0
4 3 -1 7500.00 2.59 20 9 0 1 0
4 4 1 7500.00 2.59 20 3 1 1 0
4 4 -1 7500.00 2.59 20 3 0 1 0
4 5 1 7500.00 2.59 20 2 1 1 0
4 5 -1 7500.00 2.59 20 4 0 1 0
4 6 1 7500.00 2.59 20 4 1 1 0
4 6 -1 7500.00 2.59 20 7 0 1 0
4 7 1 7500.00 2.59 20 3 1 1 0
4 7 -1 7500.00 2.59 20 8 0 1 0
4 8 1 7500.00 2.59 20 2 0 1 0
4 8 -1 7500.00 2.59 20 9 0 1 0
#STACKS
75000.00 12.95 1
90000.00 15.54 1
120000.00 20.72 1
120000.00 20.72 1
120000.00 20.72 1
90000.00 15.54 1
75000.00 12.95 1
#CELLS
1 0 0 0 0 0 1
1 0 0 0 0 0 1
1 0 0 0 0 0 1
1 0 0 1 1 1 1
1 0 0 1 1 1 1
1 0 0 1 1 1 1
1 0 0 1 1 1 1
1 0 0 1 1 1 1
2 0 0 0 0 0 1
2 0 0 0 0 0 1
2 0 0 1 1 1 1
2 0 0 1 1 1 1
2 0 0 1 1 1 1
2 0 0 1 1 1 1
2 0 0 1 1 1 1
2 0 0 1 1 1 1
3 0 1 1 1 1 1
3 0 1 1 1 1 1
3 0 1 1 1 1 1
3 0 1 1 1 1 1
3 0 1 1 1 1 1
3 0 1 1 1 1 1
3 0 1 1 1 1 1
3 0 0 1 1 1 1
4 0 1 1 1 1 1
4 0 1 1 1 1 1
4 0 1 1 1 1 1
4 0 1 1 1 1 1
4 0 1 1 1 1 1
4 0 1 1 1 1 1
4 0 1 1 1 1 1
4 0 0 1 1 1 1
5 0 1 1 1 1 1
5 0 1 1 1 1 1
5 0 1 1 1 1 1
5 0 1 1 1 1 1
5 0 1 1 1 1 1
5 0 1 1 1 1 1
5 0 1 1 1 1 1
5 0 0 1 1 1 1
6 0 0 0 0 0 1
6 0 0 0 0 0 1
6 0 0 1 1 1 1
6 0 0 1 1 1 1
6 0 0 1 1 1 1
6 0 0 1 1 1 1
6 0 0 1 1 1 1
6 0 0 1 1 1 1
7 0 0 0 0 0 1
7 0 0 0 0 0 1
7 0 0 0 0 0 1
7 0 0 1 1 1 1
7 0 0 1 1 1 1
7 0 0 1 1 1 1
7 0 0 1 1 1 1
7 0 0 1 1 1 1
#INFO-GEN
Namespace(bayType=2, francisco=True, meanPort=3, seed=2344, stdPort=9.060412580630677, target40=31, targetCapacity=86, targetHC=10, targetIMO=70, targetPorts=11, targetReefer=30, targetRelease=30, targetWeight=90)
