11 43 22 7 56 1 8
#POD
1 2 3 4 5 6 7 8 9 10 11
#LOCATIONS
1
#CONTAINERS_TOLOAD
0 0 0 11612.30 2.59 20 9 0 1 0
0 0 0 17116.56 2.59 20 9 0 1 0
0 0 0 4660.47 2.59 20 8 0 1 2
0 0 0 10751.04 2.59 20 1 0 1 2
0 0 0 16603.92 2.59 20 5 0 1 0
0 0 0 5027.65 2.59 20 7 0 1 0
0 0 0 15700.93 2.59 20 7 0 1 0
0 0 0 6715.19 2.59 20 5 0 1 0
0 0 0 12379.92 2.59 20 2 0 1 0
0 0 0 11684.32 2.59 20 5 0 1 0
0 0 0 8809.32 2.59 20 9 0 1 0
0 0 0 13957.78 2.59 20 3 0 1 0
0 0 0 8045.55 2.59 20 4 0 1 0
0 0 0 10959.84 2.59 20 2 0 1 0
0 0 0 9603.23 2.59 20 9 0 1 0
0 0 0 14963.82 2.59 20 3 0 1 0
0 0 0 6354.99 2.59 20 2 0 1 0
0 0 0 11862.06 2.59 20 11 0 1 0
0 0 0 11999.77 2.59 20 1 0 1 4
0 0 0 11184.75 2.59 20 11 0 1 4
0 0 0 9115.55 2.59 20 9 0 1 0
0 0 0 14888.01 2.59 20 4 0 1 0
0 0 0 8008.53 2.59 20 2 0 1 0
0 0 0 10564.06 2.59 20 7 0 1 0
0 0 0 14935.98 2.59 20 11 0 1 0
0 0 0 5959.71 2.59 20 9 0 1 0
0 0 0 14428.08 2.59 40 7 0 1 1
0 0 0 7609.50 2.90 40 7 0 1 4
0 0 0 12622.33 2.59 40 3 0 1 4
0 0 0 11472.85 2.59 40 6 0 1 1
0 0 0 7510.01 2.59 40 7 0 1 4
0 0 0 16772.36 2.59 20 7 1 1 4
0 0 0 5218.22 2.59 20 8 0 1 4
0 0 0 10773.43 2.59 20 5 1 1 1
0 0 0 14999.15 2.59 20 1 0 1 1
0 0 0 8299.63 2.59 20 7 1 1 1
0 0 0 14419.34 2.59 20 4 0 1 1
0 0 0 5429.00 2.59 40 9 0 1 0
0 0 0 14135.51 2.59 40 3 0 1 0
0 0 0 9670.55 2.59 40 5 0 1 0
0 0 0 12645.08 2.90 40 10 0 1 0
0 0 0 7751.60 2.90 40 10 0 1 0
0 0 0 10016.11 2.59 40 7 0 1 0
#CONTAINERS_LOADED
3 1 1 7500.00 2.59 20 10 1 1 4
3 1 -1 7500.00 2.59 20 4 0 1 4
3 2 1 7500.00 2.59 20 2 1 1 4
3 2 -1 7500.00 2.59 20 5 0 1 4
3 3 1 7500.00 2.59 20 5 1 1 0
3 3 -1 7500.00 2.59 20 7 0 1 0
4 1 1 7500.00 2.59 20 11 1 1 0
4 1 -1 7500.00 2.59 20 8 0 1 0
4 2 1 7500.00 2.59 20 6 1 1 0
4 2 -1 7500.00 2.59 20 11 0 1 0
4 3 1 7500.00 2.59 20 7 1 1 0
4 3 -1 7500.00 2.59 20 6 0 1 0
4 4 1 7500.00 2.59 20 7 1 1 0
4 4 -1 7500.00 2.59 20 2 0 1 0
4 5 1 7500.00 2.59 20 7 1 1 0
4 5 -1 7500.00 2.59 20 4 0 1 0
4 6 1 7500.00 2.59 20 5 1 1 0
4 6 -1 7500.00 2.59 20 9 0 1 0
4 7 1 7500.00 2.59 20 9 1 1 0
4 7 -1 7500.00 2.59 20 4 0 1 0
4 8 1 7500.00 2.59 20 3 0 1 0
4 8 -1 7500.00 2.59 20 5 0 1 0
#STACKS
75000.00 12.95 1
90000.00 15.54 1
120000.00 20.72 1
120000.00 20.72 1
120000.00 20.72 1
90000.00 15.54 1
75000.00 12.95 1
#CELLS
1 0 0 0 0 0 1
1 0 0 0 0 0 1
1 0 0 0 0 0 1
1 0 0 1 1 1 1
1 0 0 1 1 1 1
1 0 0 1 1 1 1
1 0 0 1 1 1 1
1 0 0 1 1 1 1
2 0 0 0 0 0 1
2 0 0 0 0 0 1
2 0 0 1 1 1 1
2 0 0 1 1 1 1
2 0 0 1 1 1 1
2 0 0 1 1 1 1
2 0 0 1 1 1 1
2 0 0 1 1 1 1
3 0 1 1 1 1 1
3 0 1 1 1 1 1
3 0 1 1 1 1 1
3 0 1 1 1 1 1
3 0 1 1 1 1 1
3 0 1 1 1 1 1
3 0 1 1 1 1 1
3 0 0 1 1 1 1
4 0 1 1 1 1 1
4 0 1 1 1 1 1
4 0 1 1 1 1 1
4 0 1 1 1 1 1
4 0 1 1 1 1 1
4 0 1 1 1 1 1
4 0 1 1 1 1 1
4 0 0 1 1 1 1
5 0 1 1 1 1 1
5 0 1 1 1 1 1
5 0 1 1 1 1 1
5 0 1 1 1 1 1
5 0 1 1 1 1 1
5 0 1 1 1 1 1
5 0 1 1 1 1 1
5 0 0 1 1 1 1
6 0 0 0 0 0 1
6 0 0 0 0 0 1
6 0 0 1 1 1 1
6 0 0 1 1 1 1
6 0 0 1 1 1 1
6 0 0 1 1 1 1
6 0 0 1 1 1 1
6 0 0 1 1 1 1
7 0 0 0 0 0 1
7 0 0 0 0 0 1
7 0 0 0 0 0 1
7 0 0 1 1 1 1
7 0 0 1 1 1 1
7 0 0 1 1 1 1
7 0 0 1 1 1 1
7 0 0 1 1 1 1
#INFO-GEN
Namespace(bayType=2, francisco=True, meanPort=3, seed=2344, stdPort=9.060412580630677, target40=31, targetCapacity=83, targetHC=20, targetIMO=70, targetPorts=11, targetReefer=30, targetRelease=30, targetWeight=89)
