11 51 24 7 56 1 8
#POD
1 2 3 4 5 6 7 8 9 10 11
#LOCATIONS
1
#CONTAINERS_TOLOAD
0 0 0 8912.33 2.59 20 1 0 1 0
0 0 0 12691.00 2.59 20 5 0 1 0
0 0 0 4139.91 2.59 20 7 0 1 2
0 0 0 8321.08 2.59 20 7 0 1 2
0 0 0 12339.07 2.59 20 5 0 1 2
0 0 0 4391.98 2.59 20 2 0 1 2
0 0 0 11719.18 2.59 20 5 0 1 2
0 0 0 5550.47 2.59 20 9 0 1 2
0 0 0 9439.30 2.59 20 3 0 1 2
0 0 0 8961.77 2.59 20 4 0 1 2
0 0 0 6988.09 2.59 20 2 0 1 0
0 0 0 10522.51 2.59 20 9 0 1 0
0 0 0 6463.76 2.59 20 3 0 1 0
0 0 0 8464.42 2.59 20 2 0 1 0
0 0 0 7533.11 2.59 20 11 0 1 0
0 0 0 11213.15 2.59 20 1 0 1 0
0 0 0 5303.20 2.59 20 11 0 1 0
0 0 0 9083.79 2.59 20 9 0 1 0
0 0 0 9178.33 2.59 20 4 0 1 0
0 0 0 8618.82 2.59 20 2 0 1 0
0 0 0 7198.32 2.59 20 7 0 1 0
0 0 0 11161.11 2.59 20 11 0 1 0
0 0 0 6438.35 2.59 20 9 0 1 1
0 0 0 8192.72 2.59 20 7 0 1 1
0 0 0 11194.04 2.59 20 7 0 1 4
0 0 0 5031.84 2.59 20 3 0 1 4
0 0 0 10845.37 2.59 20 6 0 1 4
0 0 0 6164.42 2.59 20 7 0 1 4
0 0 0 9605.72 2.59 20 7 0 1 4
0 0 0 8816.60 2.59 20 8 0 1 4
0 0 0 6096.11 2.59 40 5 0 1 0
0 0 0 12454.71 2.59 40 1 0 1 4
0 0 0 4522.81 2.59 40 7 0 1 4
0 0 0 8336.45 2.90 40 4 0 1 3
0 0 0 11237.41 2.59 20 9 0 1 4
0 0 0 6638.19 2.59 20 3 0 1 4
0 0 0 10839.37 2.59 20 5 1 1 4
0 0 0 4667.50 2.59 20 10 0 1 4
0 0 0 10644.52 2.59 20 10 1 1 4
0 0 0 7579.33 2.59 20 7 0 1 4
0 0 0 9621.34 2.59 20 10 1 1 4
0 0 0 6261.97 2.59 20 4 0 1 4
0 0 0 9089.72 2.59 40 2 0 1 0
0 0 0 10616.08 2.90 40 5 0 1 0
0 0 0 5536.22 2.90 40 5 0 1 0
0 0 0 9989.11 2.90 40 7 0 1 0
0 0 0 8664.62 2.90 40 11 0 1 0
0 0 0 6588.31 2.90 40 8 0 1 0
0 0 0 8803.66 2.59 40 6 0 1 4
0 0 0 10016.94 2.90 40 11 0 1 0
0 0 0 5711.88 2.59 40 7 0 1 1
#CONTAINERS_LOADED
3 1 1 7500.00 2.59 20 6 1 1 0
3 1 -1 7500.00 2.59 20 7 0 1 0
3 2 1 7500.00 2.59 20 2 1 1 1
3 2 -1 7500.00 2.59 20 7 0 1 1
3 3 1 7500.00 2.59 20 4 1 1 4
3 3 -1 7500.00 2.59 20 5 0 1 4
3 4 1 7500.00 2.59 20 9 1 1 1
3 4 -1 7500.00 2.59 20 9 0 1 1
4 1 1 7500.00 2.59 20 4 1 1 0
4 1 -1 7500.00 2.59 20 3 0 1 0
4 2 1 7500.00 2.59 20 5 1 1 0
4 2 -1 7500.00 2.59 20 1 0 1 0
4 3 1 7500.00 2.59 20 3 1 1 0
4 3 -1 7500.00 2.59 20 2 0 1 0
4 4 1 7500.00 2.59 20 9 1 1 0
4 4 -1 7500.00 2.59 20 9 0 1 0
4 5 1 7500.00 2.59 20 11 1 1 0
4 5 -1 7500.00 2.59 20 1 0 1 0
4 6 1 7500.00 2.59 20 7 1 1 0
4 6 -1 7500.00 2.59 20 5 0 1 0
4 7 1 7500.00 2.59 20 5 1 1 0
4 7 -1 7500.00 2.59 20 5 0 1 0
4 8 1 7500.00 2.59 20 10 0 1 0
4 8 -1 7500.00 2.59 20 9 0 1 0
#STACKS
75000.00 12.95 1
90000.00 15.54 1
120000.00 20.72 1
120000.00 20.72 1
120000.00 20.72 1
90000.00 15.54 1
75000.00 12.95 1
#CELLS
1 0 0 0 0 0 1
1 0 0 0 0 0 1
1 0 0 0 0 0 1
1 0 0 1 1 1 1
1 0 0 1 1 1 1
1 0 0 1 1 1 1
1 0 0 1 1 1 1
1 0 0 1 1 1 1
2 0 0 0 0 0 1
2 0 0 0 0 0 1
2 0 0 1 1 1 1
2 0 0 1 1 1 1
2 0 0 1 1 1 1
2 0 0 1 1 1 1
2 0 0 1 1 1 1
2 0 0 1 1 1 1
3 0 1 1 1 1 1
3 0 1 1 1 1 1
3 0 1 1 1 1 1
3 0 1 1 1 1 1
3 0 1 1 1 1 1
3 0 1 1 1 1 1
3 0 1 1 1 1 1
3 0 0 1 1 1 1
4 0 1 1 1 1 1
4 0 1 1 1 1 1
4 0 1 1 1 1 1
4 0 1 1 1 1 1
4 0 1 1 1 1 1
4 0 1 1 1 1 1
4 0 1 1 1 1 1
4 0 0 1 1 1 1
5 0 1 1 1 1 1
5 0 1 1 1 1 1
5 0 1 1 1 1 1
5 0 1 1 1 1 1
5 0 1 1 1 1 1
5 0 1 1 1 1 1
5 0 1 1 1 1 1
5 0 0 1 1 1 1
6 0 0 0 0 0 1
6 0 0 0 0 0 1
6 0 0 1 1 1 1
6 0 0 1 1 1 1
6 0 0 1 1 1 1
6 0 0 1 1 1 1
6 0 0 1 1 1 1
6 0 0 1 1 1 1
7 0 0 0 0 0 1
7 0 0 0 0 0 1
7 0 0 0 0 0 1
7 0 0 1 1 1 1
7 0 0 1 1 1 1
7 0 0 1 1 1 1
7 0 0 1 1 1 1
7 0 0 1 1 1 1
#INFO-GEN
Namespace(bayType=2, francisco=True, meanPort=3, seed=2344, stdPort=9.060412580630677, target40=31, targetCapacity=96, targetHC=40, targetIMO=70, targetPorts=11, targetReefer=30, targetRelease=30, targetWeight=84)
