11 38 18 7 56 1 8
#POD
1 2 3 4 5 6 7 8 9 10 11
#LOCATIONS
1
#CONTAINERS_TOLOAD
0 0 0 13626.87 2.59 20 2 0 1 0
0 0 0 20418.67 2.59 20 1 0 1 0
0 0 0 5048.88 2.59 20 11 0 1 0
0 0 0 12564.15 2.59 20 1 0 1 0
0 0 0 19786.12 2.59 20 10 0 1 0
0 0 0 5501.95 2.59 20 2 0 1 0
0 0 0 18671.91 2.59 20 10 0 1 0
0 0 0 7584.24 2.59 20 2 0 1 0
0 0 0 14574.05 2.59 20 4 0 1 0
0 0 0 13715.73 2.59 20 4 0 1 0
0 0 0 10168.23 2.59 20 5 0 1 0
0 0 0 16521.01 2.59 20 7 0 1 0
0 0 0 9225.79 2.59 20 2 0 1 1
0 0 0 12821.80 2.59 20 1 0 1 1
0 0 0 11147.85 2.59 20 3 0 1 1
0 0 0 17762.38 2.59 20 9 0 1 1
0 0 0 7139.79 2.59 20 3 0 1 4
0 0 0 13935.05 2.59 20 10 0 1 4
0 0 0 14104.98 2.59 20 6 0 1 4
0 0 0 13099.31 2.59 20 2 0 1 4
0 0 0 10546.09 2.59 20 1 0 1 1
0 0 0 17668.83 2.59 20 3 0 1 1
0 0 0 9180.12 2.59 20 11 0 1 0
0 0 0 12333.43 2.59 20 5 0 1 0
0 0 0 17728.02 2.59 20 7 1 1 4
0 0 0 6652.04 2.59 20 1 0 1 4
0 0 0 17101.32 2.59 40 9 0 1 4
0 0 0 8687.74 2.59 40 8 0 1 1
0 0 0 14873.16 2.90 40 6 0 1 4
0 0 0 13454.81 2.59 40 4 0 1 4
0 0 0 8564.98 2.90 40 1 0 1 0
0 0 0 19993.96 2.59 40 10 0 1 1
0 0 0 5737.11 2.59 40 4 1 1 4
0 0 0 12591.78 2.59 20 11 1 1 1
0 0 0 17805.97 2.59 20 11 0 1 1
0 0 0 9539.31 2.59 40 6 0 1 0
0 0 0 17090.53 2.59 40 3 0 1 0
0 0 0 5860.04 2.90 40 8 0 1 0
#CONTAINERS_LOADED
3 1 1 7500.00 2.59 20 5 1 1 0
3 1 -1 7500.00 2.59 20 2 0 1 0
4 1 1 7500.00 2.59 20 4 1 1 0
4 1 -1 7500.00 2.59 20 9 0 1 0
4 2 1 7500.00 2.59 20 10 1 1 0
4 2 -1 7500.00 2.59 20 7 0 1 0
4 3 1 7500.00 2.59 20 7 1 1 0
4 3 -1 7500.00 2.59 20 1 0 1 0
4 4 1 7500.00 2.59 20 8 1 1 0
4 4 -1 7500.00 2.59 20 9 0 1 0
4 5 1 7500.00 2.59 20 1 1 1 0
4 5 -1 7500.00 2.59 20 2 0 1 0
4 6 1 7500.00 2.59 20 1 1 1 0
4 6 -1 7500.00 2.59 20 4 0 1 0
4 7 1 7500.00 2.59 20 1 1 1 0
4 7 -1 7500.00 2.59 20 8 0 1 0
4 8 1 7500.00 2.59 20 3 0 1 0
4 8 -1 7500.00 2.59 20 10 0 1 0
#STACKS
75000.00 12.95 1
90000.00 15.54 1
120000.00 20.72 1
120000.00 20.72 1
120000.00 20.72 1
90000.00 15.54 1
75000.00 12.95 1
#CELLS
1 0 0 0 0 0 1
1 0 0 0 0 0 1
1 0 0 0 0 0 1
1 0 0 1 1 1 1
1 0 0 1 1 1 1
1 0 0 1 1 1 1
1 0 0 1 1 1 1
1 0 0 1 1 1 1
2 0 0 0 0 0 1
2 0 0 0 0 0 1
2 0 0 1 1 1 1
2 0 0 1 1 1 1
2 0 0 1 1 1 1
2 0 0 1 1 1 1
2 0 0 1 1 1 1
2 0 0 1 1 1 1
3 0 1 1 1 1 1
3 0 1 1 1 1 1
3 0 1 1 1 1 1
3 0 1 1 1 1 1
3 0 1 1 1 1 1
3 0 1 1 1 1 1
3 0 1 1 1 1 1
3 0 0 1 1 1 1
4 0 1 1 1 1 1
4 0 1 1 1 1 1
4 0 1 1 1 1 1
4 0 1 1 1 1 1
4 0 1 1 1 1 1
4 0 1 1 1 1 1
4 0 1 1 1 1 1
4 0 0 1 1 1 1
5 0 1 1 1 1 1
5 0 1 1 1 1 1
5 0 1 1 1 1 1
5 0 1 1 1 1 1
5 0 1 1 1 1 1
5 0 1 1 1 1 1
5 0 1 1 1 1 1
5 0 0 1 1 1 1
6 0 0 0 0 0 1
6 0 0 0 0 0 1
6 0 0 1 1 1 1
6 0 0 1 1 1 1
6 0 0 1 1 1 1
6 0 0 1 1 1 1
6 0 0 1 1 1 1
6 0 0 1 1 1 1
7 0 0 0 0 0 1
7 0 0 0 0 0 1
7 0 0 0 0 0 1
7 0 0 1 1 1 1
7 0 0 1 1 1 1
7 0 0 1 1 1 1
7 0 0 1 1 1 1
7 0 0 1 1 1 1
#INFO-GEN
Namespace(bayType=2, francisco=True, meanPort=3, seed=2344, stdPort=9.060412580630677, target40=31, targetCapacity=72, targetHC=50, targetIMO=70, targetPorts=11, targetReefer=30, targetRelease=30, targetWeight=87)
