25 36 30 7 56 1 8
#POD
1 2 3 4 5 6 7 8 9 10 11 12 13 14 15 17 18 19 20 21 22 23 24 25 26
#LOCATIONS
1
#CONTAINERS_TOLOAD
0 0 0 10633.82 2.59 20 5 0 1 0
0 0 0 13535.98 2.59 20 25 0 1 0
0 0 0 5003.09 2.59 20 4 0 1 0
0 0 0 10567.80 2.59 20 8 0 1 0
0 0 0 10811.71 2.59 20 7 0 1 0
0 0 0 11898.24 2.59 20 26 0 1 0
0 0 0 5654.05 2.59 20 14 0 1 0
0 0 0 15757.65 2.59 20 11 0 1 0
0 0 0 3438.31 2.59 20 5 0 1 0
0 0 0 14822.93 2.59 20 5 0 1 0
0 0 0 4609.38 2.59 20 4 0 1 0
0 0 0 15836.91 2.59 20 5 0 1 0
0 0 0 3640.17 2.59 20 13 0 1 0
0 0 0 15733.62 2.59 20 7 0 1 0
0 0 0 3563.81 2.59 20 3 0 1 0
0 0 0 12853.98 2.59 20 8 0 1 0
0 0 0 7087.45 2.59 40 12 0 1 0
0 0 0 14691.51 2.59 40 17 0 1 0
0 0 0 4329.27 2.59 20 3 1 1 0
0 0 0 10079.18 2.59 20 19 0 1 0
0 0 0 10142.53 2.59 20 15 1 1 0
0 0 0 13765.41 2.59 20 2 0 1 0
0 0 0 5378.21 2.59 20 14 1 1 4
0 0 0 10187.63 2.59 20 21 0 1 4
0 0 0 13145.30 2.59 20 4 1 1 0
0 0 0 5292.90 2.59 20 4 0 1 0
0 0 0 9589.65 2.59 20 18 1 1 0
0 0 0 15363.69 2.59 20 20 0 1 0
0 0 0 3518.82 2.59 20 6 1 1 0
0 0 0 15438.39 2.59 20 2 0 1 0
0 0 0 4119.52 2.59 40 11 0 1 0
0 0 0 15229.26 2.59 40 5 0 1 0
0 0 0 4626.21 2.59 40 5 0 1 0
0 0 0 10816.96 2.59 40 10 0 1 0
0 0 0 11995.79 2.59 40 22 0 1 0
0 0 0 5572.86 2.59 40 12 0 1 0
#CONTAINERS_LOADED
3 1 1 7500.00 2.59 20 8 1 1 0
3 1 -1 7500.00 2.59 20 12 0 1 0
3 2 1 7500.00 2.59 20 2 1 1 0
3 2 -1 7500.00 2.59 20 6 0 1 0
3 3 1 7500.00 2.59 20 12 1 1 0
3 3 -1 7500.00 2.59 20 1 0 1 0
3 4 1 7500.00 2.59 20 5 1 1 0
3 4 -1 7500.00 2.59 20 24 0 1 0
3 5 1 7500.00 2.59 20 5 1 1 0
3 5 -1 7500.00 2.59 20 15 0 1 0
3 6 1 7500.00 2.59 20 1 1 1 0
3 6 -1 7500.00 2.59 20 22 0 1 0
3 7 1 7500.00 2.59 20 14 1 1 0
3 7 -1 7500.00 2.59 20 8 0 1 0
4 1 1 7500.00 2.59 20 12 1 1 0
4 1 -1 7500.00 2.59 20 11 0 1 0
4 2 1 7500.00 2.59 20 2 1 1 0
4 2 -1 7500.00 2.59 20 7 0 1 0
4 3 1 7500.00 2.59 20 10 1 1 0
4 3 -1 7500.00 2.59 20 20 0 1 0
4 4 1 7500.00 2.59 20 23 1 1 0
4 4 -1 7500.00 2.59 20 7 0 1 0
4 5 1 7500.00 2.59 20 9 1 1 0
4 5 -1 7500.00 2.59 20 13 0 1 0
4 6 1 7500.00 2.59 20 3 1 1 0
4 6 -1 7500.00 2.59 20 13 0 1 0
4 7 1 7500.00 2.59 20 2 1 1 0
4 7 -1 7500.00 2.59 20 22 0 1 0
4 8 1 7500.00 2.59 20 12 0 1 0
4 8 -1 7500.00 2.59 20 7 0 1 0
#STACKS
75000.00 12.95 1
90000.00 15.54 1
120000.00 20.72 1
120000.00 20.72 1
120000.00 20.72 1
90000.00 15.54 1
75000.00 12.95 1
#CELLS
1 0 0 0 0 0 1
1 0 0 0 0 0 1
1 0 0 0 0 0 1
1 0 0 1 1 1 1
1 0 0 1 1 1 1
1 0 0 1 1 1 1
1 0 0 1 1 1 1
1 0 0 1 1 1 1
2 0 0 0 0 0 1
2 0 0 0 0 0 1
2 0 0 1 1 1 1
2 0 0 1 1 1 1
2 0 0 1 1 1 1
2 0 0 1 1 1 1
2 0 0 1 1 1 1
2 0 0 1 1 1 1
3 0 1 1 1 1 1
3 0 1 1 1 1 1
3 0 1 1 1 1 1
3 0 1 1 1 1 1
3 0 1 1 1 1 1
3 0 1 1 1 1 1
3 0 1 1 1 1 1
3 0 0 1 1 1 1
4 0 1 1 1 1 1
4 0 1 1 1 1 1
4 0 1 1 1 1 1
4 0 1 1 1 1 1
4 0 1 1 1 1 1
4 0 1 1 1 1 1
4 0 1 1 1 1 1
4 0 0 1 1 1 1
5 0 1 1 1 1 1
5 0 1 1 1 1 1
5 0 1 1 1 1 1
5 0 1 1 1 1 1
5 0 1 1 1 1 1
5 0 1 1 1 1 1
5 0 1 1 1 1 1
5 0 0 1 1 1 1
6 0 0 0 0 0 1
6 0 0 0 0 0 1
6 0 0 1 1 1 1
6 0 0 1 1 1 1
6 0 0 1 1 1 1
6 0 0 1 1 1 1
6 0 0 1 1 1 1
6 0 0 1 1 1 1
7 0 0 0 0 0 1
7 0 0 0 0 0 1
7 0 0 0 0 0 1
7 0 0 1 1 1 1
7 0 0 1 1 1 1
7 0 0 1 1 1 1
7 0 0 1 1 1 1
7 0 0 1 1 1 1
#INFO-GEN
Namespace(bayType=2, francisco=True, meanPort=5, seed=6927, stdPort=13.322726086521277, target40=23, targetCapacity=82, targetHC=0, targetIMO=4, targetPorts=26, targetReefer=87, targetRelease=44, targetWeight=75)
