26 34 28 7 56 1 8
#POD
1 2 3 4 5 6 7 8 9 10 11 12 13 14 15 16 17 18 19 20 21 22 23 24 25 26
#LOCATIONS
1
#CONTAINERS_TOLOAD
0 0 0 13757.21 2.59 20 16 0 1 0
0 0 0 17846.79 2.59 20 5 0 1 0
0 0 0 5822.66 2.59 20 25 0 1 0
0 0 0 13664.18 2.59 20 4 0 1 0
0 0 0 14007.88 2.59 20 8 0 1 0
0 0 0 15538.98 2.59 20 7 0 1 0
0 0 0 6739.96 2.59 20 26 0 1 0
0 0 0 20977.47 2.59 20 14 0 1 0
0 0 0 3617.64 2.59 20 11 0 1 0
0 0 0 19660.31 2.59 20 5 0 1 0
0 0 0 5267.86 2.59 20 5 0 1 0
0 0 0 21089.16 2.59 20 4 0 1 0
0 0 0 3902.09 2.59 20 5 0 1 0
0 0 0 20943.61 2.59 20 13 0 1 0
0 0 0 3794.50 2.59 20 7 0 1 0
0 0 0 16885.75 2.59 20 3 0 1 0
0 0 0 8759.85 2.59 40 8 0 1 0
0 0 0 19475.12 2.59 40 12 0 1 0
0 0 0 4873.15 2.59 40 17 1 1 0
0 0 0 12975.64 2.59 20 3 1 1 0
0 0 0 13064.91 2.59 20 19 0 1 0
0 0 0 18170.11 2.59 20 15 1 1 0
0 0 0 6351.26 2.59 20 2 0 1 0
0 0 0 13128.47 2.59 20 14 1 1 0
0 0 0 17296.28 2.59 20 21 0 1 0
0 0 0 6231.04 2.59 20 4 1 1 0
0 0 0 12285.82 2.59 20 4 0 1 0
0 0 0 20422.32 2.59 20 18 1 1 0
0 0 0 3731.10 2.59 20 20 0 1 0
0 0 0 20527.58 2.59 40 6 0 1 0
0 0 0 4577.58 2.59 40 2 0 1 0
0 0 0 20232.89 2.59 40 11 0 1 0
0 0 0 5291.57 2.59 40 5 0 1 0
0 0 0 11471.28 2.59 40 5 0 1 0
#CONTAINERS_LOADED
3 1 1 7500.00 2.59 20 10 1 1 0
3 1 -1 7500.00 2.59 20 22 0 1 0
3 2 1 7500.00 2.59 20 12 1 1 0
3 2 -1 7500.00 2.59 20 8 0 1 0
3 3 1 7500.00 2.59 20 12 1 1 0
3 3 -1 7500.00 2.59 20 2 0 1 0
3 4 1 7500.00 2.59 20 6 1 1 0
3 4 -1 7500.00 2.59 20 12 0 1 0
3 5 1 7500.00 2.59 20 1 1 1 0
3 5 -1 7500.00 2.59 20 5 0 1 0
3 6 1 7500.00 2.59 20 24 1 1 0
3 6 -1 7500.00 2.59 20 5 0 1 0
4 1 1 7500.00 2.59 20 15 1 1 0
4 1 -1 7500.00 2.59 20 1 0 1 0
4 2 1 7500.00 2.59 20 22 1 1 0
4 2 -1 7500.00 2.59 20 14 0 1 0
4 3 1 7500.00 2.59 20 8 1 1 0
4 3 -1 7500.00 2.59 20 12 0 1 0
4 4 1 7500.00 2.59 20 11 1 1 0
4 4 -1 7500.00 2.59 20 2 0 1 0
4 5 1 7500.00 2.59 20 7 1 1 0
4 5 -1 7500.00 2.59 20 10 0 1 0
4 6 1 7500.00 2.59 20 20 1 1 0
4 6 -1 7500.00 2.59 20 23 0 1 0
4 7 1 7500.00 2.59 20 7 1 1 0
4 7 -1 7500.00 2.59 20 9 0 1 0
4 8 1 7500.00 2.59 20 13 0 1 0
4 8 -1 7500.00 2.59 20 3 0 1 0
#STACKS
75000.00 12.95 1
90000.00 15.54 1
120000.00 20.72 1
120000.00 20.72 1
120000.00 20.72 1
90000.00 15.54 1
75000.00 12.95 1
#CELLS
1 0 0 0 0 0 1
1 0 0 0 0 0 1
1 0 0 0 0 0 1
1 0 0 1 1 1 1
1 0 0 1 1 1 1
1 0 0 1 1 1 1
1 0 0 1 1 1 1
1 0 0 1 1 1 1
2 0 0 0 0 0 1
2 0 0 0 0 0 1
2 0 0 1 1 1 1
2 0 0 1 1 1 1
2 0 0 1 1 1 1
2 0 0 1 1 1 1
2 0 0 1 1 1 1
2 0 0 1 1 1 1
3 0 1 1 1 1 1
3 0 1 1 1 1 1
3 0 1 1 1 1 1
3 0 1 1 1 1 1
3 0 1 1 1 1 1
3 0 1 1 1 1 1
3 0 1 1 1 1 1
3 0 0 1 1 1 1
4 0 1 1 1 1 1
4 0 1 1 1 1 1
4 0 1 1 1 1 1
4 0 1 1 1 1 1
4 0 1 1 1 1 1
4 0 1 1 1 1 1
4 0 1 1 1 1 1
4 0 0 1 1 1 1
5 0 1 1 1 1 1
5 0 1 1 1 1 1
5 0 1 1 1 1 1
5 0 1 1 1 1 1
5 0 1 1 1 1 1
5 0 1 1 1 1 1
5 0 1 1 1 1 1
5 0 0 1 1 1 1
6 0 0 0 0 0 1
6 0 0 0 0 0 1
6 0 0 1 1 1 1
6 0 0 1 1 1 1
6 0 0 1 1 1 1
6 0 0 1 1 1 1
6 0 0 1 1 1 1
6 0 0 1 1 1 1
7 0 0 0 0 0 1
7 0 0 0 0 0 1
7 0 0 0 0 0 1
7 0 0 1 1 1 1
7 0 0 1 1 1 1
7 0 0 1 1 1 1
7 0 0 1 1 1 1
7 0 0 1 1 1 1
#INFO-GEN
Namespace(bayType=2, francisco=True, meanPort=5, seed=6927, stdPort=13.322726086521277, target40=23, targetCapacity=78, targetHC=10, targetIMO=4, targetPorts=26, targetReefer=87, targetRelease=44, targetWeight=88)
