25 36 30 7 56 1 8
#POD
1 2 3 4 5 6 7 8 9 10 11 12 13 14 15 17 18 19 20 21 22 23 24 25 26
#LOCATIONS
1
#CONTAINERS_TOLOAD
0 0 0 10192.02 2.59 20 5 0 1 0
0 0 0 12926.22 2.59 20 25 0 1 0
0 0 0 4887.16 2.59 20 4 0 1 0
0 0 0 10129.82 2.59 20 8 0 1 0
0 0 0 10359.61 2.59 20 7 0 1 0
0 0 0 11383.27 2.59 20 26 0 1 0
0 0 0 5500.45 2.59 20 14 0 1 0
0 0 0 15019.32 2.59 20 11 0 1 0
0 0 0 3412.94 2.59 20 5 0 1 0
0 0 0 14138.70 2.59 20 5 0 1 0
0 0 0 4516.24 2.59 20 4 0 1 0
0 0 0 15093.99 2.59 20 5 0 1 0
0 0 0 3603.12 2.59 20 13 0 1 0
0 0 0 14996.68 2.59 20 7 0 1 0
0 0 0 3531.18 2.59 20 3 0 1 0
0 0 0 12283.69 2.59 20 8 0 1 0
0 0 0 6850.90 2.59 40 12 0 1 0
0 0 0 14014.88 2.59 40 17 0 1 0
0 0 0 4252.34 2.59 20 3 1 1 0
0 0 0 9669.48 2.59 20 19 0 1 0
0 0 0 9729.17 2.59 20 15 1 1 0
0 0 0 13142.38 2.59 20 2 0 1 0
0 0 0 5240.58 2.59 20 14 1 1 4
0 0 0 9771.66 2.59 20 21 0 1 4
0 0 0 12558.16 2.59 20 4 1 1 0
0 0 0 5160.20 2.59 20 4 0 1 0
0 0 0 9208.28 2.59 20 18 1 1 0
0 0 0 14648.16 2.59 20 20 0 1 0
0 0 0 3488.80 2.59 20 6 1 1 0
0 0 0 14718.54 2.59 20 2 0 1 0
0 0 0 4054.73 2.59 40 11 0 1 0
0 0 0 14521.51 2.90 40 5 0 1 0
0 0 0 4532.09 2.59 40 5 0 1 0
0 0 0 10364.57 2.90 40 10 0 1 0
0 0 0 11475.18 2.90 40 22 0 1 0
0 0 0 5423.96 2.59 40 12 0 1 0
#CONTAINERS_LOADED
3 1 1 7500.00 2.59 20 8 1 1 0
3 1 -1 7500.00 2.59 20 12 0 1 0
3 2 1 7500.00 2.59 20 2 1 1 0
3 2 -1 7500.00 2.59 20 6 0 1 0
3 3 1 7500.00 2.59 20 12 1 1 0
3 3 -1 7500.00 2.59 20 1 0 1 0
3 4 1 7500.00 2.59 20 5 1 1 0
3 4 -1 7500.00 2.59 20 24 0 1 0
3 5 1 7500.00 2.59 20 5 1 1 0
3 5 -1 7500.00 2.59 20 15 0 1 0
3 6 1 7500.00 2.59 20 1 1 1 0
3 6 -1 7500.00 2.59 20 22 0 1 0
3 7 1 7500.00 2.59 20 14 1 1 0
3 7 -1 7500.00 2.59 20 8 0 1 0
4 1 1 7500.00 2.59 20 12 1 1 0
4 1 -1 7500.00 2.59 20 11 0 1 0
4 2 1 7500.00 2.59 20 2 1 1 0
4 2 -1 7500.00 2.59 20 7 0 1 0
4 3 1 7500.00 2.59 20 10 1 1 0
4 3 -1 7500.00 2.59 20 20 0 1 0
4 4 1 7500.00 2.59 20 23 1 1 0
4 4 -1 7500.00 2.59 20 7 0 1 0
4 5 1 7500.00 2.59 20 9 1 1 0
4 5 -1 7500.00 2.59 20 13 0 1 0
4 6 1 7500.00 2.59 20 3 1 1 0
4 6 -1 7500.00 2.59 20 13 0 1 0
4 7 1 7500.00 2.59 20 2 1 1 0
4 7 -1 7500.00 2.59 20 22 0 1 0
4 8 1 7500.00 2.59 20 12 0 1 0
4 8 -1 7500.00 2.59 20 7 0 1 0
#STACKS
75000.00 12.95 1
90000.00 15.54 1
120000.00 20.72 1
120000.00 20.72 1
120000.00 20.72 1
90000.00 15.54 1
75000.00 12.95 1
#CELLS
1 0 0 0 0 0 1
1 0 0 0 0 0 1
1 0 0 0 0 0 1
1 0 0 1 1 1 1
1 0 0 1 1 1 1
1 0 0 1 1 1 1
1 0 0 1 1 1 1
1 0 0 1 1 1 1
2 0 0 0 0 0 1
2 0 0 0 0 0 1
2 0 0 1 1 1 1
2 0 0 1 1 1 1
2 0 0 1 1 1 1
2 0 0 1 1 1 1
2 0 0 1 1 1 1
2 0 0 1 1 1 1
3 0 1 1 1 1 1
3 0 1 1 1 1 1
3 0 1 1 1 1 1
3 0 1 1 1 1 1
3 0 1 1 1 1 1
3 0 1 1 1 1 1
3 0 1 1 1 1 1
3 0 0 1 1 1 1
4 0 1 1 1 1 1
4 0 1 1 1 1 1
4 0 1 1 1 1 1
4 0 1 1 1 1 1
4 0 1 1 1 1 1
4 0 1 1 1 1 1
4 0 1 1 1 1 1
4 0 0 1 1 1 1
5 0 1 1 1 1 1
5 0 1 1 1 1 1
5 0 1 1 1 1 1
5 0 1 1 1 1 1
5 0 1 1 1 1 1
5 0 1 1 1 1 1
5 0 1 1 1 1 1
5 0 0 1 1 1 1
6 0 0 0 0 0 1
6 0 0 0 0 0 1
6 0 0 1 1 1 1
6 0 0 1 1 1 1
6 0 0 1 1 1 1
6 0 0 1 1 1 1
6 0 0 1 1 1 1
6 0 0 1 1 1 1
7 0 0 0 0 0 1
7 0 0 0 0 0 1
7 0 0 0 0 0 1
7 0 0 1 1 1 1
7 0 0 1 1 1 1
7 0 0 1 1 1 1
7 0 0 1 1 1 1
7 0 0 1 1 1 1
#INFO-GEN
Namespace(bayType=2, francisco=True, meanPort=5, seed=6927, stdPort=13.322726086521277, target40=23, targetCapacity=81, targetHC=20, targetIMO=4, targetPorts=26, targetReefer=87, targetRelease=44, targetWeight=72)
