23 41 34 7 56 1 8
#POD
1 2 3 4 5 6 7 8 9 10 11 12 13 14 15 16 18 21 22 23 24 25 26
#LOCATIONS
1
#CONTAINERS_TOLOAD
0 0 0 8537.86 2.59 20 4 0 1 0
0 0 0 10643.19 2.59 20 1 0 1 0
0 0 0 4453.12 2.59 20 6 0 1 0
0 0 0 8489.96 2.59 20 25 0 1 0
0 0 0 8666.90 2.59 20 24 0 1 0
0 0 0 9455.12 2.59 20 8 0 1 0
0 0 0 4925.35 2.59 20 5 0 1 0
0 0 0 12254.88 2.59 20 11 0 1 0
0 0 0 3317.96 2.59 20 4 0 1 0
0 0 0 11576.80 2.59 20 5 0 1 0
0 0 0 4167.50 2.59 20 4 0 1 0
0 0 0 12312.37 2.59 20 5 0 1 0
0 0 0 3464.40 2.59 20 7 0 1 0
0 0 0 12237.45 2.59 20 16 0 1 0
0 0 0 3409.01 2.59 20 9 0 1 0
0 0 0 10148.44 2.59 20 2 0 1 0
0 0 0 5965.19 2.59 20 9 0 1 0
0 0 0 11481.46 2.59 20 13 0 1 0
0 0 0 3964.30 2.59 20 11 0 1 0
0 0 0 8135.50 2.59 20 6 0 1 0
0 0 0 8181.46 2.59 20 2 0 1 0
0 0 0 10809.63 2.59 20 4 0 1 0
0 0 0 4725.24 2.59 40 4 0 1 0
0 0 0 8214.18 2.90 40 9 0 1 0
0 0 0 10359.78 2.59 20 13 1 1 0
0 0 0 4663.35 2.59 20 16 0 1 0
0 0 0 7780.38 2.59 20 7 1 1 0
0 0 0 11969.08 2.59 20 2 0 1 0
0 0 0 3376.37 2.59 20 7 1 1 0
0 0 0 12023.27 2.59 20 18 0 1 0
0 0 0 3812.14 2.59 20 2 1 1 0
0 0 0 11871.56 2.59 20 3 0 1 0
0 0 0 4179.71 2.59 20 11 1 1 0
0 0 0 8670.72 2.59 20 7 0 1 0
0 0 0 9525.89 2.59 40 14 0 1 0
0 0 0 5327.42 2.59 40 8 0 1 0
0 0 0 8596.39 2.90 40 26 0 1 0
0 0 0 7104.95 2.59 40 22 0 1 0
0 0 0 9636.49 2.90 40 21 0 1 0
0 0 0 7329.70 2.90 40 22 0 1 0
0 0 0 6126.50 2.59 40 10 0 1 0
#CONTAINERS_LOADED
3 1 1 7500.00 2.59 20 3 1 1 0
3 1 -1 7500.00 2.59 20 25 0 1 0
3 2 1 7500.00 2.59 20 12 1 1 0
3 2 -1 7500.00 2.59 20 1 0 1 0
3 3 1 7500.00 2.59 20 6 1 1 0
3 3 -1 7500.00 2.59 20 5 0 1 0
3 4 1 7500.00 2.59 20 10 1 1 0
3 4 -1 7500.00 2.59 20 15 0 1 0
3 5 1 7500.00 2.59 20 16 1 1 0
3 5 -1 7500.00 2.59 20 1 0 1 0
3 6 1 7500.00 2.59 20 12 1 1 0
3 6 -1 7500.00 2.59 20 10 0 1 0
3 7 1 7500.00 2.59 20 8 1 1 0
3 7 -1 7500.00 2.59 20 11 0 1 0
3 8 1 7500.00 2.59 20 1 0 1 0
3 8 -1 7500.00 2.59 20 6 0 1 0
4 1 1 7500.00 2.59 20 1 1 1 0
4 1 -1 7500.00 2.59 20 14 0 1 0
4 2 1 7500.00 2.59 20 13 1 1 0
4 2 -1 7500.00 2.59 20 12 0 1 0
4 3 1 7500.00 2.59 20 10 1 1 0
4 3 -1 7500.00 2.59 20 6 0 1 0
4 4 1 7500.00 2.59 20 9 1 1 0
4 4 -1 7500.00 2.59 20 21 0 1 0
4 5 1 7500.00 2.59 20 24 1 1 0
4 5 -1 7500.00 2.59 20 8 0 1 0
4 6 1 7500.00 2.59 20 13 1 1 0
4 6 -1 7500.00 2.59 20 15 0 1 0
4 7 1 7500.00 2.59 20 14 1 1 0
4 7 -1 7500.00 2.59 20 4 0 1 0
4 8 1 7500.00 2.59 20 10 0 1 0
4 8 -1 7500.00 2.59 20 23 0 1 0
5 1 1 7500.00 2.59 20 7 1 1 0
5 1 -1 7500.00 2.59 20 5 0 1 0
#STACKS
75000.00 12.95 1
90000.00 15.54 1
120000.00 20.72 1
120000.00 20.72 1
120000.00 20.72 1
90000.00 15.54 1
75000.00 12.95 1
#CELLS
1 0 0 0 0 0 1
1 0 0 0 0 0 1
1 0 0 0 0 0 1
1 0 0 1 1 1 1
1 0 0 1 1 1 1
1 0 0 1 1 1 1
1 0 0 1 1 1 1
1 0 0 1 1 1 1
2 0 0 0 0 0 1
2 0 0 0 0 0 1
2 0 0 1 1 1 1
2 0 0 1 1 1 1
2 0 0 1 1 1 1
2 0 0 1 1 1 1
2 0 0 1 1 1 1
2 0 0 1 1 1 1
3 0 1 1 1 1 1
3 0 1 1 1 1 1
3 0 1 1 1 1 1
3 0 1 1 1 1 1
3 0 1 1 1 1 1
3 0 1 1 1 1 1
3 0 1 1 1 1 1
3 0 0 1 1 1 1
4 0 1 1 1 1 1
4 0 1 1 1 1 1
4 0 1 1 1 1 1
4 0 1 1 1 1 1
4 0 1 1 1 1 1
4 0 1 1 1 1 1
4 0 1 1 1 1 1
4 0 0 1 1 1 1
5 0 1 1 1 1 1
5 0 1 1 1 1 1
5 0 1 1 1 1 1
5 0 1 1 1 1 1
5 0 1 1 1 1 1
5 0 1 1 1 1 1
5 0 1 1 1 1 1
5 0 0 1 1 1 1
6 0 0 0 0 0 1
6 0 0 0 0 0 1
6 0 0 1 1 1 1
6 0 0 1 1 1 1
6 0 0 1 1 1 1
6 0 0 1 1 1 1
6 0 0 1 1 1 1
6 0 0 1 1 1 1
7 0 0 0 0 0 1
7 0 0 0 0 0 1
7 0 0 0 0 0 1
7 0 0 1 1 1 1
7 0 0 1 1 1 1
7 0 0 1 1 1 1
7 0 0 1 1 1 1
7 0 0 1 1 1 1
#INFO-GEN
Namespace(bayType=2, francisco=True, meanPort=5, seed=6927, stdPort=13.322726086521277, target40=23, targetCapacity=92, targetHC=40, targetIMO=4, targetPorts=26, targetReefer=87, targetRelease=44, targetWeight=74)
