6 15 12 5 40 1 8
#POD
1 2 3 4 5 6
#LOCATIONS
1
#CONTAINERS_TOLOAD
0 0 0 16699.09 2.59 20 4 0 1 0
0 0 0 21907.09 2.59 20 6 0 1 0
0 0 0 6594.60 2.59 20 1 0 1 0
0 0 0 16580.61 2.59 20 2 0 1 0
0 0 0 17018.31 2.59 20 2 0 1 0
0 0 0 18968.14 2.59 20 4 0 1 0
0 0 0 7762.76 2.59 20 2 1 1 0
0 0 0 25893.95 2.59 20 3 0 1 0
0 0 0 3786.55 2.59 20 3 1 1 0
0 0 0 24216.57 2.59 20 2 0 1 0
0 0 0 5888.07 2.59 40 1 0 1 0
0 0 0 26036.18 2.59 20 4 0 1 0
0 0 0 4148.79 2.59 20 2 0 1 0
0 0 0 25850.83 2.59 40 3 0 1 0
0 0 0 3648.46 2.90 40 2 1 1 0
#CONTAINERS_LOADED
3 1 1 7500.00 2.59 20 2 1 1 0
3 1 -1 7500.00 2.59 20 5 0 1 0
3 2 1 7500.00 2.59 20 3 1 1 0
3 2 -1 7500.00 2.59 20 5 0 1 0
3 3 1 7500.00 2.59 20 1 1 1 1
3 3 -1 7500.00 2.59 20 2 0 1 1
3 4 1 7500.00 2.59 20 2 1 1 0
3 4 -1 7500.00 2.59 20 3 0 1 0
3 5 1 7500.00 2.59 20 4 1 1 0
3 5 -1 7500.00 2.59 20 1 0 1 0
3 6 1 7500.00 2.59 20 2 0 1 0
3 6 -1 7500.00 2.59 20 4 0 1 0
#STACKS
60000.00 10.36 1
75000.00 12.95 1
120000.00 20.72 1
75000.00 12.95 1
60000.00 10.36 1
#CELLS
1 0 0 0 0 0 1
1 0 0 0 0 0 1
1 0 0 0 0 0 1
1 0 0 0 0 0 1
1 0 0 1 1 1 1
1 0 0 1 1 1 1
1 0 0 1 1 1 1
1 0 0 1 1 1 1
2 0 0 0 0 0 1
2 0 0 0 0 0 1
2 0 0 0 0 0 1
2 0 1 1 1 1 1
2 0 1 1 1 1 1
2 0 0 1 1 1 1
2 0 0 1 1 1 1
2 0 0 1 1 1 1
3 0 1 1 1 1 1
3 0 1 1 1 1 1
3 0 1 1 1 1 1
3 0 1 1 1 1 1
3 0 1 1 1 1 1
3 0 0 1 1 1 1
3 0 0 1 1 1 1
3 0 0 1 1 1 1
4 0 0 0 0 0 1
4 0 0 0 0 0 1
4 0 0 0 0 0 1
4 0 1 1 1 1 1
4 0 1 1 1 1 1
4 0 0 1 1 1 1
4 0 0 1 1 1 1
4 0 0 1 1 1 1
5 0 0 0 0 0 1
5 0 0 0 0 0 1
5 0 0 0 0 0 1
5 0 0 0 0 0 1
5 0 0 1 1 1 1
5 0 0 1 1 1 1
5 0 0 1 1 1 1
5 0 0 1 1 1 1
#INFO-GEN
Namespace(bayType=1, francisco=True, meanPort=3, seed=6927, stdPort=1.2414811390692533, target40=23, targetCapacity=60, targetHC=51, targetIMO=33, targetPorts=6, targetReefer=87, targetRelease=44, targetWeight=75)
