23 29 28 7 56 1 8
#POD
1 2 3 4 5 6 7 8 9 10 11 12 13 14 15 16 18 19 21 22 24 25 26
#LOCATIONS
1
#CONTAINERS_TOLOAD
0 0 0 15068.89 2.59 20 9 0 1 0
0 0 0 19657.15 2.59 20 1 0 1 0
0 0 0 6166.84 2.59 20 19 0 1 0
0 0 0 14964.52 2.59 20 13 0 1 0
0 0 0 15350.13 2.59 20 7 0 1 0
0 0 0 17067.93 2.59 20 4 0 1 0
0 0 0 7195.99 2.59 20 1 0 1 0
0 0 0 23169.57 2.59 20 6 0 1 0
0 0 0 3692.95 2.59 20 25 0 1 0
0 0 0 21691.79 2.59 20 24 0 1 0
0 0 0 5544.39 2.59 20 8 0 1 0
0 0 0 23294.87 2.59 20 5 0 1 0
0 0 0 4012.09 2.59 20 11 0 1 0
0 0 0 23131.58 2.59 20 4 0 1 0
0 0 0 3891.38 2.59 20 5 0 1 0
0 0 0 18578.92 2.59 20 4 0 1 0
0 0 0 9462.18 2.59 40 5 0 1 0
0 0 0 21484.02 2.90 40 7 0 1 0
0 0 0 5101.55 2.90 40 16 1 1 0
0 0 0 14192.03 2.59 40 9 1 1 0
0 0 0 14292.18 2.59 40 2 1 1 1
0 0 0 20019.88 2.59 20 9 1 1 0
0 0 0 6759.90 2.59 20 13 0 1 0
0 0 0 14363.49 2.59 20 11 1 1 0
0 0 0 19039.50 2.59 20 6 0 1 0
0 0 0 6625.02 2.59 20 2 1 1 0
0 0 0 13418.09 2.59 20 4 0 1 0
0 0 0 22546.72 2.59 40 4 0 1 0
0 0 0 3804.43 2.59 40 9 0 1 0
#CONTAINERS_LOADED
3 1 1 7500.00 2.59 20 13 1 1 0
3 1 -1 7500.00 2.59 20 16 0 1 0
3 2 1 7500.00 2.59 20 7 1 1 0
3 2 -1 7500.00 2.59 20 2 0 1 0
3 3 1 7500.00 2.59 20 7 1 1 0
3 3 -1 7500.00 2.59 20 18 0 1 0
3 4 1 7500.00 2.59 20 2 1 1 0
3 4 -1 7500.00 2.59 20 3 0 1 0
3 5 1 7500.00 2.59 20 11 1 1 0
3 5 -1 7500.00 2.59 20 7 0 1 0
3 6 1 7500.00 2.59 20 14 1 1 0
3 6 -1 7500.00 2.59 20 8 0 1 0
4 1 1 7500.00 2.59 20 26 1 1 0
4 1 -1 7500.00 2.59 20 22 0 1 0
4 2 1 7500.00 2.59 20 21 1 1 0
4 2 -1 7500.00 2.59 20 22 0 1 0
4 3 1 7500.00 2.59 20 10 1 1 0
4 3 -1 7500.00 2.59 20 3 0 1 0
4 4 1 7500.00 2.59 20 25 1 1 0
4 4 -1 7500.00 2.59 20 12 0 1 0
4 5 1 7500.00 2.59 20 1 1 1 0
4 5 -1 7500.00 2.59 20 6 0 1 0
4 6 1 7500.00 2.59 20 5 1 1 0
4 6 -1 7500.00 2.59 20 10 0 1 0
4 7 1 7500.00 2.59 20 15 1 1 0
4 7 -1 7500.00 2.59 20 16 0 1 0
4 8 1 7500.00 2.59 20 1 0 1 0
4 8 -1 7500.00 2.59 20 12 0 1 0
#STACKS
75000.00 12.95 1
90000.00 15.54 1
120000.00 20.72 1
120000.00 20.72 1
120000.00 20.72 1
90000.00 15.54 1
75000.00 12.95 1
#CELLS
1 0 0 0 0 0 1
1 0 0 0 0 0 1
1 0 0 0 0 0 1
1 0 0 1 1 1 1
1 0 0 1 1 1 1
1 0 0 1 1 1 1
1 0 0 1 1 1 1
1 0 0 1 1 1 1
2 0 0 0 0 0 1
2 0 0 0 0 0 1
2 0 0 1 1 1 1
2 0 0 1 1 1 1
2 0 0 1 1 1 1
2 0 0 1 1 1 1
2 0 0 1 1 1 1
2 0 0 1 1 1 1
3 0 1 1 1 1 1
3 0 1 1 1 1 1
3 0 1 1 1 1 1
3 0 1 1 1 1 1
3 0 1 1 1 1 1
3 0 1 1 1 1 1
3 0 1 1 1 1 1
3 0 0 1 1 1 1
4 0 1 1 1 1 1
4 0 1 1 1 1 1
4 0 1 1 1 1 1
4 0 1 1 1 1 1
4 0 1 1 1 1 1
4 0 1 1 1 1 1
4 0 1 1 1 1 1
4 0 0 1 1 1 1
5 0 1 1 1 1 1
5 0 1 1 1 1 1
5 0 1 1 1 1 1
5 0 1 1 1 1 1
5 0 1 1 1 1 1
5 0 1 1 1 1 1
5 0 1 1 1 1 1
5 0 0 1 1 1 1
6 0 0 0 0 0 1
6 0 0 0 0 0 1
6 0 0 1 1 1 1
6 0 0 1 1 1 1
6 0 0 1 1 1 1
6 0 0 1 1 1 1
6 0 0 1 1 1 1
6 0 0 1 1 1 1
7 0 0 0 0 0 1
7 0 0 0 0 0 1
7 0 0 0 0 0 1
7 0 0 1 1 1 1
7 0 0 1 1 1 1
7 0 0 1 1 1 1
7 0 0 1 1 1 1
7 0 0 1 1 1 1
#INFO-GEN
Namespace(bayType=2, francisco=True, meanPort=5, seed=6927, stdPort=13.322726086521277, target40=23, targetCapacity=71, targetHC=50, targetIMO=4, targetPorts=26, targetReefer=87, targetRelease=44, targetWeight=82)
