22 17 50 7 56 1 8
#POD
2 4 5 7 8 9 10 11 12 13 14 15 16 17 18 20 21 22 23 24 25 26
#LOCATIONS
1
#CONTAINERS_TOLOAD
0 0 0 27375.47 2.59 20 13 0 1 0
0 0 0 5692.57 2.59 20 21 0 1 0
0 0 0 25923.82 2.59 20 23 0 1 0
0 0 0 5986.27 2.59 20 16 0 1 0
0 0 0 15940.30 2.59 20 18 0 1 0
0 0 0 16577.37 2.59 20 20 0 1 0
0 0 0 23433.45 2.59 20 9 0 1 0
0 0 0 9467.05 2.59 20 26 0 1 0
0 0 0 22112.76 2.59 20 8 0 1 0
0 0 0 7989.71 2.59 20 20 0 1 0
0 0 0 23297.51 2.59 40 22 0 1 0
0 0 0 10161.42 2.59 20 24 0 1 0
0 0 0 17510.68 2.59 20 17 0 1 0
0 0 0 18933.30 2.59 20 26 0 1 0
0 0 0 13549.07 2.59 20 8 0 1 0
0 0 0 11487.53 2.59 20 2 0 1 0
0 0 0 15456.73 2.59 20 22 0 1 0
#CONTAINERS_LOADED
2 3 1 7500.00 2.59 20 22 0 1 0
2 3 -1 7500.00 2.59 20 21 0 1 0
3 1 1 7500.00 2.59 20 8 1 1 4
3 1 -1 7500.00 2.59 20 22 0 1 4
3 2 1 7500.00 2.59 20 17 1 1 1
3 2 -1 7500.00 2.59 20 18 0 1 1
3 3 1 7500.00 2.59 20 13 1 1 1
3 3 -1 7500.00 2.59 20 9 0 1 1
3 4 1 7500.00 2.59 20 4 1 1 1
3 4 -1 7500.00 2.59 20 13 0 1 1
3 5 1 7500.00 2.59 20 24 1 1 4
3 5 -1 7500.00 2.59 20 20 0 1 4
3 6 1 7500.00 2.59 20 10 1 1 1
3 6 -1 7500.00 2.59 20 20 0 1 1
3 7 1 7500.00 2.59 20 21 1 1 4
3 7 -1 7500.00 2.59 20 23 0 1 4
3 8 1 7500.00 2.59 20 17 0 1 1
3 8 -1 7500.00 2.59 20 26 0 1 1
4 1 1 7500.00 2.59 20 24 1 1 0
4 1 -1 7500.00 2.59 20 9 0 1 0
4 2 1 7500.00 2.59 20 14 1 1 0
4 2 -1 7500.00 2.59 20 5 0 1 0
4 3 1 7500.00 2.59 20 15 1 1 0
4 3 -1 7500.00 2.59 20 25 0 1 0
4 4 1 7500.00 2.59 20 20 1 1 0
4 4 -1 7500.00 2.59 20 10 0 1 0
4 5 1 7500.00 2.59 20 23 1 1 0
4 5 -1 7500.00 2.59 20 20 0 1 0
4 6 1 7500.00 2.59 20 26 1 1 0
4 6 -1 7500.00 2.59 20 18 0 1 0
4 7 1 7500.00 2.59 20 15 1 1 0
4 7 -1 7500.00 2.59 20 22 0 1 0
4 8 1 7500.00 2.59 20 26 0 1 0
4 8 -1 7500.00 2.59 20 26 0 1 0
5 1 1 7500.00 2.59 20 7 1 1 0
5 1 -1 7500.00 2.59 20 15 0 1 0
5 2 1 7500.00 2.59 20 20 1 1 0
5 2 -1 7500.00 2.59 20 23 0 1 0
5 3 1 7500.00 2.59 20 23 1 1 4
5 3 -1 7500.00 2.59 20 21 0 1 4
5 4 1 7500.00 2.59 20 12 1 1 1
5 4 -1 7500.00 2.59 20 24 0 1 1
5 5 1 7500.00 2.59 20 21 1 1 1
5 5 -1 7500.00 2.59 20 12 0 1 1
5 6 1 7500.00 2.59 20 17 1 1 1
5 6 -1 7500.00 2.59 20 9 0 1 1
5 7 1 7500.00 2.59 20 25 1 1 0
5 7 -1 7500.00 2.59 20 10 0 1 0
5 8 1 7500.00 2.59 20 11 0 1 1
5 8 -1 7500.00 2.59 20 22 0 1 1
#STACKS
75000.00 12.95 1
90000.00 15.54 1
120000.00 20.72 1
120000.00 20.72 1
120000.00 20.72 1
90000.00 15.54 1
75000.00 12.95 1
#CELLS
1 0 0 0 0 0 1
1 0 0 0 0 0 1
1 0 0 0 0 0 1
1 0 0 1 1 1 1
1 0 0 1 1 1 1
1 0 0 1 1 1 1
1 0 0 1 1 1 1
1 0 0 1 1 1 1
2 0 0 0 0 0 1
2 0 0 0 0 0 1
2 0 0 1 1 1 1
2 0 0 1 1 1 1
2 0 0 1 1 1 1
2 0 0 1 1 1 1
2 0 0 1 1 1 1
2 0 0 1 1 1 1
3 0 1 1 1 1 1
3 0 1 1 1 1 1
3 0 1 1 1 1 1
3 0 1 1 1 1 1
3 0 1 1 1 1 1
3 0 1 1 1 1 1
3 0 1 1 1 1 1
3 0 0 1 1 1 1
4 0 1 1 1 1 1
4 0 1 1 1 1 1
4 0 1 1 1 1 1
4 0 1 1 1 1 1
4 0 1 1 1 1 1
4 0 1 1 1 1 1
4 0 1 1 1 1 1
4 0 0 1 1 1 1
5 0 1 1 1 1 1
5 0 1 1 1 1 1
5 0 1 1 1 1 1
5 0 1 1 1 1 1
5 0 1 1 1 1 1
5 0 1 1 1 1 1
5 0 1 1 1 1 1
5 0 0 1 1 1 1
6 0 0 0 0 0 1
6 0 0 0 0 0 1
6 0 0 1 1 1 1
6 0 0 1 1 1 1
6 0 0 1 1 1 1
6 0 0 1 1 1 1
6 0 0 1 1 1 1
6 0 0 1 1 1 1
7 0 0 0 0 0 1
7 0 0 0 0 0 1
7 0 0 0 0 0 1
7 0 0 1 1 1 1
7 0 0 1 1 1 1
7 0 0 1 1 1 1
7 0 0 1 1 1 1
7 0 0 1 1 1 1
#INFO-GEN
Namespace(bayType=2, francisco=True, meanPort=24, seed=4527, stdPort=13.556894137474838, target40=3, targetCapacity=75, targetHC=10, targetIMO=84, targetPorts=26, targetReefer=21, targetRelease=77, targetWeight=86)
