27 24 82 9 72 1 8
#POD
2 3 4 5 6 7 8 9 10 11 12 13 14 15 16 17 18 19 20 21 22 23 24 25 26 27 28
#LOCATIONS
1
#CONTAINERS_TOLOAD
0 0 0 13387.67 2.59 20 23 0 1 0
0 0 0 14433.16 2.59 20 8 0 1 0
0 0 0 9229.92 2.59 20 15 0 1 0
0 0 0 15178.38 2.59 20 22 0 1 0
0 0 0 8982.27 2.59 20 14 0 1 0
0 0 0 10758.49 2.59 20 10 0 1 0
0 0 0 12006.87 2.59 20 25 0 1 0
0 0 0 15193.70 2.59 20 17 0 1 0
0 0 0 9445.30 2.59 20 27 1 1 0
0 0 0 13438.15 2.59 20 10 0 1 0
0 0 0 8219.58 2.59 20 27 1 1 0
0 0 0 14021.08 2.59 20 15 0 1 0
0 0 0 11483.70 2.59 20 20 0 1 0
0 0 0 12032.33 2.59 20 19 0 1 0
0 0 0 9795.62 2.59 20 6 0 1 0
0 0 0 13743.81 2.59 20 25 0 1 0
0 0 0 10298.93 2.59 20 16 0 1 0
0 0 0 9361.44 2.59 20 17 0 1 0
0 0 0 18302.33 2.59 20 13 0 1 0
0 0 0 6854.27 2.59 20 22 0 1 0
0 0 0 12432.72 2.59 20 21 1 1 0
0 0 0 13009.44 2.59 20 23 0 1 0
0 0 0 8274.57 2.59 20 23 1 1 0
0 0 0 11348.27 2.59 20 27 0 1 0
#CONTAINERS_LOADED
2 2 1 7500.00 2.59 20 17 1 1 0
2 2 -1 7500.00 2.59 20 16 0 1 0
3 1 1 7500.00 2.59 20 7 1 1 0
3 1 -1 7500.00 2.59 20 23 1 1 0
3 2 1 7500.00 2.59 20 26 1 1 0
3 2 -1 7500.00 2.59 20 28 1 1 0
3 3 1 7500.00 2.59 20 11 1 1 1
3 3 -1 7500.00 2.59 20 24 1 1 1
3 4 1 7500.00 2.59 20 23 1 1 1
3 4 -1 7500.00 2.59 20 4 1 1 1
3 5 1 7500.00 2.59 20 14 1 1 4
3 5 -1 7500.00 2.59 20 5 1 1 4
3 6 1 7500.00 2.59 20 19 1 1 0
3 6 -1 7500.00 2.59 20 11 1 1 0
3 7 1 7500.00 2.59 20 17 1 1 4
3 7 -1 7500.00 2.59 20 24 1 1 4
3 8 1 7500.00 2.59 20 20 0 1 0
3 8 -1 7500.00 2.59 20 13 0 1 0
4 1 1 7500.00 2.59 20 17 1 1 0
4 1 -1 7500.00 2.59 20 17 1 1 0
4 2 1 7500.00 2.59 20 10 1 1 0
4 2 -1 7500.00 2.59 20 23 1 1 0
4 3 1 7500.00 2.59 20 27 1 1 0
4 3 -1 7500.00 2.59 20 13 1 1 0
4 4 1 7500.00 2.59 20 28 1 1 0
4 4 -1 7500.00 2.59 20 12 1 1 0
4 5 1 7500.00 2.59 20 8 1 1 0
4 5 -1 7500.00 2.59 20 7 1 1 0
4 6 1 7500.00 2.59 20 21 1 1 0
4 6 -1 7500.00 2.59 20 4 1 1 0
4 7 1 7500.00 2.59 20 28 1 1 0
4 7 -1 7500.00 2.59 20 24 1 1 0
4 8 1 7500.00 2.59 20 28 0 1 0
4 8 -1 7500.00 2.59 20 2 0 1 0
5 1 1 7500.00 2.59 20 8 1 1 4
5 1 -1 7500.00 2.59 20 21 1 1 4
5 2 1 7500.00 2.59 20 13 1 1 0
5 2 -1 7500.00 2.59 20 26 1 1 0
5 3 1 7500.00 2.59 20 19 1 1 3
5 3 -1 7500.00 2.59 20 25 1 1 3
5 4 1 7500.00 2.59 20 22 1 1 0
5 4 -1 7500.00 2.59 20 23 1 1 0
5 5 1 7500.00 2.59 20 3 1 1 0
5 5 -1 7500.00 2.59 20 25 1 1 0
5 6 1 7500.00 2.59 20 25 1 1 0
5 6 -1 7500.00 2.59 20 17 1 1 0
5 7 1 7500.00 2.59 20 27 1 1 0
5 7 -1 7500.00 2.59 20 25 1 1 0
5 8 1 7500.00 2.59 20 19 0 1 0
5 8 -1 7500.00 2.59 20 16 0 1 0
6 1 1 7500.00 2.59 20 22 1 1 0
6 1 -1 7500.00 2.59 20 27 1 1 0
6 2 1 7500.00 2.59 20 12 1 1 0
6 2 -1 7500.00 2.59 20 17 1 1 0
6 3 1 7500.00 2.59 20 26 1 1 0
6 3 -1 7500.00 2.59 20 27 1 1 0
6 4 1 7500.00 2.59 20 21 1 1 0
6 4 -1 7500.00 2.59 20 2 1 1 0
6 5 1 7500.00 2.59 20 15 1 1 0
6 5 -1 7500.00 2.59 20 15 1 1 0
6 6 1 7500.00 2.59 20 14 1 1 0
6 6 -1 7500.00 2.59 20 24 1 1 0
6 7 1 7500.00 2.59 20 23 1 1 0
6 7 -1 7500.00 2.59 20 11 1 1 0
6 8 1 7500.00 2.59 20 2 0 1 0
6 8 -1 7500.00 2.59 20 12 0 1 0
7 1 1 7500.00 2.59 20 21 1 1 3
7 1 -1 7500.00 2.59 20 24 1 1 3
7 2 1 7500.00 2.59 20 23 1 1 0
7 2 -1 7500.00 2.59 20 28 1 1 0
7 3 1 7500.00 2.59 20 19 1 1 4
7 3 -1 7500.00 2.59 20 28 1 1 4
7 4 1 7500.00 2.59 20 18 1 1 0
7 4 -1 7500.00 2.59 20 9 1 1 0
7 5 1 7500.00 2.59 20 8 1 1 4
7 5 -1 7500.00 2.59 20 25 1 1 4
7 6 1 7500.00 2.59 20 6 1 1 3
7 6 -1 7500.00 2.59 20 28 1 1 3
7 7 1 7500.00 2.59 20 19 1 1 3
7 7 -1 7500.00 2.59 20 18 1 1 3
7 8 1 7500.00 2.59 20 18 0 1 3
7 8 -1 7500.00 2.59 20 25 0 1 3
#STACKS
90000.00 15.54 1
105000.00 18.13 1
120000.00 20.72 1
120000.00 20.72 1
120000.00 20.72 1
120000.00 20.72 1
120000.00 20.72 1
105000.00 18.13 1
90000.00 15.54 1
#CELLS
1 0 0 0 0 0 1
1 0 0 0 0 0 1
1 0 0 1 1 1 1
1 0 0 1 1 1 1
1 0 0 1 1 1 1
1 0 0 1 1 1 1
1 0 0 1 1 1 1
1 0 0 1 1 1 1
2 0 0 0 0 0 1
2 0 1 1 1 1 1
2 0 1 1 1 1 1
2 0 1 1 1 1 1
2 0 1 1 1 1 1
2 0 1 1 1 1 1
2 0 1 1 1 1 1
2 0 0 1 1 1 1
3 1 1 1 1 1 1
3 1 1 1 1 1 1
3 1 1 1 1 1 1
3 1 1 1 1 1 1
3 1 1 1 1 1 1
3 1 1 1 1 1 1
3 1 1 1 1 1 1
3 0 0 1 1 1 1
4 1 1 1 1 1 1
4 1 1 1 1 1 1
4 1 1 1 1 1 1
4 1 1 1 1 1 1
4 1 1 1 1 1 1
4 1 1 1 1 1 1
4 1 1 1 1 1 1
4 0 0 1 1 1 1
5 1 1 1 1 1 1
5 1 1 1 1 1 1
5 1 1 1 1 1 1
5 1 1 1 1 1 1
5 1 1 1 1 1 1
5 1 1 1 1 1 1
5 1 1 1 1 1 1
5 0 0 1 1 1 1
6 1 1 1 1 1 1
6 1 1 1 1 1 1
6 1 1 1 1 1 1
6 1 1 1 1 1 1
6 1 1 1 1 1 1
6 1 1 1 1 1 1
6 1 1 1 1 1 1
6 0 0 1 1 1 1
7 1 1 1 1 1 1
7 1 1 1 1 1 1
7 1 1 1 1 1 1
7 1 1 1 1 1 1
7 1 1 1 1 1 1
7 1 1 1 1 1 1
7 1 1 1 1 1 1
7 0 0 1 1 1 1
8 0 0 0 0 0 1
8 0 1 1 1 1 1
8 0 1 1 1 1 1
8 0 1 1 1 1 1
8 0 1 1 1 1 1
8 0 1 1 1 1 1
8 0 1 1 1 1 1
8 0 0 1 1 1 1
9 0 0 0 0 0 1
9 0 0 0 0 0 1
9 0 0 1 1 1 1
9 0 0 1 1 1 1
9 0 0 1 1 1 1
9 0 0 1 1 1 1
9 0 0 1 1 1 1
9 0 0 1 1 1 1
#INFO-GEN
Namespace(bayType=3, francisco=True, meanPort=27, seed=1234, stdPort=16.720144472591628, target40=0, targetCapacity=81, targetHC=10, targetIMO=67, targetPorts=28, targetReefer=44, targetRelease=78, targetWeight=75)
