27 30 98 9 72 1 8
#POD
2 3 4 5 6 7 8 9 10 11 12 13 14 15 16 17 18 19 20 21 22 23 24 25 26 27 28
#LOCATIONS
1
#CONTAINERS_TOLOAD
0 0 0 7527.77 2.59 20 22 0 1 1
0 0 0 7983.48 2.59 20 14 0 1 1
0 0 0 5715.50 2.59 20 10 0 1 1
0 0 0 8308.31 2.59 20 25 0 1 1
0 0 0 5607.55 2.59 20 17 0 1 4
0 0 0 6381.77 2.59 20 27 0 1 4
0 0 0 6925.91 2.59 20 10 0 1 4
0 0 0 8314.99 2.59 20 27 0 1 4
0 0 0 5809.37 2.59 20 15 0 1 4
0 0 0 7549.78 2.59 20 20 0 1 4
0 0 0 5275.11 2.59 20 19 0 1 4
0 0 0 7803.87 2.59 20 6 0 1 4
0 0 0 6697.87 2.59 20 25 0 1 0
0 0 0 6937.01 2.59 20 16 0 1 0
0 0 0 5962.07 2.59 20 17 0 1 0
0 0 0 7683.01 2.59 20 13 0 1 0
0 0 0 6181.46 2.59 20 22 0 1 0
0 0 0 5772.82 2.59 20 21 0 1 0
0 0 0 9669.98 2.59 20 23 0 1 0
0 0 0 4680.00 2.59 20 23 0 1 0
0 0 0 7111.53 2.59 20 27 1 1 0
0 0 0 7362.91 2.59 20 17 0 1 0
0 0 0 5299.08 2.59 20 16 0 1 0
0 0 0 7980.93 2.59 20 7 0 1 0
0 0 0 7751.48 2.59 20 23 0 1 0
0 0 0 5487.68 2.59 20 26 0 1 0
0 0 0 6938.36 2.59 20 28 0 1 1
0 0 0 7794.49 2.59 20 11 0 1 1
0 0 0 5220.05 2.59 20 24 0 1 0
0 0 0 6265.85 2.59 20 23 0 1 0
#CONTAINERS_LOADED
2 2 1 7500.00 2.59 20 4 1 1 0
2 2 -1 7500.00 2.59 20 14 0 1 0
2 3 1 7500.00 2.59 20 5 1 1 0
2 3 -1 7500.00 2.59 20 19 0 1 0
2 4 1 7500.00 2.59 20 11 1 1 0
2 4 -1 7500.00 2.59 20 17 0 1 0
2 5 1 7500.00 2.59 20 24 1 1 0
2 5 -1 7500.00 2.59 20 20 0 1 0
2 6 1 7500.00 2.59 20 13 1 1 0
2 6 -1 7500.00 2.59 20 17 0 1 0
2 7 1 7500.00 2.59 20 17 1 1 0
2 7 -1 7500.00 2.59 20 10 0 1 0
2 8 1 7500.00 2.59 20 23 0 1 0
2 8 -1 7500.00 2.59 20 27 0 1 0
3 1 1 7500.00 2.59 20 13 1 1 3
3 1 -1 7500.00 2.59 20 28 1 1 3
3 2 1 7500.00 2.59 20 12 1 1 4
3 2 -1 7500.00 2.59 20 8 1 1 4
3 3 1 7500.00 2.59 20 7 1 1 3
3 3 -1 7500.00 2.59 20 21 1 1 3
3 4 1 7500.00 2.59 20 4 1 1 3
3 4 -1 7500.00 2.59 20 28 1 1 3
3 5 1 7500.00 2.59 20 24 1 1 0
3 5 -1 7500.00 2.59 20 28 1 1 0
3 6 1 7500.00 2.59 20 2 1 1 3
3 6 -1 7500.00 2.59 20 8 1 1 3
3 7 1 7500.00 2.59 20 21 1 1 4
3 7 -1 7500.00 2.59 20 13 1 1 4
3 8 1 7500.00 2.59 20 26 0 1 3
3 8 -1 7500.00 2.59 20 19 0 1 3
4 1 1 7500.00 2.59 20 25 1 1 0
4 1 -1 7500.00 2.59 20 22 1 1 0
4 2 1 7500.00 2.59 20 23 1 1 0
4 2 -1 7500.00 2.59 20 3 1 1 0
4 3 1 7500.00 2.59 20 25 1 1 0
4 3 -1 7500.00 2.59 20 25 1 1 0
4 4 1 7500.00 2.59 20 17 1 1 0
4 4 -1 7500.00 2.59 20 27 1 1 0
4 5 1 7500.00 2.59 20 25 1 1 0
4 5 -1 7500.00 2.59 20 19 1 1 0
4 6 1 7500.00 2.59 20 16 1 1 0
4 6 -1 7500.00 2.59 20 22 1 1 0
4 7 1 7500.00 2.59 20 27 1 1 0
4 7 -1 7500.00 2.59 20 12 1 1 0
4 8 1 7500.00 2.59 20 17 0 1 0
4 8 -1 7500.00 2.59 20 26 0 1 0
5 1 1 7500.00 2.59 20 27 1 1 0
5 1 -1 7500.00 2.59 20 21 1 1 0
5 2 1 7500.00 2.59 20 2 1 1 2
5 2 -1 7500.00 2.59 20 15 1 1 2
5 3 1 7500.00 2.59 20 15 1 1 0
5 3 -1 7500.00 2.59 20 14 1 1 0
5 4 1 7500.00 2.59 20 24 1 1 0
5 4 -1 7500.00 2.59 20 23 1 1 0
5 5 1 7500.00 2.59 20 11 1 1 2
5 5 -1 7500.00 2.59 20 2 1 1 2
5 6 1 7500.00 2.59 20 12 1 1 2
5 6 -1 7500.00 2.59 20 21 1 1 2
5 7 1 7500.00 2.59 20 24 1 1 0
5 7 -1 7500.00 2.59 20 23 1 1 0
5 8 1 7500.00 2.59 20 28 0 1 2
5 8 -1 7500.00 2.59 20 19 0 1 2
6 1 1 7500.00 2.59 20 28 1 1 0
6 1 -1 7500.00 2.59 20 18 1 1 0
6 2 1 7500.00 2.59 20 9 1 1 0
6 2 -1 7500.00 2.59 20 8 1 1 0
6 3 1 7500.00 2.59 20 25 1 1 0
6 3 -1 7500.00 2.59 20 6 1 1 0
6 4 1 7500.00 2.59 20 28 1 1 0
6 4 -1 7500.00 2.59 20 19 1 1 0
6 5 1 7500.00 2.59 20 18 1 1 0
6 5 -1 7500.00 2.59 20 18 1 1 0
6 6 1 7500.00 2.59 20 25 1 1 0
6 6 -1 7500.00 2.59 20 6 1 1 0
6 7 1 7500.00 2.59 20 6 1 1 0
6 7 -1 7500.00 2.59 20 27 1 1 0
6 8 1 7500.00 2.59 20 11 0 1 0
6 8 -1 7500.00 2.59 20 12 0 1 0
7 1 1 7500.00 2.59 20 21 1 1 0
7 1 -1 7500.00 2.59 20 16 1 1 0
7 2 1 7500.00 2.59 20 26 1 1 4
7 2 -1 7500.00 2.59 20 19 1 1 4
7 3 1 7500.00 2.59 20 19 1 1 1
7 3 -1 7500.00 2.59 20 27 1 1 1
7 4 1 7500.00 2.59 20 14 1 1 4
7 4 -1 7500.00 2.59 20 22 1 1 4
7 5 1 7500.00 2.59 20 22 1 1 1
7 5 -1 7500.00 2.59 20 28 1 1 1
7 6 1 7500.00 2.59 20 22 1 1 0
7 6 -1 7500.00 2.59 20 28 1 1 0
7 7 1 7500.00 2.59 20 2 1 1 1
7 7 -1 7500.00 2.59 20 28 1 1 1
7 8 1 7500.00 2.59 20 21 0 1 4
7 8 -1 7500.00 2.59 20 15 0 1 4
8 2 1 7500.00 2.59 20 27 1 1 0
8 2 -1 7500.00 2.59 20 20 0 1 0
8 3 1 7500.00 2.59 20 26 1 1 0
8 3 -1 7500.00 2.59 20 28 0 1 0
#STACKS
90000.00 15.54 1
105000.00 18.13 1
120000.00 20.72 1
120000.00 20.72 1
120000.00 20.72 1
120000.00 20.72 1
120000.00 20.72 1
105000.00 18.13 1
90000.00 15.54 1
#CELLS
1 0 0 0 0 0 1
1 0 0 0 0 0 1
1 0 0 1 1 1 1
1 0 0 1 1 1 1
1 0 0 1 1 1 1
1 0 0 1 1 1 1
1 0 0 1 1 1 1
1 0 0 1 1 1 1
2 0 0 0 0 0 1
2 0 1 1 1 1 1
2 0 1 1 1 1 1
2 0 1 1 1 1 1
2 0 1 1 1 1 1
2 0 1 1 1 1 1
2 0 1 1 1 1 1
2 0 0 1 1 1 1
3 1 1 1 1 1 1
3 1 1 1 1 1 1
3 1 1 1 1 1 1
3 1 1 1 1 1 1
3 1 1 1 1 1 1
3 1 1 1 1 1 1
3 1 1 1 1 1 1
3 0 0 1 1 1 1
4 1 1 1 1 1 1
4 1 1 1 1 1 1
4 1 1 1 1 1 1
4 1 1 1 1 1 1
4 1 1 1 1 1 1
4 1 1 1 1 1 1
4 1 1 1 1 1 1
4 0 0 1 1 1 1
5 1 1 1 1 1 1
5 1 1 1 1 1 1
5 1 1 1 1 1 1
5 1 1 1 1 1 1
5 1 1 1 1 1 1
5 1 1 1 1 1 1
5 1 1 1 1 1 1
5 0 0 1 1 1 1
6 1 1 1 1 1 1
6 1 1 1 1 1 1
6 1 1 1 1 1 1
6 1 1 1 1 1 1
6 1 1 1 1 1 1
6 1 1 1 1 1 1
6 1 1 1 1 1 1
6 0 0 1 1 1 1
7 1 1 1 1 1 1
7 1 1 1 1 1 1
7 1 1 1 1 1 1
7 1 1 1 1 1 1
7 1 1 1 1 1 1
7 1 1 1 1 1 1
7 1 1 1 1 1 1
7 0 0 1 1 1 1
8 0 0 0 0 0 1
8 0 1 1 1 1 1
8 0 1 1 1 1 1
8 0 1 1 1 1 1
8 0 1 1 1 1 1
8 0 1 1 1 1 1
8 0 1 1 1 1 1
8 0 0 1 1 1 1
9 0 0 0 0 0 1
9 0 0 0 0 0 1
9 0 0 1 1 1 1
9 0 0 1 1 1 1
9 0 0 1 1 1 1
9 0 0 1 1 1 1
9 0 0 1 1 1 1
9 0 0 1 1 1 1
#INFO-GEN
Namespace(bayType=3, francisco=True, meanPort=27, seed=1234, stdPort=16.720144472591628, target40=0, targetCapacity=98, targetHC=40, targetIMO=67, targetPorts=28, targetReefer=44, targetRelease=78, targetWeight=80)
