6 23 20 5 40 1 8
#POD
1 2 3 4 5 6
#LOCATIONS
1
#CONTAINERS_TOLOAD
0 0 0 11486.58 2.59 20 2 0 1 0
0 0 0 14712.94 2.59 20 4 0 1 0
0 0 0 5226.85 2.59 20 2 0 1 0
0 0 0 11413.19 2.59 20 3 0 1 0
0 0 0 11684.35 2.59 20 3 0 1 4
0 0 0 12892.26 2.59 20 2 0 1 4
0 0 0 5950.53 2.59 20 1 0 1 0
0 0 0 17182.80 2.59 20 4 0 1 0
0 0 0 3487.27 2.59 20 2 0 1 0
0 0 0 16143.66 2.59 20 3 0 1 0
0 0 0 4789.16 2.59 20 2 0 1 0
0 0 0 17270.91 2.59 20 2 0 1 0
0 0 0 3711.68 2.59 20 5 0 1 0
0 0 0 17156.09 2.59 20 3 0 1 0
0 0 0 3626.80 2.90 40 5 0 1 0
0 0 0 13954.76 2.90 40 1 0 1 0
0 0 0 7544.06 2.59 40 2 0 1 0
0 0 0 15997.56 2.59 20 2 0 1 0
0 0 0 4477.76 2.59 20 3 0 1 0
0 0 0 10869.99 2.59 20 4 1 1 0
0 0 0 10940.42 2.59 20 1 0 1 0
0 0 0 14968.01 2.59 40 2 0 1 0
0 0 0 4494.37 2.90 40 4 0 1 3
#CONTAINERS_LOADED
2 4 1 7500.00 2.59 20 5 1 1 0
2 4 -1 7500.00 2.59 20 3 0 1 0
2 5 1 7500.00 2.59 20 5 1 1 0
2 5 -1 7500.00 2.59 20 3 0 1 0
3 1 1 7500.00 2.59 20 3 1 1 1
3 1 -1 7500.00 2.59 20 2 0 1 1
3 2 1 7500.00 2.59 20 1 1 1 1
3 2 -1 7500.00 2.59 20 3 0 1 1
3 3 1 7500.00 2.59 20 1 1 1 1
3 3 -1 7500.00 2.59 20 1 0 1 1
3 4 1 7500.00 2.59 20 2 1 1 1
3 4 -1 7500.00 2.59 20 2 0 1 1
3 5 1 7500.00 2.59 20 1 1 1 0
3 5 -1 7500.00 2.59 20 6 0 1 0
3 6 1 7500.00 2.59 20 1 0 1 1
3 6 -1 7500.00 2.59 20 1 0 1 1
3 7 1 7500.00 2.59 20 3 0 1 0
3 7 -1 7500.00 2.59 20 3 0 1 0
3 8 1 7500.00 2.59 20 4 0 1 1
3 8 -1 7500.00 2.59 20 3 0 1 1
#STACKS
60000.00 10.36 1
75000.00 12.95 1
120000.00 20.72 1
75000.00 12.95 1
60000.00 10.36 1
#CELLS
1 0 0 0 0 0 1
1 0 0 0 0 0 1
1 0 0 0 0 0 1
1 0 0 0 0 0 1
1 0 0 1 1 1 1
1 0 0 1 1 1 1
1 0 0 1 1 1 1
1 0 0 1 1 1 1
2 0 0 0 0 0 1
2 0 0 0 0 0 1
2 0 0 0 0 0 1
2 0 1 1 1 1 1
2 0 1 1 1 1 1
2 0 0 1 1 1 1
2 0 0 1 1 1 1
2 0 0 1 1 1 1
3 0 1 1 1 1 1
3 0 1 1 1 1 1
3 0 1 1 1 1 1
3 0 1 1 1 1 1
3 0 1 1 1 1 1
3 0 0 1 1 1 1
3 0 0 1 1 1 1
3 0 0 1 1 1 1
4 0 0 0 0 0 1
4 0 0 0 0 0 1
4 0 0 0 0 0 1
4 0 1 1 1 1 1
4 0 1 1 1 1 1
4 0 0 1 1 1 1
4 0 0 1 1 1 1
4 0 0 1 1 1 1
5 0 0 0 0 0 1
5 0 0 0 0 0 1
5 0 0 0 0 0 1
5 0 0 0 0 0 1
5 0 0 1 1 1 1
5 0 0 1 1 1 1
5 0 0 1 1 1 1
5 0 0 1 1 1 1
#INFO-GEN
Namespace(bayType=1, francisco=True, meanPort=3, seed=6927, stdPort=1.2414811390692533, target40=23, targetCapacity=96, targetHC=51, targetIMO=33, targetPorts=6, targetReefer=87, targetRelease=44, targetWeight=100)
