27 26 92 9 72 1 8
#POD
2 3 4 5 6 7 8 9 10 11 12 13 14 15 16 17 18 19 20 21 22 23 24 25 26 27 28
#LOCATIONS
1
#CONTAINERS_TOLOAD
0 0 0 10286.14 2.59 20 8 0 1 4
0 0 0 11019.48 2.59 20 15 0 1 4
0 0 0 7369.80 2.59 20 22 0 1 4
0 0 0 11542.19 2.59 20 14 0 1 4
0 0 0 7196.10 2.59 20 10 0 1 1
0 0 0 8441.98 2.59 20 25 0 1 1
0 0 0 9317.62 2.59 20 17 0 1 1
0 0 0 11552.93 2.59 20 27 0 1 1
0 0 0 7520.87 2.59 20 10 0 1 1
0 0 0 10321.55 2.59 20 27 0 1 1
0 0 0 6661.13 2.59 20 15 0 1 0
0 0 0 10730.43 2.59 20 20 0 1 0
0 0 0 8950.66 2.59 20 19 0 1 0
0 0 0 9335.48 2.59 20 6 0 1 0
0 0 0 7766.60 2.59 20 25 0 1 0
0 0 0 10535.95 2.59 20 16 0 1 0
0 0 0 8119.63 2.59 20 17 0 1 0
0 0 0 7462.06 2.59 20 13 0 1 0
0 0 0 13733.40 2.59 20 22 0 1 0
0 0 0 5703.47 2.59 20 21 0 1 0
0 0 0 9616.32 2.59 20 23 0 1 0
0 0 0 10020.84 2.59 20 23 0 1 0
0 0 0 6699.70 2.59 20 27 1 1 0
0 0 0 11015.37 2.59 20 17 0 1 0
0 0 0 10646.13 2.59 20 16 1 1 0
0 0 0 5424.16 2.59 20 7 0 1 0
#CONTAINERS_LOADED
2 2 1 7500.00 2.59 20 23 1 1 0
2 2 -1 7500.00 2.59 20 26 0 1 0
2 3 1 7500.00 2.59 20 28 1 1 0
2 3 -1 7500.00 2.59 20 11 0 1 0
2 4 1 7500.00 2.59 20 24 1 1 0
2 4 -1 7500.00 2.59 20 23 0 1 0
2 5 1 7500.00 2.59 20 4 1 1 0
2 5 -1 7500.00 2.59 20 14 0 1 0
2 6 1 7500.00 2.59 20 5 1 1 0
2 6 -1 7500.00 2.59 20 19 0 1 0
2 7 1 7500.00 2.59 20 11 1 1 0
2 7 -1 7500.00 2.59 20 17 0 1 0
3 1 1 7500.00 2.59 20 24 1 1 1
3 1 -1 7500.00 2.59 20 20 1 1 1
3 2 1 7500.00 2.59 20 13 1 1 0
3 2 -1 7500.00 2.59 20 17 1 1 0
3 3 1 7500.00 2.59 20 17 1 1 4
3 3 -1 7500.00 2.59 20 10 1 1 4
3 4 1 7500.00 2.59 20 23 1 1 0
3 4 -1 7500.00 2.59 20 27 1 1 0
3 5 1 7500.00 2.59 20 13 1 1 1
3 5 -1 7500.00 2.59 20 28 1 1 1
3 6 1 7500.00 2.59 20 12 1 1 1
3 6 -1 7500.00 2.59 20 8 1 1 1
3 7 1 7500.00 2.59 20 7 1 1 0
3 7 -1 7500.00 2.59 20 21 1 1 0
3 8 1 7500.00 2.59 20 4 0 1 1
3 8 -1 7500.00 2.59 20 28 0 1 1
4 1 1 7500.00 2.59 20 24 1 1 0
4 1 -1 7500.00 2.59 20 28 1 1 0
4 2 1 7500.00 2.59 20 2 1 1 0
4 2 -1 7500.00 2.59 20 8 1 1 0
4 3 1 7500.00 2.59 20 21 1 1 0
4 3 -1 7500.00 2.59 20 13 1 1 0
4 4 1 7500.00 2.59 20 26 1 1 0
4 4 -1 7500.00 2.59 20 19 1 1 0
4 5 1 7500.00 2.59 20 25 1 1 0
4 5 -1 7500.00 2.59 20 22 1 1 0
4 6 1 7500.00 2.59 20 23 1 1 0
4 6 -1 7500.00 2.59 20 3 1 1 0
4 7 1 7500.00 2.59 20 25 1 1 0
4 7 -1 7500.00 2.59 20 25 1 1 0
4 8 1 7500.00 2.59 20 17 0 1 0
4 8 -1 7500.00 2.59 20 27 0 1 0
5 1 1 7500.00 2.59 20 25 1 1 0
5 1 -1 7500.00 2.59 20 19 1 1 0
5 2 1 7500.00 2.59 20 16 1 1 1
5 2 -1 7500.00 2.59 20 22 1 1 1
5 3 1 7500.00 2.59 20 27 1 1 4
5 3 -1 7500.00 2.59 20 12 1 1 4
5 4 1 7500.00 2.59 20 17 1 1 4
5 4 -1 7500.00 2.59 20 26 1 1 4
5 5 1 7500.00 2.59 20 27 1 1 1
5 5 -1 7500.00 2.59 20 21 1 1 1
5 6 1 7500.00 2.59 20 2 1 1 4
5 6 -1 7500.00 2.59 20 15 1 1 4
5 7 1 7500.00 2.59 20 15 1 1 0
5 7 -1 7500.00 2.59 20 14 1 1 0
5 8 1 7500.00 2.59 20 24 0 1 4
5 8 -1 7500.00 2.59 20 23 0 1 4
6 1 1 7500.00 2.59 20 11 1 1 0
6 1 -1 7500.00 2.59 20 2 1 1 0
6 2 1 7500.00 2.59 20 12 1 1 0
6 2 -1 7500.00 2.59 20 21 1 1 0
6 3 1 7500.00 2.59 20 24 1 1 0
6 3 -1 7500.00 2.59 20 23 1 1 0
6 4 1 7500.00 2.59 20 28 1 1 0
6 4 -1 7500.00 2.59 20 19 1 1 0
6 5 1 7500.00 2.59 20 28 1 1 0
6 5 -1 7500.00 2.59 20 18 1 1 0
6 6 1 7500.00 2.59 20 9 1 1 0
6 6 -1 7500.00 2.59 20 8 1 1 0
6 7 1 7500.00 2.59 20 25 1 1 0
6 7 -1 7500.00 2.59 20 6 1 1 0
6 8 1 7500.00 2.59 20 28 0 1 0
6 8 -1 7500.00 2.59 20 19 0 1 0
7 1 1 7500.00 2.59 20 18 1 1 3
7 1 -1 7500.00 2.59 20 18 1 1 3
7 2 1 7500.00 2.59 20 25 1 1 4
7 2 -1 7500.00 2.59 20 6 1 1 4
7 3 1 7500.00 2.59 20 6 1 1 3
7 3 -1 7500.00 2.59 20 27 1 1 3
7 4 1 7500.00 2.59 20 11 1 1 0
7 4 -1 7500.00 2.59 20 12 1 1 0
7 5 1 7500.00 2.59 20 21 1 1 4
7 5 -1 7500.00 2.59 20 16 1 1 4
7 6 1 7500.00 2.59 20 26 1 1 4
7 6 -1 7500.00 2.59 20 19 1 1 4
7 7 1 7500.00 2.59 20 19 1 1 4
7 7 -1 7500.00 2.59 20 27 1 1 4
7 8 1 7500.00 2.59 20 14 0 1 0
7 8 -1 7500.00 2.59 20 22 0 1 0
#STACKS
90000.00 15.54 1
105000.00 18.13 1
120000.00 20.72 1
120000.00 20.72 1
120000.00 20.72 1
120000.00 20.72 1
120000.00 20.72 1
105000.00 18.13 1
90000.00 15.54 1
#CELLS
1 0 0 0 0 0 1
1 0 0 0 0 0 1
1 0 0 1 1 1 1
1 0 0 1 1 1 1
1 0 0 1 1 1 1
1 0 0 1 1 1 1
1 0 0 1 1 1 1
1 0 0 1 1 1 1
2 0 0 0 0 0 1
2 0 1 1 1 1 1
2 0 1 1 1 1 1
2 0 1 1 1 1 1
2 0 1 1 1 1 1
2 0 1 1 1 1 1
2 0 1 1 1 1 1
2 0 0 1 1 1 1
3 1 1 1 1 1 1
3 1 1 1 1 1 1
3 1 1 1 1 1 1
3 1 1 1 1 1 1
3 1 1 1 1 1 1
3 1 1 1 1 1 1
3 1 1 1 1 1 1
3 0 0 1 1 1 1
4 1 1 1 1 1 1
4 1 1 1 1 1 1
4 1 1 1 1 1 1
4 1 1 1 1 1 1
4 1 1 1 1 1 1
4 1 1 1 1 1 1
4 1 1 1 1 1 1
4 0 0 1 1 1 1
5 1 1 1 1 1 1
5 1 1 1 1 1 1
5 1 1 1 1 1 1
5 1 1 1 1 1 1
5 1 1 1 1 1 1
5 1 1 1 1 1 1
5 1 1 1 1 1 1
5 0 0 1 1 1 1
6 1 1 1 1 1 1
6 1 1 1 1 1 1
6 1 1 1 1 1 1
6 1 1 1 1 1 1
6 1 1 1 1 1 1
6 1 1 1 1 1 1
6 1 1 1 1 1 1
6 0 0 1 1 1 1
7 1 1 1 1 1 1
7 1 1 1 1 1 1
7 1 1 1 1 1 1
7 1 1 1 1 1 1
7 1 1 1 1 1 1
7 1 1 1 1 1 1
7 1 1 1 1 1 1
7 0 0 1 1 1 1
8 0 0 0 0 0 1
8 0 1 1 1 1 1
8 0 1 1 1 1 1
8 0 1 1 1 1 1
8 0 1 1 1 1 1
8 0 1 1 1 1 1
8 0 1 1 1 1 1
8 0 0 1 1 1 1
9 0 0 0 0 0 1
9 0 0 0 0 0 1
9 0 0 1 1 1 1
9 0 0 1 1 1 1
9 0 0 1 1 1 1
9 0 0 1 1 1 1
9 0 0 1 1 1 1
9 0 0 1 1 1 1
#INFO-GEN
Namespace(bayType=3, francisco=True, meanPort=27, seed=1234, stdPort=16.720144472591628, target40=0, targetCapacity=90, targetHC=50, targetIMO=67, targetPorts=28, targetReefer=44, targetRelease=78, targetWeight=79)
