22 37 64 9 72 1 8
#POD
1 2 3 4 5 6 7 8 9 10 11 12 13 14 15 16 17 18 19 20 21 22
#LOCATIONS
1
#CONTAINERS_TOLOAD
0 0 0 13550.80 2.59 20 20 0 1 0
0 0 0 6351.96 2.59 20 10 0 1 0
0 0 0 8696.31 2.59 20 17 0 1 0
0 0 0 14409.06 2.59 20 6 0 1 0
0 0 0 5169.08 2.59 20 16 0 1 4
0 0 0 12760.97 2.59 20 15 0 1 4
0 0 0 5236.63 2.59 20 6 0 1 4
0 0 0 11105.22 2.59 20 5 0 1 4
0 0 0 8749.27 2.59 20 3 0 1 1
0 0 0 9291.59 2.59 20 19 0 1 1
0 0 0 9495.38 2.59 20 21 0 1 4
0 0 0 12493.77 2.59 20 11 0 1 4
0 0 0 6156.17 2.59 20 15 0 1 0
0 0 0 10808.41 2.59 20 9 0 1 0
0 0 0 7078.23 2.59 20 9 0 1 0
0 0 0 12817.55 2.59 20 5 0 1 0
0 0 0 7801.51 2.59 20 2 1 1 0
0 0 0 7960.88 2.59 20 17 0 1 0
0 0 0 14677.08 2.59 20 21 1 1 0
0 0 0 4450.64 2.59 20 7 0 1 0
0 0 0 13856.90 2.59 20 11 1 1 0
0 0 0 4665.32 2.59 20 12 0 1 0
0 0 0 11910.42 2.59 20 17 1 1 0
0 0 0 9431.44 2.59 20 11 0 1 0
0 0 0 9986.18 2.59 20 15 1 1 0
0 0 0 8919.35 2.59 20 10 0 1 0
0 0 0 9822.63 2.59 40 17 0 1 2
0 0 0 6553.84 2.59 40 19 0 1 0
0 0 0 14847.28 2.59 40 11 0 1 0
0 0 0 3964.33 2.59 40 13 0 1 0
0 0 0 9109.17 2.59 40 14 1 1 0
0 0 0 11706.73 2.59 40 11 1 1 0
0 0 0 7952.03 2.59 40 6 1 1 0
0 0 0 8625.04 2.59 40 12 1 1 0
0 0 0 12169.45 2.59 40 22 1 1 0
0 0 0 10031.77 2.59 40 9 0 1 2
0 0 0 5964.60 2.59 40 15 0 1 2
#CONTAINERS_LOADED
3 1 1 7500.00 2.59 20 10 1 1 3
3 1 -1 7500.00 2.59 20 3 1 1 3
3 2 1 7500.00 2.59 20 11 1 1 4
3 2 -1 7500.00 2.59 20 21 1 1 4
3 3 1 7500.00 2.59 20 12 1 1 3
3 3 -1 7500.00 2.59 20 19 1 1 3
3 4 1 7500.00 2.59 20 18 1 1 4
3 4 -1 7500.00 2.59 20 11 1 1 4
3 5 1 7500.00 2.59 20 12 1 1 4
3 5 -1 7500.00 2.59 20 12 1 1 4
3 6 1 7500.00 2.59 20 8 1 1 4
3 6 -1 7500.00 2.59 20 10 1 1 4
3 7 1 7500.00 2.59 20 8 1 1 0
3 7 -1 7500.00 2.59 20 15 1 1 0
3 8 1 7500.00 2.59 20 2 0 1 3
3 8 -1 7500.00 2.59 20 10 0 1 3
4 1 1 7500.00 2.59 20 16 1 1 0
4 1 -1 7500.00 2.59 20 15 1 1 0
4 2 1 7500.00 2.59 20 6 1 1 0
4 2 -1 7500.00 2.59 20 3 1 1 0
4 3 1 7500.00 2.59 20 9 1 1 0
4 3 -1 7500.00 2.59 20 22 1 1 0
4 4 1 7500.00 2.59 20 14 1 1 0
4 4 -1 7500.00 2.59 20 8 1 1 0
4 5 1 7500.00 2.59 20 16 1 1 0
4 5 -1 7500.00 2.59 20 4 1 1 0
4 6 1 7500.00 2.59 20 16 1 1 0
4 6 -1 7500.00 2.59 20 5 1 1 0
4 7 1 7500.00 2.59 20 14 1 1 0
4 7 -1 7500.00 2.59 20 15 1 1 0
4 8 1 7500.00 2.59 20 7 0 1 0
4 8 -1 7500.00 2.59 20 7 0 1 0
5 1 1 7500.00 2.59 20 15 1 1 3
5 1 -1 7500.00 2.59 20 16 1 1 3
5 2 1 7500.00 2.59 20 14 1 1 0
5 2 -1 7500.00 2.59 20 16 1 1 0
5 3 1 7500.00 2.59 20 10 1 1 3
5 3 -1 7500.00 2.59 20 18 1 1 3
5 4 1 7500.00 2.59 20 10 1 1 3
5 4 -1 7500.00 2.59 20 14 1 1 3
5 5 1 7500.00 2.59 20 10 1 1 4
5 5 -1 7500.00 2.59 20 16 1 1 4
5 6 1 7500.00 2.59 20 10 1 1 3
5 6 -1 7500.00 2.59 20 1 1 1 3
5 7 1 7500.00 2.59 20 16 1 1 3
5 7 -1 7500.00 2.59 20 10 1 1 3
5 8 1 7500.00 2.59 20 7 0 1 3
5 8 -1 7500.00 2.59 20 13 0 1 3
6 1 1 7500.00 2.59 20 10 1 1 0
6 1 -1 7500.00 2.59 20 17 1 1 0
6 2 1 7500.00 2.59 20 9 1 1 0
6 2 -1 7500.00 2.59 20 12 1 1 0
6 3 0 15000.00 2.59 40 15 1 1 0
6 4 0 15000.00 2.59 40 14 1 1 0
6 5 0 15000.00 2.59 40 7 1 1 0
6 6 0 15000.00 2.59 40 13 1 1 0
6 7 0 15000.00 2.59 40 21 1 1 0
6 8 0 15000.00 2.59 40 13 0 1 0
7 1 0 15000.00 2.59 40 8 1 1 2
7 2 0 15000.00 2.59 40 11 1 1 2
7 3 0 15000.00 2.59 40 11 1 1 2
7 4 0 15000.00 2.59 40 11 1 1 0
7 5 0 15000.00 2.59 40 13 1 1 0
7 6 0 15000.00 2.59 40 12 1 1 2
#STACKS
90000.00 15.54 1
105000.00 18.13 1
120000.00 20.72 1
120000.00 20.72 1
120000.00 20.72 1
120000.00 20.72 1
120000.00 20.72 1
105000.00 18.13 1
90000.00 15.54 1
#CELLS
1 0 0 0 0 0 1
1 0 0 0 0 0 1
1 0 0 1 1 1 1
1 0 0 1 1 1 1
1 0 0 1 1 1 1
1 0 0 1 1 1 1
1 0 0 1 1 1 1
1 0 0 1 1 1 1
2 0 0 0 0 0 1
2 0 1 1 1 1 1
2 0 1 1 1 1 1
2 0 1 1 1 1 1
2 0 1 1 1 1 1
2 0 1 1 1 1 1
2 0 1 1 1 1 1
2 0 0 1 1 1 1
3 1 1 1 1 1 1
3 1 1 1 1 1 1
3 1 1 1 1 1 1
3 1 1 1 1 1 1
3 1 1 1 1 1 1
3 1 1 1 1 1 1
3 1 1 1 1 1 1
3 0 0 1 1 1 1
4 1 1 1 1 1 1
4 1 1 1 1 1 1
4 1 1 1 1 1 1
4 1 1 1 1 1 1
4 1 1 1 1 1 1
4 1 1 1 1 1 1
4 1 1 1 1 1 1
4 0 0 1 1 1 1
5 1 1 1 1 1 1
5 1 1 1 1 1 1
5 1 1 1 1 1 1
5 1 1 1 1 1 1
5 1 1 1 1 1 1
5 1 1 1 1 1 1
5 1 1 1 1 1 1
5 0 0 1 1 1 1
6 1 1 1 1 1 1
6 1 1 1 1 1 1
6 1 1 1 1 1 1
6 1 1 1 1 1 1
6 1 1 1 1 1 1
6 1 1 1 1 1 1
6 1 1 1 1 1 1
6 0 0 1 1 1 1
7 1 1 1 1 1 1
7 1 1 1 1 1 1
7 1 1 1 1 1 1
7 1 1 1 1 1 1
7 1 1 1 1 1 1
7 1 1 1 1 1 1
7 1 1 1 1 1 1
7 0 0 1 1 1 1
8 0 0 0 0 0 1
8 0 1 1 1 1 1
8 0 1 1 1 1 1
8 0 1 1 1 1 1
8 0 1 1 1 1 1
8 0 1 1 1 1 1
8 0 1 1 1 1 1
8 0 0 1 1 1 1
9 0 0 0 0 0 1
9 0 0 0 0 0 1
9 0 0 1 1 1 1
9 0 0 1 1 1 1
9 0 0 1 1 1 1
9 0 0 1 1 1 1
9 0 0 1 1 1 1
9 0 0 1 1 1 1
#INFO-GEN
Namespace(bayType=3, francisco=True, meanPort=13, seed=3456, stdPort=5.199924608022632, target40=38, targetCapacity=94, targetHC=0, targetIMO=78, targetPorts=26, targetReefer=79, targetRelease=64, targetWeight=83)
