20 34 62 9 72 1 8
#POD
2 3 4 6 7 8 9 10 11 12 13 14 15 16 17 18 19 20 22 23
#LOCATIONS
1
#CONTAINERS_TOLOAD
0 0 0 15939.97 2.59 20 12 0 1 4
0 0 0 7110.99 2.59 20 11 0 1 4
0 0 0 9986.21 2.59 20 12 0 1 1
0 0 0 16992.57 2.59 20 15 0 1 1
0 0 0 5660.25 2.59 20 8 0 1 4
0 0 0 14971.29 2.59 20 17 0 1 4
0 0 0 5743.10 2.59 20 16 0 1 1
0 0 0 12940.60 2.59 20 8 0 1 1
0 0 0 10051.16 2.59 20 10 0 1 0
0 0 0 10716.29 2.59 20 16 0 1 0
0 0 0 10966.22 2.59 20 12 0 1 0
0 0 0 14643.58 2.59 20 14 0 1 0
0 0 0 6870.87 2.59 20 19 0 1 0
0 0 0 12576.58 2.59 20 4 0 1 0
0 0 0 8001.73 2.59 20 9 1 1 0
0 0 0 15040.68 2.59 20 2 0 1 0
0 0 0 8888.79 2.59 20 9 1 1 0
0 0 0 9084.24 2.59 20 15 0 1 0
0 0 0 17321.30 2.59 20 9 1 1 0
0 0 0 4779.13 2.59 20 15 0 1 0
0 0 0 16315.39 2.59 20 12 1 1 0
0 0 0 5042.43 2.59 20 13 0 1 0
0 0 0 13928.13 2.59 20 18 1 1 0
0 0 0 10887.81 2.59 20 2 0 1 0
0 0 0 11568.17 2.59 40 6 0 1 0
0 0 0 10259.76 2.59 40 4 0 1 3
0 0 0 11367.58 2.59 40 6 1 1 3
0 0 0 7358.58 2.59 40 16 0 1 0
0 0 0 17530.03 2.59 40 12 0 1 0
0 0 0 4182.69 2.59 40 8 1 1 0
0 0 0 10492.56 2.59 40 11 1 1 0
0 0 0 13678.33 2.59 40 14 1 1 0
0 0 0 9073.39 2.59 40 17 1 1 0
0 0 0 9779.61 2.59 40 18 1 1 0
#CONTAINERS_LOADED
3 1 1 7500.00 2.59 20 19 1 1 1
3 1 -1 7500.00 2.59 20 18 1 1 1
3 2 1 7500.00 2.59 20 11 1 1 4
3 2 -1 7500.00 2.59 20 20 1 1 4
3 3 1 7500.00 2.59 20 12 1 1 4
3 3 -1 7500.00 2.59 20 17 1 1 4
3 4 1 7500.00 2.59 20 7 1 1 1
3 4 -1 7500.00 2.59 20 15 1 1 1
3 5 1 7500.00 2.59 20 16 1 1 0
3 5 -1 7500.00 2.59 20 17 1 1 0
3 6 1 7500.00 2.59 20 12 1 1 1
3 6 -1 7500.00 2.59 20 19 1 1 1
3 7 1 7500.00 2.59 20 12 1 1 4
3 7 -1 7500.00 2.59 20 2 1 1 4
3 8 1 7500.00 2.59 20 16 0 1 4
3 8 -1 7500.00 2.59 20 19 0 1 4
4 1 1 7500.00 2.59 20 7 1 1 0
4 1 -1 7500.00 2.59 20 19 1 1 0
4 2 1 7500.00 2.59 20 6 1 1 0
4 2 -1 7500.00 2.59 20 11 1 1 0
4 3 1 7500.00 2.59 20 7 1 1 0
4 3 -1 7500.00 2.59 20 6 1 1 0
4 4 1 7500.00 2.59 20 7 1 1 0
4 4 -1 7500.00 2.59 20 13 1 1 0
4 5 1 7500.00 2.59 20 8 1 1 0
4 5 -1 7500.00 2.59 20 9 1 1 0
4 6 1 7500.00 2.59 20 15 1 1 0
4 6 -1 7500.00 2.59 20 13 1 1 0
4 7 1 7500.00 2.59 20 12 1 1 0
4 7 -1 7500.00 2.59 20 8 1 1 0
4 8 1 7500.00 2.59 20 14 0 1 0
4 8 -1 7500.00 2.59 20 2 0 1 0
5 1 1 7500.00 2.59 20 18 1 1 3
5 1 -1 7500.00 2.59 20 17 1 1 3
5 2 1 7500.00 2.59 20 15 1 1 3
5 2 -1 7500.00 2.59 20 6 1 1 3
5 3 1 7500.00 2.59 20 13 1 1 3
5 3 -1 7500.00 2.59 20 9 1 1 3
5 4 1 7500.00 2.59 20 9 1 1 3
5 4 -1 7500.00 2.59 20 9 1 1 3
5 5 1 7500.00 2.59 20 8 1 1 3
5 5 -1 7500.00 2.59 20 22 1 1 3
5 6 1 7500.00 2.59 20 18 1 1 0
5 6 -1 7500.00 2.59 20 12 1 1 0
5 7 1 7500.00 2.59 20 12 1 1 3
5 7 -1 7500.00 2.59 20 23 1 1 3
5 8 1 7500.00 2.59 20 3 0 1 3
5 8 -1 7500.00 2.59 20 9 0 1 3
6 1 1 7500.00 2.59 20 15 1 1 0
6 1 -1 7500.00 2.59 20 15 1 1 0
6 2 0 15000.00 2.59 40 6 1 1 0
6 3 0 15000.00 2.59 40 16 1 1 0
6 4 0 15000.00 2.59 40 13 1 1 0
6 5 0 15000.00 2.59 40 19 1 1 0
6 6 0 15000.00 2.59 40 6 1 1 0
6 7 0 15000.00 2.59 40 10 1 1 0
6 8 0 15000.00 2.59 40 11 0 1 0
7 1 0 15000.00 2.59 40 12 1 1 4
7 2 0 15000.00 2.59 40 3 1 1 3
7 3 0 15000.00 2.59 40 14 1 1 4
7 4 0 15000.00 2.59 40 7 1 1 3
7 5 0 15000.00 2.59 40 12 1 1 4
#STACKS
90000.00 15.54 1
105000.00 18.13 1
120000.00 20.72 1
120000.00 20.72 1
120000.00 20.72 1
120000.00 20.72 1
120000.00 20.72 1
105000.00 18.13 1
90000.00 15.54 1
#CELLS
1 0 0 0 0 0 1
1 0 0 0 0 0 1
1 0 0 1 1 1 1
1 0 0 1 1 1 1
1 0 0 1 1 1 1
1 0 0 1 1 1 1
1 0 0 1 1 1 1
1 0 0 1 1 1 1
2 0 0 0 0 0 1
2 0 1 1 1 1 1
2 0 1 1 1 1 1
2 0 1 1 1 1 1
2 0 1 1 1 1 1
2 0 1 1 1 1 1
2 0 1 1 1 1 1
2 0 0 1 1 1 1
3 1 1 1 1 1 1
3 1 1 1 1 1 1
3 1 1 1 1 1 1
3 1 1 1 1 1 1
3 1 1 1 1 1 1
3 1 1 1 1 1 1
3 1 1 1 1 1 1
3 0 0 1 1 1 1
4 1 1 1 1 1 1
4 1 1 1 1 1 1
4 1 1 1 1 1 1
4 1 1 1 1 1 1
4 1 1 1 1 1 1
4 1 1 1 1 1 1
4 1 1 1 1 1 1
4 0 0 1 1 1 1
5 1 1 1 1 1 1
5 1 1 1 1 1 1
5 1 1 1 1 1 1
5 1 1 1 1 1 1
5 1 1 1 1 1 1
5 1 1 1 1 1 1
5 1 1 1 1 1 1
5 0 0 1 1 1 1
6 1 1 1 1 1 1
6 1 1 1 1 1 1
6 1 1 1 1 1 1
6 1 1 1 1 1 1
6 1 1 1 1 1 1
6 1 1 1 1 1 1
6 1 1 1 1 1 1
6 0 0 1 1 1 1
7 1 1 1 1 1 1
7 1 1 1 1 1 1
7 1 1 1 1 1 1
7 1 1 1 1 1 1
7 1 1 1 1 1 1
7 1 1 1 1 1 1
7 1 1 1 1 1 1
7 0 0 1 1 1 1
8 0 0 0 0 0 1
8 0 1 1 1 1 1
8 0 1 1 1 1 1
8 0 1 1 1 1 1
8 0 1 1 1 1 1
8 0 1 1 1 1 1
8 0 1 1 1 1 1
8 0 0 1 1 1 1
9 0 0 0 0 0 1
9 0 0 0 0 0 1
9 0 0 1 1 1 1
9 0 0 1 1 1 1
9 0 0 1 1 1 1
9 0 0 1 1 1 1
9 0 0 1 1 1 1
9 0 0 1 1 1 1
#INFO-GEN
Namespace(bayType=3, francisco=True, meanPort=13, seed=3456, stdPort=5.199924608022632, target40=38, targetCapacity=90, targetHC=10, targetIMO=78, targetPorts=26, targetReefer=79, targetRelease=64, targetWeight=85)
