22 27 59 9 72 1 8
#POD
1 2 3 4 5 6 7 8 9 10 11 12 13 14 15 16 17 18 19 20 21 22
#LOCATIONS
1
#CONTAINERS_TOLOAD
0 0 0 19760.34 2.59 20 15 0 1 0
0 0 0 8324.71 2.59 20 12 0 1 0
0 0 0 12048.80 2.59 20 20 0 1 0
0 0 0 21123.71 2.59 20 10 0 1 0
0 0 0 6445.66 2.59 20 17 1 1 0
0 0 0 18505.67 2.59 20 6 0 1 0
0 0 0 6552.97 2.59 20 16 1 1 0
0 0 0 15875.44 2.59 20 15 0 1 0
0 0 0 12132.93 2.59 20 6 1 1 0
0 0 0 12994.43 2.59 20 5 0 1 0
0 0 0 13318.16 2.59 20 3 1 1 0
0 0 0 18081.21 2.59 20 19 0 1 0
0 0 0 8013.70 2.59 20 21 1 1 0
0 0 0 15403.95 2.59 20 11 0 1 0
0 0 0 9478.43 2.59 40 15 0 1 4
0 0 0 18595.54 2.90 40 9 0 1 0
0 0 0 10627.39 2.59 40 9 1 1 4
0 0 0 10880.54 2.59 40 5 1 1 3
0 0 0 21549.49 2.59 40 2 1 1 4
0 0 0 5304.40 2.59 40 17 1 1 3
0 0 0 20246.60 2.59 40 21 1 1 3
0 0 0 5645.43 2.59 40 7 0 1 0
0 0 0 17154.53 2.59 40 11 0 1 0
0 0 0 13216.59 2.90 40 12 1 1 0
0 0 0 14097.82 2.90 40 17 1 1 0
0 0 0 12403.11 2.90 40 11 1 1 0
0 0 0 8618.45 2.59 40 15 1 1 0
#CONTAINERS_LOADED
3 1 1 7500.00 2.59 20 10 1 1 3
3 1 -1 7500.00 2.59 20 17 1 1 3
3 2 1 7500.00 2.59 20 19 1 1 0
3 2 -1 7500.00 2.59 20 11 1 1 0
3 3 1 7500.00 2.59 20 13 1 1 0
3 3 -1 7500.00 2.59 20 14 1 1 0
3 4 1 7500.00 2.59 20 11 1 1 0
3 4 -1 7500.00 2.59 20 6 1 1 0
3 5 1 7500.00 2.59 20 12 1 1 3
3 5 -1 7500.00 2.59 20 22 1 1 3
3 6 1 7500.00 2.59 20 9 1 1 0
3 6 -1 7500.00 2.59 20 15 1 1 0
3 7 1 7500.00 2.59 20 10 1 1 4
3 7 -1 7500.00 2.59 20 3 1 1 4
3 8 1 7500.00 2.59 20 11 0 1 3
3 8 -1 7500.00 2.59 20 21 0 1 3
4 1 1 7500.00 2.59 20 12 1 1 0
4 1 -1 7500.00 2.59 20 19 1 1 0
4 2 1 7500.00 2.59 20 18 1 1 0
4 2 -1 7500.00 2.59 20 11 1 1 0
4 3 1 7500.00 2.59 20 12 1 1 0
4 3 -1 7500.00 2.59 20 12 1 1 0
4 4 1 7500.00 2.59 20 8 1 1 0
4 4 -1 7500.00 2.59 20 10 1 1 0
4 5 1 7500.00 2.59 20 8 1 1 0
4 5 -1 7500.00 2.59 20 15 1 1 0
4 6 1 7500.00 2.59 20 2 1 1 0
4 6 -1 7500.00 2.59 20 10 1 1 0
4 7 1 7500.00 2.59 20 16 1 1 0
4 7 -1 7500.00 2.59 20 15 1 1 0
4 8 1 7500.00 2.59 20 6 0 1 0
4 8 -1 7500.00 2.59 20 3 0 1 0
5 1 1 7500.00 2.59 20 9 1 1 3
5 1 -1 7500.00 2.59 20 22 1 1 3
5 2 1 7500.00 2.59 20 14 1 1 4
5 2 -1 7500.00 2.59 20 8 1 1 4
5 3 1 7500.00 2.59 20 16 1 1 4
5 3 -1 7500.00 2.59 20 4 1 1 4
5 4 1 7500.00 2.59 20 16 1 1 0
5 4 -1 7500.00 2.59 20 5 1 1 0
5 5 1 7500.00 2.59 20 14 1 1 0
5 5 -1 7500.00 2.59 20 15 1 1 0
5 6 1 7500.00 2.59 20 7 1 1 3
5 6 -1 7500.00 2.59 20 7 1 1 3
5 7 1 7500.00 2.59 20 15 1 1 3
5 7 -1 7500.00 2.59 20 16 1 1 3
5 8 1 7500.00 2.59 20 14 0 1 0
5 8 -1 7500.00 2.59 20 16 0 1 0
6 1 1 7500.00 2.59 20 10 1 1 0
6 1 -1 7500.00 2.59 20 18 1 1 0
6 2 1 7500.00 2.59 20 10 1 1 0
6 2 -1 7500.00 2.59 20 14 1 1 0
6 3 0 15000.00 2.59 40 10 1 1 0
6 4 0 15000.00 2.59 40 16 1 1 0
6 5 0 15000.00 2.59 40 10 1 1 0
6 6 0 15000.00 2.59 40 1 1 1 0
6 7 0 15000.00 2.59 40 16 1 1 0
6 8 0 15000.00 2.59 40 10 0 1 0
7 1 0 15000.00 2.59 40 7 1 1 0
#STACKS
90000.00 15.54 1
105000.00 18.13 1
120000.00 20.72 1
120000.00 20.72 1
120000.00 20.72 1
120000.00 20.72 1
120000.00 20.72 1
105000.00 18.13 1
90000.00 15.54 1
#CELLS
1 0 0 0 0 0 1
1 0 0 0 0 0 1
1 0 0 1 1 1 1
1 0 0 1 1 1 1
1 0 0 1 1 1 1
1 0 0 1 1 1 1
1 0 0 1 1 1 1
1 0 0 1 1 1 1
2 0 0 0 0 0 1
2 0 1 1 1 1 1
2 0 1 1 1 1 1
2 0 1 1 1 1 1
2 0 1 1 1 1 1
2 0 1 1 1 1 1
2 0 1 1 1 1 1
2 0 0 1 1 1 1
3 1 1 1 1 1 1
3 1 1 1 1 1 1
3 1 1 1 1 1 1
3 1 1 1 1 1 1
3 1 1 1 1 1 1
3 1 1 1 1 1 1
3 1 1 1 1 1 1
3 0 0 1 1 1 1
4 1 1 1 1 1 1
4 1 1 1 1 1 1
4 1 1 1 1 1 1
4 1 1 1 1 1 1
4 1 1 1 1 1 1
4 1 1 1 1 1 1
4 1 1 1 1 1 1
4 0 0 1 1 1 1
5 1 1 1 1 1 1
5 1 1 1 1 1 1
5 1 1 1 1 1 1
5 1 1 1 1 1 1
5 1 1 1 1 1 1
5 1 1 1 1 1 1
5 1 1 1 1 1 1
5 0 0 1 1 1 1
6 1 1 1 1 1 1
6 1 1 1 1 1 1
6 1 1 1 1 1 1
6 1 1 1 1 1 1
6 1 1 1 1 1 1
6 1 1 1 1 1 1
6 1 1 1 1 1 1
6 0 0 1 1 1 1
7 1 1 1 1 1 1
7 1 1 1 1 1 1
7 1 1 1 1 1 1
7 1 1 1 1 1 1
7 1 1 1 1 1 1
7 1 1 1 1 1 1
7 1 1 1 1 1 1
7 0 0 1 1 1 1
8 0 0 0 0 0 1
8 0 1 1 1 1 1
8 0 1 1 1 1 1
8 0 1 1 1 1 1
8 0 1 1 1 1 1
8 0 1 1 1 1 1
8 0 1 1 1 1 1
8 0 0 1 1 1 1
9 0 0 0 0 0 1
9 0 0 0 0 0 1
9 0 0 1 1 1 1
9 0 0 1 1 1 1
9 0 0 1 1 1 1
9 0 0 1 1 1 1
9 0 0 1 1 1 1
9 0 0 1 1 1 1
#INFO-GEN
Namespace(bayType=3, francisco=True, meanPort=13, seed=3456, stdPort=5.199924608022632, target40=38, targetCapacity=81, targetHC=20, targetIMO=78, targetPorts=26, targetReefer=79, targetRelease=64, targetWeight=72)
