11 74 38 9 72 1 8
#POD
1 2 3 4 5 6 7 8 9 10 11
#LOCATIONS
1
#CONTAINERS_TOLOAD
0 0 0 8268.55 2.59 20 4 0 1 2
0 0 0 11635.76 2.59 20 5 0 1 2
0 0 0 4015.79 2.59 20 7 0 1 2
0 0 0 7741.67 2.59 20 2 0 1 2
0 0 0 11322.15 2.59 20 1 0 1 0
0 0 0 4240.41 2.59 20 3 0 1 0
0 0 0 10769.76 2.59 20 9 0 1 2
0 0 0 5272.75 2.59 20 3 0 1 2
0 0 0 8738.14 2.59 20 10 0 1 2
0 0 0 8312.60 2.59 20 6 0 1 2
0 0 0 6553.83 2.59 20 2 0 1 0
0 0 0 9703.39 2.59 20 1 0 1 0
0 0 0 6086.60 2.59 20 3 0 1 0
0 0 0 7869.41 2.59 20 11 0 1 0
0 0 0 7039.51 2.59 20 5 0 1 0
0 0 0 10318.83 2.59 20 7 0 1 0
0 0 0 5052.41 2.59 20 1 0 1 0
0 0 0 8421.33 2.59 20 9 0 1 0
0 0 0 8505.58 2.59 20 8 0 1 0
0 0 0 8006.99 2.59 20 6 0 1 0
0 0 0 6741.17 2.59 20 4 0 1 0
0 0 0 10272.45 2.59 20 1 0 1 0
0 0 0 6063.95 2.59 20 10 1 1 0
0 0 0 7627.29 2.59 20 4 0 1 0
0 0 0 10301.80 2.59 20 11 1 1 0
0 0 0 4810.59 2.59 20 11 0 1 0
0 0 0 9991.09 2.59 20 6 0 1 4
0 0 0 5819.85 2.59 20 3 0 1 4
0 0 0 8886.43 2.59 20 8 0 1 4
0 0 0 8183.24 2.59 20 5 0 1 4
0 0 0 5758.98 2.59 20 2 0 1 0
0 0 0 11425.20 2.59 20 4 0 1 0
0 0 0 4356.99 2.59 20 9 0 1 4
0 0 0 7755.37 2.59 20 10 0 1 4
0 0 0 10340.44 2.59 20 7 0 1 3
0 0 0 6242.03 2.59 20 7 0 1 3
0 0 0 9985.75 2.59 20 1 1 1 4
0 0 0 4485.93 2.59 20 8 1 1 4
0 0 0 9812.11 2.59 20 9 1 1 3
0 0 0 7080.69 2.59 20 1 1 1 3
0 0 0 8900.35 2.59 20 2 1 1 3
0 0 0 5906.78 2.59 20 1 1 1 3
0 0 0 8426.62 2.59 20 4 0 1 0
0 0 0 9786.78 2.59 20 1 0 1 0
0 0 0 5260.06 2.59 20 8 0 1 0
0 0 0 9228.08 2.59 20 3 0 1 0
0 0 0 8047.81 2.59 20 10 0 1 0
0 0 0 6197.58 2.59 20 4 0 1 0
0 0 0 8171.70 2.59 20 9 0 1 0
0 0 0 9252.88 2.59 20 3 0 1 0
0 0 0 6087.56 2.59 20 3 0 1 0
0 0 0 8111.75 2.59 20 2 0 1 0
0 0 0 7385.83 2.59 40 4 0 1 2
0 0 0 7507.91 2.59 40 4 0 1 2
0 0 0 9511.32 2.59 40 7 0 1 0
0 0 0 6281.09 2.59 40 3 0 1 2
0 0 0 9238.34 2.59 40 8 0 1 2
0 0 0 6191.58 2.59 40 2 1 1 2
0 0 0 11795.36 2.59 40 9 1 1 2
0 0 0 4049.56 2.59 20 9 1 1 2
0 0 0 8415.68 2.59 20 3 1 1 2
0 0 0 6961.21 2.59 40 4 0 1 0
0 0 0 10973.54 2.59 40 2 0 1 0
0 0 0 4531.68 2.59 40 4 0 1 0
0 0 0 9947.91 2.59 40 9 0 1 0
0 0 0 6504.28 2.59 40 11 0 1 0
0 0 0 7572.98 2.59 40 7 0 1 0
0 0 0 9873.02 2.59 40 1 1 1 0
0 0 0 6011.48 2.59 40 8 0 1 3
0 0 0 9107.55 2.59 40 10 0 1 3
0 0 0 5974.74 2.59 40 10 0 1 4
0 0 0 7835.29 2.59 40 10 0 1 3
0 0 0 7842.54 2.59 40 6 0 1 3
0 0 0 7380.39 2.59 40 7 0 1 4
#CONTAINERS_LOADED
4 1 1 7500.00 2.59 20 2 1 1 0
4 1 -1 7500.00 2.59 20 10 1 1 0
4 2 1 7500.00 2.59 20 2 1 1 0
4 2 -1 7500.00 2.59 20 5 1 1 0
4 3 1 7500.00 2.59 20 5 1 1 0
4 3 -1 7500.00 2.59 20 2 1 1 0
4 4 1 7500.00 2.59 20 2 1 1 0
4 4 -1 7500.00 2.59 20 6 1 1 0
4 5 1 7500.00 2.59 20 3 1 1 0
4 5 -1 7500.00 2.59 20 3 1 1 0
4 6 1 7500.00 2.59 20 6 1 1 0
4 6 -1 7500.00 2.59 20 8 1 1 0
4 7 1 7500.00 2.59 20 8 1 1 0
4 7 -1 7500.00 2.59 20 8 1 1 0
4 8 1 7500.00 2.59 20 1 0 1 0
4 8 -1 7500.00 2.59 20 7 0 1 0
5 1 1 7500.00 2.59 20 8 1 1 0
5 1 -1 7500.00 2.59 20 5 1 1 0
5 2 1 7500.00 2.59 20 1 1 1 4
5 2 -1 7500.00 2.59 20 9 1 1 4
5 3 1 7500.00 2.59 20 7 1 1 0
5 3 -1 7500.00 2.59 20 10 1 1 0
5 4 1 7500.00 2.59 20 6 1 1 1
5 4 -1 7500.00 2.59 20 4 1 1 1
5 5 1 7500.00 2.59 20 6 1 1 1
5 5 -1 7500.00 2.59 20 2 1 1 1
5 6 1 7500.00 2.59 20 2 1 1 0
5 6 -1 7500.00 2.59 20 4 1 1 0
5 7 1 7500.00 2.59 20 2 1 1 0
5 7 -1 7500.00 2.59 20 6 1 1 0
5 8 1 7500.00 2.59 20 7 0 1 4
5 8 -1 7500.00 2.59 20 9 0 1 4
6 1 1 7500.00 2.59 20 9 1 1 0
6 1 -1 7500.00 2.59 20 6 1 1 0
6 2 1 7500.00 2.59 20 1 1 1 0
6 2 -1 7500.00 2.59 20 4 1 1 0
6 3 1 7500.00 2.59 20 1 1 1 0
6 3 -1 7500.00 2.59 20 5 1 1 0
#STACKS
90000.00 15.54 1
105000.00 18.13 1
120000.00 20.72 1
120000.00 20.72 1
120000.00 20.72 1
120000.00 20.72 1
120000.00 20.72 1
105000.00 18.13 1
90000.00 15.54 1
#CELLS
1 0 0 0 0 0 1
1 0 0 0 0 0 1
1 0 0 1 1 1 1
1 0 0 1 1 1 1
1 0 0 1 1 1 1
1 0 0 1 1 1 1
1 0 0 1 1 1 1
1 0 0 1 1 1 1
2 0 0 0 0 0 1
2 0 1 1 1 1 1
2 0 1 1 1 1 1
2 0 1 1 1 1 1
2 0 1 1 1 1 1
2 0 1 1 1 1 1
2 0 1 1 1 1 1
2 0 0 1 1 1 1
3 1 1 1 1 1 1
3 1 1 1 1 1 1
3 1 1 1 1 1 1
3 1 1 1 1 1 1
3 1 1 1 1 1 1
3 1 1 1 1 1 1
3 1 1 1 1 1 1
3 0 0 1 1 1 1
4 1 1 1 1 1 1
4 1 1 1 1 1 1
4 1 1 1 1 1 1
4 1 1 1 1 1 1
4 1 1 1 1 1 1
4 1 1 1 1 1 1
4 1 1 1 1 1 1
4 0 0 1 1 1 1
5 1 1 1 1 1 1
5 1 1 1 1 1 1
5 1 1 1 1 1 1
5 1 1 1 1 1 1
5 1 1 1 1 1 1
5 1 1 1 1 1 1
5 1 1 1 1 1 1
5 0 0 1 1 1 1
6 1 1 1 1 1 1
6 1 1 1 1 1 1
6 1 1 1 1 1 1
6 1 1 1 1 1 1
6 1 1 1 1 1 1
6 1 1 1 1 1 1
6 1 1 1 1 1 1
6 0 0 1 1 1 1
7 1 1 1 1 1 1
7 1 1 1 1 1 1
7 1 1 1 1 1 1
7 1 1 1 1 1 1
7 1 1 1 1 1 1
7 1 1 1 1 1 1
7 1 1 1 1 1 1
7 0 0 1 1 1 1
8 0 0 0 0 0 1
8 0 1 1 1 1 1
8 0 1 1 1 1 1
8 0 1 1 1 1 1
8 0 1 1 1 1 1
8 0 1 1 1 1 1
8 0 1 1 1 1 1
8 0 0 1 1 1 1
9 0 0 0 0 0 1
9 0 0 0 0 0 1
9 0 0 1 1 1 1
9 0 0 1 1 1 1
9 0 0 1 1 1 1
9 0 0 1 1 1 1
9 0 0 1 1 1 1
9 0 0 1 1 1 1
#INFO-GEN
Namespace(bayType=3, francisco=True, meanPort=3, seed=2344, stdPort=9.060412580630677, target40=31, targetCapacity=100, targetHC=0, targetIMO=70, targetPorts=11, targetReefer=30, targetRelease=30, targetWeight=82)
