11 72 38 9 72 1 8
#POD
1 2 3 4 5 6 7 8 9 10 11
#LOCATIONS
1
#CONTAINERS_TOLOAD
0 0 0 7862.35 2.59 20 4 0 1 2
0 0 0 10969.95 2.59 20 5 0 1 2
0 0 0 3937.47 2.59 20 7 0 1 2
0 0 0 7376.10 2.59 20 2 0 1 2
0 0 0 10680.52 2.59 20 1 0 1 0
0 0 0 4144.77 2.59 20 3 0 1 0
0 0 0 10170.72 2.59 20 9 0 1 2
0 0 0 5097.53 2.59 20 3 0 1 2
0 0 0 8295.73 2.59 20 10 0 1 2
0 0 0 7903.01 2.59 20 6 0 1 2
0 0 0 6279.84 2.59 20 2 0 1 0
0 0 0 9186.57 2.59 20 1 0 1 0
0 0 0 5848.62 2.59 20 3 0 1 0
0 0 0 7493.98 2.59 20 11 0 1 0
0 0 0 6728.07 2.59 20 5 0 1 0
0 0 0 9754.56 2.59 20 7 0 1 0
0 0 0 4894.17 2.59 20 1 0 1 0
0 0 0 8003.35 2.59 20 9 0 1 0
0 0 0 8081.11 2.59 20 8 0 1 0
0 0 0 7620.96 2.59 20 6 0 1 0
0 0 0 6452.73 2.59 20 4 0 1 0
0 0 0 9711.75 2.59 20 1 0 1 0
0 0 0 5827.72 2.59 20 10 1 1 0
0 0 0 7270.53 2.59 20 4 0 1 0
0 0 0 9738.84 2.59 20 11 1 1 0
0 0 0 4671.00 2.59 20 11 0 1 0
0 0 0 9452.09 2.59 20 6 0 1 4
0 0 0 5602.44 2.59 20 3 0 1 4
0 0 0 8432.59 2.59 20 8 0 1 4
0 0 0 7783.62 2.59 20 5 0 1 4
0 0 0 5546.27 2.59 20 2 0 1 0
0 0 0 10775.62 2.59 20 4 0 1 0
0 0 0 4252.37 2.59 20 9 0 1 4
0 0 0 7388.74 2.59 20 10 0 1 4
0 0 0 9774.50 2.59 20 7 0 1 3
0 0 0 5992.07 2.59 20 7 0 1 3
0 0 0 9447.15 2.59 20 1 1 1 4
0 0 0 4371.37 2.59 20 8 1 1 4
0 0 0 9286.91 2.59 20 9 1 1 3
0 0 0 6766.07 2.59 20 1 1 1 3
0 0 0 8445.44 2.59 20 2 1 1 3
0 0 0 5682.67 2.59 20 1 1 1 3
0 0 0 8008.23 2.59 20 4 0 1 0
0 0 0 9263.52 2.59 20 1 0 1 0
0 0 0 5085.81 2.59 20 8 0 1 0
0 0 0 8747.90 2.59 20 3 0 1 0
0 0 0 7658.63 2.59 20 10 0 1 0
0 0 0 5951.05 2.59 20 4 0 1 0
0 0 0 7772.97 2.59 20 9 0 1 0
0 0 0 8770.79 2.59 20 3 0 1 0
0 0 0 5849.51 2.59 20 3 0 1 0
0 0 0 7717.64 2.59 20 2 0 1 0
0 0 0 7047.68 2.59 40 4 0 1 2
0 0 0 7160.36 2.59 40 4 0 1 2
0 0 0 9009.30 2.90 40 7 0 1 0
0 0 0 6028.13 2.90 40 3 0 1 2
0 0 0 8757.37 2.59 40 8 0 1 2
0 0 0 5945.51 2.59 40 2 1 1 2
0 0 0 11117.25 2.59 40 9 1 1 2
0 0 0 3968.64 2.59 40 9 1 1 2
0 0 0 7998.14 2.59 40 3 0 1 0
0 0 0 6655.81 2.90 40 4 0 1 0
0 0 0 10358.79 2.59 40 2 0 1 0
0 0 0 4413.59 2.90 40 4 0 1 0
0 0 0 9412.24 2.59 40 9 0 1 0
0 0 0 6234.10 2.59 40 11 0 1 0
0 0 0 7220.41 2.59 40 7 1 1 0
0 0 0 9343.11 2.59 40 1 0 1 0
0 0 0 5779.30 2.59 40 8 0 1 4
0 0 0 8636.66 2.59 40 10 0 1 0
0 0 0 5745.39 2.59 40 10 0 1 3
0 0 0 7092.34 2.59 40 10 0 1 4
#CONTAINERS_LOADED
4 1 1 7500.00 2.59 20 6 1 1 0
4 1 -1 7500.00 2.59 20 7 1 1 0
4 2 1 7500.00 2.59 20 2 1 1 0
4 2 -1 7500.00 2.59 20 10 1 1 0
4 3 1 7500.00 2.59 20 2 1 1 0
4 3 -1 7500.00 2.59 20 5 1 1 0
4 4 1 7500.00 2.59 20 5 1 1 0
4 4 -1 7500.00 2.59 20 2 1 1 0
4 5 1 7500.00 2.59 20 2 1 1 0
4 5 -1 7500.00 2.59 20 6 1 1 0
4 6 1 7500.00 2.59 20 3 1 1 0
4 6 -1 7500.00 2.59 20 3 1 1 0
4 7 1 7500.00 2.59 20 6 1 1 0
4 7 -1 7500.00 2.59 20 8 1 1 0
4 8 1 7500.00 2.59 20 8 0 1 0
4 8 -1 7500.00 2.59 20 8 0 1 0
5 1 1 7500.00 2.59 20 1 1 1 1
5 1 -1 7500.00 2.59 20 7 1 1 1
5 2 1 7500.00 2.59 20 8 1 1 0
5 2 -1 7500.00 2.59 20 5 1 1 0
5 3 1 7500.00 2.59 20 1 1 1 1
5 3 -1 7500.00 2.59 20 9 1 1 1
5 4 1 7500.00 2.59 20 7 1 1 0
5 4 -1 7500.00 2.59 20 10 1 1 0
5 5 1 7500.00 2.59 20 6 1 1 1
5 5 -1 7500.00 2.59 20 4 1 1 1
5 6 1 7500.00 2.59 20 6 1 1 4
5 6 -1 7500.00 2.59 20 2 1 1 4
5 7 1 7500.00 2.59 20 2 1 1 0
5 7 -1 7500.00 2.59 20 4 1 1 0
5 8 1 7500.00 2.59 20 2 0 1 0
5 8 -1 7500.00 2.59 20 6 0 1 0
6 1 1 7500.00 2.59 20 7 1 1 0
6 1 -1 7500.00 2.59 20 9 1 1 0
6 2 1 7500.00 2.59 20 9 1 1 0
6 2 -1 7500.00 2.59 20 6 1 1 0
6 3 1 7500.00 2.59 20 1 1 1 0
6 3 -1 7500.00 2.59 20 4 1 1 0
#STACKS
90000.00 15.54 1
105000.00 18.13 1
120000.00 20.72 1
120000.00 20.72 1
120000.00 20.72 1
120000.00 20.72 1
120000.00 20.72 1
105000.00 18.13 1
90000.00 15.54 1
#CELLS
1 0 0 0 0 0 1
1 0 0 0 0 0 1
1 0 0 1 1 1 1
1 0 0 1 1 1 1
1 0 0 1 1 1 1
1 0 0 1 1 1 1
1 0 0 1 1 1 1
1 0 0 1 1 1 1
2 0 0 0 0 0 1
2 0 1 1 1 1 1
2 0 1 1 1 1 1
2 0 1 1 1 1 1
2 0 1 1 1 1 1
2 0 1 1 1 1 1
2 0 1 1 1 1 1
2 0 0 1 1 1 1
3 1 1 1 1 1 1
3 1 1 1 1 1 1
3 1 1 1 1 1 1
3 1 1 1 1 1 1
3 1 1 1 1 1 1
3 1 1 1 1 1 1
3 1 1 1 1 1 1
3 0 0 1 1 1 1
4 1 1 1 1 1 1
4 1 1 1 1 1 1
4 1 1 1 1 1 1
4 1 1 1 1 1 1
4 1 1 1 1 1 1
4 1 1 1 1 1 1
4 1 1 1 1 1 1
4 0 0 1 1 1 1
5 1 1 1 1 1 1
5 1 1 1 1 1 1
5 1 1 1 1 1 1
5 1 1 1 1 1 1
5 1 1 1 1 1 1
5 1 1 1 1 1 1
5 1 1 1 1 1 1
5 0 0 1 1 1 1
6 1 1 1 1 1 1
6 1 1 1 1 1 1
6 1 1 1 1 1 1
6 1 1 1 1 1 1
6 1 1 1 1 1 1
6 1 1 1 1 1 1
6 1 1 1 1 1 1
6 0 0 1 1 1 1
7 1 1 1 1 1 1
7 1 1 1 1 1 1
7 1 1 1 1 1 1
7 1 1 1 1 1 1
7 1 1 1 1 1 1
7 1 1 1 1 1 1
7 1 1 1 1 1 1
7 0 0 1 1 1 1
8 0 0 0 0 0 1
8 0 1 1 1 1 1
8 0 1 1 1 1 1
8 0 1 1 1 1 1
8 0 1 1 1 1 1
8 0 1 1 1 1 1
8 0 1 1 1 1 1
8 0 0 1 1 1 1
9 0 0 0 0 0 1
9 0 0 0 0 0 1
9 0 0 1 1 1 1
9 0 0 1 1 1 1
9 0 0 1 1 1 1
9 0 0 1 1 1 1
9 0 0 1 1 1 1
9 0 0 1 1 1 1
#INFO-GEN
Namespace(bayType=3, francisco=True, meanPort=3, seed=2344, stdPort=9.060412580630677, target40=31, targetCapacity=99, targetHC=40, targetIMO=70, targetPorts=11, targetReefer=30, targetRelease=30, targetWeight=76)
