11 57 28 9 72 1 8
#POD
1 2 3 4 5 6 7 8 9 10 11
#LOCATIONS
1
#CONTAINERS_TOLOAD
0 0 0 11102.09 2.59 20 1 0 1 0
0 0 0 16280.26 2.59 20 5 0 1 0
0 0 0 4562.10 2.59 20 7 0 1 0
0 0 0 10291.85 2.59 20 7 0 1 0
0 0 0 15797.99 2.59 20 5 0 1 0
0 0 0 4907.52 2.59 20 2 0 1 0
0 0 0 14948.50 2.59 20 5 0 1 0
0 0 0 6495.09 2.59 20 9 0 1 0
0 0 0 11824.23 2.59 20 3 0 1 0
0 0 0 11169.84 2.59 20 4 0 1 0
0 0 0 8465.16 2.59 20 2 1 1 0
0 0 0 13308.62 2.59 20 9 0 1 0
0 0 0 7746.64 2.59 20 3 1 1 0
0 0 0 10488.28 2.59 20 2 0 1 0
0 0 0 9212.04 2.59 20 11 0 1 4
0 0 0 14255.06 2.59 20 1 0 1 4
0 0 0 6156.24 2.59 20 11 0 1 3
0 0 0 11337.05 2.59 20 9 0 1 3
0 0 0 11466.60 2.59 20 4 0 1 4
0 0 0 10699.87 2.59 20 2 0 1 4
0 0 0 8753.25 2.59 20 7 0 1 4
0 0 0 14183.74 2.59 20 11 0 1 4
0 0 0 7711.81 2.59 20 9 0 1 4
0 0 0 10115.95 2.59 20 7 0 1 4
0 0 0 14228.87 2.59 20 7 0 1 4
0 0 0 5784.37 2.59 20 3 0 1 4
0 0 0 13751.06 2.59 20 6 1 1 3
0 0 0 7336.42 2.59 20 7 1 1 3
0 0 0 12052.28 2.59 20 7 1 1 4
0 0 0 10970.90 2.59 20 8 1 1 4
0 0 0 7242.82 2.59 20 5 0 1 0
0 0 0 15956.45 2.59 20 1 0 1 0
0 0 0 5086.81 2.59 20 7 0 1 0
0 0 0 10312.92 2.59 20 4 0 1 0
0 0 0 14288.30 2.59 40 9 0 1 0
0 0 0 7985.67 2.90 40 3 0 1 0
0 0 0 13742.83 2.90 40 5 0 1 0
0 0 0 5285.10 2.90 40 10 0 1 0
0 0 0 13475.82 2.59 20 10 0 1 0
0 0 0 9275.37 2.59 20 7 0 1 0
0 0 0 12073.68 2.59 20 10 0 1 0
0 0 0 7470.10 2.59 20 4 0 1 0
0 0 0 11345.18 2.59 20 2 1 1 0
0 0 0 13436.85 2.59 20 5 1 1 0
0 0 0 6475.56 2.59 20 5 1 1 0
0 0 0 12577.68 2.59 20 7 1 1 0
0 0 0 10762.63 2.59 40 11 0 1 4
0 0 0 7917.31 2.90 40 8 0 1 0
0 0 0 10953.16 2.59 40 6 0 1 4
0 0 0 12615.81 2.90 40 11 0 1 0
0 0 0 7748.12 2.90 40 7 0 1 3
0 0 0 10860.96 2.90 40 6 0 1 4
0 0 0 9744.62 2.90 40 7 1 1 4
0 0 0 9932.37 2.59 40 2 1 1 4
0 0 0 13013.25 2.59 40 7 0 1 0
0 0 0 8045.74 2.90 40 4 0 1 0
0 0 0 9771.22 2.59 40 5 1 1 0
#CONTAINERS_LOADED
4 1 1 7500.00 2.59 20 9 1 1 0
4 1 -1 7500.00 2.59 20 9 1 1 0
4 2 1 7500.00 2.59 20 4 1 1 0
4 2 -1 7500.00 2.59 20 3 1 1 0
4 3 1 7500.00 2.59 20 5 1 1 0
4 3 -1 7500.00 2.59 20 1 1 1 0
4 4 1 7500.00 2.59 20 3 1 1 0
4 4 -1 7500.00 2.59 20 2 1 1 0
4 5 1 7500.00 2.59 20 9 1 1 0
4 5 -1 7500.00 2.59 20 9 1 1 0
4 6 1 7500.00 2.59 20 11 1 1 0
4 6 -1 7500.00 2.59 20 1 1 1 0
5 1 1 7500.00 2.59 20 7 1 1 1
5 1 -1 7500.00 2.59 20 5 1 1 1
5 2 1 7500.00 2.59 20 5 1 1 0
5 2 -1 7500.00 2.59 20 5 1 1 0
5 3 1 7500.00 2.59 20 10 1 1 0
5 3 -1 7500.00 2.59 20 9 1 1 0
5 4 1 7500.00 2.59 20 4 1 1 1
5 4 -1 7500.00 2.59 20 2 1 1 1
5 5 1 7500.00 2.59 20 2 1 1 4
5 5 -1 7500.00 2.59 20 2 1 1 4
5 6 1 7500.00 2.59 20 8 1 1 1
5 6 -1 7500.00 2.59 20 7 1 1 1
5 7 1 7500.00 2.59 20 2 1 1 4
5 7 -1 7500.00 2.59 20 10 1 1 4
5 8 1 7500.00 2.59 20 8 0 1 1
5 8 -1 7500.00 2.59 20 10 0 1 1
#STACKS
90000.00 15.54 1
105000.00 18.13 1
120000.00 20.72 1
120000.00 20.72 1
120000.00 20.72 1
120000.00 20.72 1
120000.00 20.72 1
105000.00 18.13 1
90000.00 15.54 1
#CELLS
1 0 0 0 0 0 1
1 0 0 0 0 0 1
1 0 0 1 1 1 1
1 0 0 1 1 1 1
1 0 0 1 1 1 1
1 0 0 1 1 1 1
1 0 0 1 1 1 1
1 0 0 1 1 1 1
2 0 0 0 0 0 1
2 0 1 1 1 1 1
2 0 1 1 1 1 1
2 0 1 1 1 1 1
2 0 1 1 1 1 1
2 0 1 1 1 1 1
2 0 1 1 1 1 1
2 0 0 1 1 1 1
3 1 1 1 1 1 1
3 1 1 1 1 1 1
3 1 1 1 1 1 1
3 1 1 1 1 1 1
3 1 1 1 1 1 1
3 1 1 1 1 1 1
3 1 1 1 1 1 1
3 0 0 1 1 1 1
4 1 1 1 1 1 1
4 1 1 1 1 1 1
4 1 1 1 1 1 1
4 1 1 1 1 1 1
4 1 1 1 1 1 1
4 1 1 1 1 1 1
4 1 1 1 1 1 1
4 0 0 1 1 1 1
5 1 1 1 1 1 1
5 1 1 1 1 1 1
5 1 1 1 1 1 1
5 1 1 1 1 1 1
5 1 1 1 1 1 1
5 1 1 1 1 1 1
5 1 1 1 1 1 1
5 0 0 1 1 1 1
6 1 1 1 1 1 1
6 1 1 1 1 1 1
6 1 1 1 1 1 1
6 1 1 1 1 1 1
6 1 1 1 1 1 1
6 1 1 1 1 1 1
6 1 1 1 1 1 1
6 0 0 1 1 1 1
7 1 1 1 1 1 1
7 1 1 1 1 1 1
7 1 1 1 1 1 1
7 1 1 1 1 1 1
7 1 1 1 1 1 1
7 1 1 1 1 1 1
7 1 1 1 1 1 1
7 0 0 1 1 1 1
8 0 0 0 0 0 1
8 0 1 1 1 1 1
8 0 1 1 1 1 1
8 0 1 1 1 1 1
8 0 1 1 1 1 1
8 0 1 1 1 1 1
8 0 1 1 1 1 1
8 0 0 1 1 1 1
9 0 0 0 0 0 1
9 0 0 0 0 0 1
9 0 0 1 1 1 1
9 0 0 1 1 1 1
9 0 0 1 1 1 1
9 0 0 1 1 1 1
9 0 0 1 1 1 1
9 0 0 1 1 1 1
#INFO-GEN
Namespace(bayType=3, francisco=True, meanPort=3, seed=2344, stdPort=9.060412580630677, target40=31, targetCapacity=76, targetHC=50, targetIMO=70, targetPorts=11, targetReefer=30, targetRelease=30, targetWeight=76)
