24 49 42 9 72 1 8
#POD
1 2 3 4 5 6 7 8 9 10 11 12 13 14 15 16 17 18 21 22 23 24 25 26
#LOCATIONS
1
#CONTAINERS_TOLOAD
0 0 0 13256.05 2.59 20 24 0 1 0
0 0 0 17155.11 2.59 20 8 0 1 0
0 0 0 5691.15 2.59 20 5 0 1 0
0 0 0 13167.35 2.59 20 11 0 1 0
0 0 0 13495.04 2.59 20 4 1 1 0
0 0 0 14954.81 2.59 20 5 0 1 0
0 0 0 6565.72 2.59 20 4 1 1 0
0 0 0 20139.94 2.59 20 5 0 1 0
0 0 0 3588.87 2.59 20 7 1 1 0
0 0 0 18884.14 2.59 20 16 0 1 0
0 0 0 5162.20 2.59 20 9 1 1 0
0 0 0 20246.42 2.59 20 2 0 1 0
0 0 0 3860.06 2.59 20 9 1 1 0
0 0 0 20107.65 2.59 20 13 0 1 0
0 0 0 3757.48 2.59 20 11 0 1 0
0 0 0 16238.84 2.59 20 6 0 1 0
0 0 0 8491.51 2.59 20 2 0 1 0
0 0 0 18707.57 2.59 20 4 0 1 0
0 0 0 4785.88 2.59 20 4 1 1 0
0 0 0 12510.90 2.59 20 9 1 1 0
0 0 0 12596.00 2.59 20 13 1 1 0
0 0 0 17463.36 2.59 20 16 1 1 0
0 0 0 6195.13 2.59 20 7 1 1 0
0 0 0 12656.60 2.59 20 2 1 1 0
0 0 0 16630.24 2.59 20 7 1 1 0
0 0 0 6080.51 2.59 20 18 1 1 0
0 0 0 11853.21 2.59 20 2 1 1 0
0 0 0 19610.65 2.59 20 3 1 1 0
0 0 0 3697.04 2.59 20 11 1 1 0
0 0 0 19711.01 2.59 20 7 1 1 0
0 0 0 4504.08 2.59 20 14 0 1 0
0 0 0 19430.04 2.59 20 8 0 1 0
0 0 0 5184.81 2.59 20 26 0 1 0
0 0 0 13502.11 2.59 20 22 0 1 0
0 0 0 15085.87 2.59 20 21 1 1 0
0 0 0 7310.36 2.59 20 22 1 1 0
0 0 0 13364.46 2.59 40 10 0 1 0
0 0 0 10602.31 2.59 40 3 0 1 0
0 0 0 15290.70 2.59 40 25 1 1 0
0 0 0 11018.55 2.59 40 12 1 1 0
0 0 0 11168.41 2.59 40 1 1 1 0
0 0 0 13944.93 2.59 40 6 1 1 0
0 0 0 7695.50 2.59 40 5 1 1 0
0 0 0 16308.44 2.59 20 10 1 1 0
0 0 0 11207.09 2.59 20 15 1 1 0
0 0 0 11203.41 2.59 40 16 1 1 0
0 0 0 11155.34 2.59 40 1 1 1 0
0 0 0 11251.53 2.59 40 12 1 1 0
0 0 0 10727.59 2.59 40 10 1 1 0
#CONTAINERS_LOADED
4 1 1 7500.00 2.59 20 8 1 1 0
4 1 -1 7500.00 2.59 20 11 1 1 0
4 2 1 7500.00 2.59 20 1 1 1 0
4 2 -1 7500.00 2.59 20 6 1 1 0
4 3 1 7500.00 2.59 20 1 1 1 0
4 3 -1 7500.00 2.59 20 14 1 1 0
4 4 1 7500.00 2.59 20 13 1 1 0
4 4 -1 7500.00 2.59 20 12 1 1 0
4 5 1 7500.00 2.59 20 10 1 1 0
4 5 -1 7500.00 2.59 20 6 1 1 0
4 6 1 7500.00 2.59 20 9 1 1 0
4 6 -1 7500.00 2.59 20 21 1 1 0
4 7 1 7500.00 2.59 20 24 1 1 0
4 7 -1 7500.00 2.59 20 8 1 1 0
4 8 1 7500.00 2.59 20 13 0 1 0
4 8 -1 7500.00 2.59 20 15 0 1 0
5 1 1 7500.00 2.59 20 14 1 1 0
5 1 -1 7500.00 2.59 20 4 1 1 0
5 2 1 7500.00 2.59 20 10 1 1 0
5 2 -1 7500.00 2.59 20 23 1 1 0
5 3 1 7500.00 2.59 20 7 1 1 0
5 3 -1 7500.00 2.59 20 5 1 1 0
5 4 1 7500.00 2.59 20 14 1 1 0
5 4 -1 7500.00 2.59 20 10 1 1 0
5 5 1 7500.00 2.59 20 10 1 1 0
5 5 -1 7500.00 2.59 20 17 1 1 0
5 6 1 7500.00 2.59 20 18 1 1 0
5 6 -1 7500.00 2.59 20 1 1 1 0
5 7 1 7500.00 2.59 20 9 1 1 0
5 7 -1 7500.00 2.59 20 11 1 1 0
5 8 1 7500.00 2.59 20 17 0 1 0
5 8 -1 7500.00 2.59 20 8 0 1 0
6 1 1 7500.00 2.59 20 5 1 1 0
6 1 -1 7500.00 2.59 20 21 1 1 0
6 2 1 7500.00 2.59 20 10 1 1 0
6 2 -1 7500.00 2.59 20 13 1 1 0
6 3 1 7500.00 2.59 20 2 1 1 0
6 3 -1 7500.00 2.59 20 23 1 1 0
6 4 1 7500.00 2.59 20 16 1 1 0
6 4 -1 7500.00 2.59 20 23 1 1 0
6 5 1 7500.00 2.59 20 15 1 1 0
6 5 -1 7500.00 2.59 20 14 1 1 0
#STACKS
90000.00 15.54 1
105000.00 18.13 1
120000.00 20.72 1
120000.00 20.72 1
120000.00 20.72 1
120000.00 20.72 1
120000.00 20.72 1
105000.00 18.13 1
90000.00 15.54 1
#CELLS
1 0 0 0 0 0 1
1 0 0 0 0 0 1
1 0 0 1 1 1 1
1 0 0 1 1 1 1
1 0 0 1 1 1 1
1 0 0 1 1 1 1
1 0 0 1 1 1 1
1 0 0 1 1 1 1
2 0 0 0 0 0 1
2 0 1 1 1 1 1
2 0 1 1 1 1 1
2 0 1 1 1 1 1
2 0 1 1 1 1 1
2 0 1 1 1 1 1
2 0 1 1 1 1 1
2 0 0 1 1 1 1
3 1 1 1 1 1 1
3 1 1 1 1 1 1
3 1 1 1 1 1 1
3 1 1 1 1 1 1
3 1 1 1 1 1 1
3 1 1 1 1 1 1
3 1 1 1 1 1 1
3 0 0 1 1 1 1
4 1 1 1 1 1 1
4 1 1 1 1 1 1
4 1 1 1 1 1 1
4 1 1 1 1 1 1
4 1 1 1 1 1 1
4 1 1 1 1 1 1
4 1 1 1 1 1 1
4 0 0 1 1 1 1
5 1 1 1 1 1 1
5 1 1 1 1 1 1
5 1 1 1 1 1 1
5 1 1 1 1 1 1
5 1 1 1 1 1 1
5 1 1 1 1 1 1
5 1 1 1 1 1 1
5 0 0 1 1 1 1
6 1 1 1 1 1 1
6 1 1 1 1 1 1
6 1 1 1 1 1 1
6 1 1 1 1 1 1
6 1 1 1 1 1 1
6 1 1 1 1 1 1
6 1 1 1 1 1 1
6 0 0 1 1 1 1
7 1 1 1 1 1 1
7 1 1 1 1 1 1
7 1 1 1 1 1 1
7 1 1 1 1 1 1
7 1 1 1 1 1 1
7 1 1 1 1 1 1
7 1 1 1 1 1 1
7 0 0 1 1 1 1
8 0 0 0 0 0 1
8 0 1 1 1 1 1
8 0 1 1 1 1 1
8 0 1 1 1 1 1
8 0 1 1 1 1 1
8 0 1 1 1 1 1
8 0 1 1 1 1 1
8 0 0 1 1 1 1
9 0 0 0 0 0 1
9 0 0 0 0 0 1
9 0 0 1 1 1 1
9 0 0 1 1 1 1
9 0 0 1 1 1 1
9 0 0 1 1 1 1
9 0 0 1 1 1 1
9 0 0 1 1 1 1
#INFO-GEN
Namespace(bayType=3, francisco=True, meanPort=5, seed=6927, stdPort=13.322726086521277, target40=23, targetCapacity=78, targetHC=0, targetIMO=4, targetPorts=26, targetReefer=87, targetRelease=44, targetWeight=87)
