26 55 48 9 72 1 8
#POD
1 2 3 4 5 6 7 8 9 10 11 12 13 14 15 16 17 18 19 20 21 22 23 24 25 26
#LOCATIONS
1
#CONTAINERS_TOLOAD
0 0 0 10166.90 2.59 20 5 0 1 0
0 0 0 12891.56 2.59 20 11 0 1 0
0 0 0 4880.57 2.59 20 4 0 1 0
0 0 0 10104.92 2.59 20 5 0 1 0
0 0 0 10333.91 2.59 20 4 0 1 0
0 0 0 11354.00 2.59 20 5 0 1 0
0 0 0 5491.72 2.59 20 7 0 1 0
0 0 0 14977.35 2.59 20 16 0 1 0
0 0 0 3411.50 2.59 20 9 0 1 0
0 0 0 14099.80 2.59 20 2 0 1 0
0 0 0 4510.94 2.59 20 9 0 1 0
0 0 0 15051.76 2.59 20 13 0 1 0
0 0 0 3601.01 2.59 20 11 1 1 0
0 0 0 14954.79 2.59 20 6 0 1 0
0 0 0 3529.33 2.59 20 2 1 1 0
0 0 0 12251.27 2.59 20 4 0 1 0
0 0 0 6837.45 2.59 20 4 1 1 0
0 0 0 13976.42 2.59 20 9 0 1 0
0 0 0 4247.97 2.59 20 13 1 1 0
0 0 0 9646.19 2.59 20 16 0 1 0
0 0 0 9705.67 2.59 20 7 1 1 0
0 0 0 13106.96 2.59 20 2 0 1 0
0 0 0 5232.75 2.59 20 7 0 1 0
0 0 0 9748.01 2.59 20 18 0 1 0
0 0 0 12524.78 2.59 20 2 0 1 0
0 0 0 5152.65 2.59 20 3 0 1 0
0 0 0 9186.60 2.59 20 11 1 1 0
0 0 0 14607.49 2.59 20 7 1 1 0
0 0 0 3487.09 2.59 20 14 1 1 0
0 0 0 14677.62 2.59 20 8 1 1 0
0 0 0 4051.05 2.59 20 26 1 1 0
0 0 0 14481.28 2.59 20 22 1 1 0
0 0 0 4526.74 2.59 20 21 1 1 0
0 0 0 10338.85 2.59 20 22 1 1 0
0 0 0 11445.58 2.59 20 10 1 1 0
0 0 0 6012.07 2.59 20 3 1 1 0
0 0 0 10242.66 2.59 20 25 1 1 0
0 0 0 8312.48 2.59 20 12 1 1 0
0 0 0 11588.72 2.59 40 1 0 1 0
0 0 0 8603.35 2.59 40 6 0 1 0
0 0 0 8708.07 2.59 40 5 1 1 0
0 0 0 10648.30 2.59 40 10 1 1 0
0 0 0 6281.20 2.59 40 15 1 1 0
0 0 0 12299.91 2.59 40 16 1 1 0
0 0 0 8735.10 2.59 20 1 1 1 0
0 0 0 8732.53 2.59 20 12 1 1 0
0 0 0 8698.93 2.59 20 10 1 1 0
0 0 0 8766.15 2.59 20 8 1 1 0
0 0 0 8475.39 2.59 40 11 0 1 0
0 0 0 9728.76 2.59 40 1 0 1 0
0 0 0 12256.43 2.90 40 6 1 1 0
0 0 0 7413.63 2.59 40 1 1 1 0
0 0 0 10897.60 2.59 40 14 1 1 0
0 0 0 7609.57 2.59 40 13 1 1 0
0 0 0 7686.64 2.90 40 12 1 1 0
#CONTAINERS_LOADED
4 1 1 7500.00 2.59 20 10 1 1 0
4 1 -1 7500.00 2.59 20 6 1 1 0
4 2 1 7500.00 2.59 20 9 1 1 0
4 2 -1 7500.00 2.59 20 21 1 1 0
4 3 1 7500.00 2.59 20 24 1 1 0
4 3 -1 7500.00 2.59 20 8 1 1 0
4 4 1 7500.00 2.59 20 13 1 1 0
4 4 -1 7500.00 2.59 20 15 1 1 0
4 5 1 7500.00 2.59 20 14 1 1 0
4 5 -1 7500.00 2.59 20 4 1 1 0
4 6 1 7500.00 2.59 20 10 1 1 0
4 6 -1 7500.00 2.59 20 23 1 1 0
4 7 1 7500.00 2.59 20 7 1 1 0
4 7 -1 7500.00 2.59 20 5 1 1 0
4 8 1 7500.00 2.59 20 14 0 1 0
4 8 -1 7500.00 2.59 20 10 0 1 0
5 1 1 7500.00 2.59 20 10 1 1 0
5 1 -1 7500.00 2.59 20 17 1 1 0
5 2 1 7500.00 2.59 20 18 1 1 0
5 2 -1 7500.00 2.59 20 1 1 1 0
5 3 1 7500.00 2.59 20 9 1 1 0
5 3 -1 7500.00 2.59 20 11 1 1 0
5 4 1 7500.00 2.59 20 17 1 1 0
5 4 -1 7500.00 2.59 20 8 1 1 0
5 5 1 7500.00 2.59 20 5 1 1 0
5 5 -1 7500.00 2.59 20 21 1 1 0
5 6 1 7500.00 2.59 20 10 1 1 0
5 6 -1 7500.00 2.59 20 13 1 1 0
5 7 1 7500.00 2.59 20 2 1 1 0
5 7 -1 7500.00 2.59 20 23 1 1 0
5 8 1 7500.00 2.59 20 16 0 1 0
5 8 -1 7500.00 2.59 20 23 0 1 0
6 1 1 7500.00 2.59 20 15 1 1 0
6 1 -1 7500.00 2.59 20 14 1 1 0
6 2 1 7500.00 2.59 20 9 1 1 0
6 2 -1 7500.00 2.59 20 19 1 1 0
6 3 1 7500.00 2.59 20 13 1 1 0
6 3 -1 7500.00 2.59 20 22 1 1 0
6 4 1 7500.00 2.59 20 8 1 1 0
6 4 -1 7500.00 2.59 20 15 1 1 0
6 5 1 7500.00 2.59 20 2 1 1 0
6 5 -1 7500.00 2.59 20 6 1 1 0
6 6 1 7500.00 2.59 20 12 1 1 0
6 6 -1 7500.00 2.59 20 17 1 1 0
6 7 1 7500.00 2.59 20 12 1 1 0
6 7 -1 7500.00 2.59 20 3 1 1 0
6 8 1 7500.00 2.59 20 3 0 1 0
6 8 -1 7500.00 2.59 20 20 0 1 0
#STACKS
90000.00 15.54 1
105000.00 18.13 1
120000.00 20.72 1
120000.00 20.72 1
120000.00 20.72 1
120000.00 20.72 1
120000.00 20.72 1
105000.00 18.13 1
90000.00 15.54 1
#CELLS
1 0 0 0 0 0 1
1 0 0 0 0 0 1
1 0 0 1 1 1 1
1 0 0 1 1 1 1
1 0 0 1 1 1 1
1 0 0 1 1 1 1
1 0 0 1 1 1 1
1 0 0 1 1 1 1
2 0 0 0 0 0 1
2 0 1 1 1 1 1
2 0 1 1 1 1 1
2 0 1 1 1 1 1
2 0 1 1 1 1 1
2 0 1 1 1 1 1
2 0 1 1 1 1 1
2 0 0 1 1 1 1
3 1 1 1 1 1 1
3 1 1 1 1 1 1
3 1 1 1 1 1 1
3 1 1 1 1 1 1
3 1 1 1 1 1 1
3 1 1 1 1 1 1
3 1 1 1 1 1 1
3 0 0 1 1 1 1
4 1 1 1 1 1 1
4 1 1 1 1 1 1
4 1 1 1 1 1 1
4 1 1 1 1 1 1
4 1 1 1 1 1 1
4 1 1 1 1 1 1
4 1 1 1 1 1 1
4 0 0 1 1 1 1
5 1 1 1 1 1 1
5 1 1 1 1 1 1
5 1 1 1 1 1 1
5 1 1 1 1 1 1
5 1 1 1 1 1 1
5 1 1 1 1 1 1
5 1 1 1 1 1 1
5 0 0 1 1 1 1
6 1 1 1 1 1 1
6 1 1 1 1 1 1
6 1 1 1 1 1 1
6 1 1 1 1 1 1
6 1 1 1 1 1 1
6 1 1 1 1 1 1
6 1 1 1 1 1 1
6 0 0 1 1 1 1
7 1 1 1 1 1 1
7 1 1 1 1 1 1
7 1 1 1 1 1 1
7 1 1 1 1 1 1
7 1 1 1 1 1 1
7 1 1 1 1 1 1
7 1 1 1 1 1 1
7 0 0 1 1 1 1
8 0 0 0 0 0 1
8 0 1 1 1 1 1
8 0 1 1 1 1 1
8 0 1 1 1 1 1
8 0 1 1 1 1 1
8 0 1 1 1 1 1
8 0 1 1 1 1 1
8 0 0 1 1 1 1
9 0 0 0 0 0 1
9 0 0 0 0 0 1
9 0 0 1 1 1 1
9 0 0 1 1 1 1
9 0 0 1 1 1 1
9 0 0 1 1 1 1
9 0 0 1 1 1 1
9 0 0 1 1 1 1
#INFO-GEN
Namespace(bayType=3, francisco=True, meanPort=5, seed=6927, stdPort=13.322726086521277, target40=23, targetCapacity=88, targetHC=10, targetIMO=4, targetPorts=26, targetReefer=87, targetRelease=44, targetWeight=81)
