25 49 44 9 72 1 8
#POD
1 2 3 4 5 6 7 8 9 10 11 12 13 14 15 16 17 18 19 21 22 23 24 25 26
#LOCATIONS
1
#CONTAINERS_TOLOAD
0 0 0 11414.66 2.59 20 24 0 1 0
0 0 0 14613.68 2.59 20 8 0 1 0
0 0 0 5207.98 2.59 20 5 0 1 0
0 0 0 11341.89 2.59 20 11 0 1 0
0 0 0 11610.75 2.59 20 4 1 1 0
0 0 0 12808.43 2.59 20 5 0 1 0
0 0 0 5925.53 2.59 20 4 1 1 0
0 0 0 17062.61 2.59 20 5 0 1 0
0 0 0 3483.14 2.59 20 7 1 1 0
0 0 0 16032.28 2.59 20 16 0 1 0
0 0 0 4774.00 2.59 20 9 1 1 0
0 0 0 17149.97 2.59 20 2 0 1 0
0 0 0 3705.65 2.59 20 9 1 1 0
0 0 0 17036.12 2.59 20 13 0 1 0
0 0 0 3621.48 2.59 20 11 0 1 0
0 0 0 13861.92 2.59 20 6 0 1 0
0 0 0 7505.55 2.59 20 2 0 1 0
0 0 0 15887.41 2.59 20 4 0 1 0
0 0 0 4465.24 2.59 20 4 1 1 0
0 0 0 10803.30 2.59 20 9 1 1 0
0 0 0 10873.12 2.59 20 13 1 1 0
0 0 0 14866.59 2.59 20 16 1 1 0
0 0 0 5621.47 2.59 20 7 1 1 0
0 0 0 10922.84 2.59 20 2 1 1 0
0 0 0 14183.05 2.59 20 7 1 1 0
0 0 0 5527.43 2.59 20 18 1 1 0
0 0 0 10263.69 2.59 20 2 1 1 0
0 0 0 16628.35 2.59 20 3 1 1 0
0 0 0 3571.89 2.59 20 11 1 1 0
0 0 0 16710.69 2.59 20 7 1 1 0
0 0 0 4234.04 2.59 20 14 0 1 0
0 0 0 16480.17 2.59 20 8 0 1 0
0 0 0 4792.55 2.59 20 26 0 1 0
0 0 0 11616.54 2.59 20 22 0 1 0
0 0 0 12915.96 2.59 40 21 0 1 0
0 0 0 6536.47 2.59 40 22 0 1 0
0 0 0 11503.61 2.59 40 10 1 1 0
0 0 0 9237.38 2.59 40 3 1 1 0
0 0 0 13084.01 2.59 40 25 1 1 0
0 0 0 9578.89 2.59 40 12 1 1 0
0 0 0 9701.85 2.59 20 1 1 1 0
0 0 0 11979.87 2.59 20 6 1 1 0
0 0 0 6852.46 2.59 20 5 1 1 0
0 0 0 13919.02 2.59 20 10 1 1 0
0 0 0 9733.58 2.59 40 15 1 1 0
0 0 0 9730.56 2.59 40 16 1 1 0
0 0 0 9691.12 2.59 40 1 1 1 0
0 0 0 9770.04 2.59 40 12 1 1 0
0 0 0 9340.17 2.59 40 10 1 1 0
#CONTAINERS_LOADED
4 1 1 7500.00 2.59 20 8 1 1 0
4 1 -1 7500.00 2.59 20 11 1 1 0
4 2 1 7500.00 2.59 20 1 1 1 0
4 2 -1 7500.00 2.59 20 6 1 1 0
4 3 1 7500.00 2.59 20 1 1 1 0
4 3 -1 7500.00 2.59 20 14 1 1 0
4 4 1 7500.00 2.59 20 13 1 1 0
4 4 -1 7500.00 2.59 20 12 1 1 0
4 5 1 7500.00 2.59 20 10 1 1 0
4 5 -1 7500.00 2.59 20 6 1 1 0
4 6 1 7500.00 2.59 20 9 1 1 0
4 6 -1 7500.00 2.59 20 21 1 1 0
4 7 1 7500.00 2.59 20 24 1 1 0
4 7 -1 7500.00 2.59 20 8 1 1 0
4 8 1 7500.00 2.59 20 13 0 1 0
4 8 -1 7500.00 2.59 20 15 0 1 0
5 1 1 7500.00 2.59 20 14 1 1 0
5 1 -1 7500.00 2.59 20 4 1 1 0
5 2 1 7500.00 2.59 20 10 1 1 0
5 2 -1 7500.00 2.59 20 23 1 1 0
5 3 1 7500.00 2.59 20 7 1 1 0
5 3 -1 7500.00 2.59 20 5 1 1 0
5 4 1 7500.00 2.59 20 14 1 1 0
5 4 -1 7500.00 2.59 20 10 1 1 0
5 5 1 7500.00 2.59 20 10 1 1 0
5 5 -1 7500.00 2.59 20 17 1 1 0
5 6 1 7500.00 2.59 20 18 1 1 0
5 6 -1 7500.00 2.59 20 1 1 1 0
5 7 1 7500.00 2.59 20 9 1 1 0
5 7 -1 7500.00 2.59 20 11 1 1 0
5 8 1 7500.00 2.59 20 17 0 1 0
5 8 -1 7500.00 2.59 20 8 0 1 0
6 1 1 7500.00 2.59 20 5 1 1 0
6 1 -1 7500.00 2.59 20 21 1 1 0
6 2 1 7500.00 2.59 20 10 1 1 0
6 2 -1 7500.00 2.59 20 13 1 1 0
6 3 1 7500.00 2.59 20 2 1 1 0
6 3 -1 7500.00 2.59 20 23 1 1 0
6 4 1 7500.00 2.59 20 16 1 1 0
6 4 -1 7500.00 2.59 20 23 1 1 0
6 5 1 7500.00 2.59 20 15 1 1 0
6 5 -1 7500.00 2.59 20 14 1 1 0
6 6 1 7500.00 2.59 20 9 1 1 0
6 6 -1 7500.00 2.59 20 19 1 1 0
#STACKS
90000.00 15.54 1
105000.00 18.13 1
120000.00 20.72 1
120000.00 20.72 1
120000.00 20.72 1
120000.00 20.72 1
120000.00 20.72 1
105000.00 18.13 1
90000.00 15.54 1
#CELLS
1 0 0 0 0 0 1
1 0 0 0 0 0 1
1 0 0 1 1 1 1
1 0 0 1 1 1 1
1 0 0 1 1 1 1
1 0 0 1 1 1 1
1 0 0 1 1 1 1
1 0 0 1 1 1 1
2 0 0 0 0 0 1
2 0 1 1 1 1 1
2 0 1 1 1 1 1
2 0 1 1 1 1 1
2 0 1 1 1 1 1
2 0 1 1 1 1 1
2 0 1 1 1 1 1
2 0 0 1 1 1 1
3 1 1 1 1 1 1
3 1 1 1 1 1 1
3 1 1 1 1 1 1
3 1 1 1 1 1 1
3 1 1 1 1 1 1
3 1 1 1 1 1 1
3 1 1 1 1 1 1
3 0 0 1 1 1 1
4 1 1 1 1 1 1
4 1 1 1 1 1 1
4 1 1 1 1 1 1
4 1 1 1 1 1 1
4 1 1 1 1 1 1
4 1 1 1 1 1 1
4 1 1 1 1 1 1
4 0 0 1 1 1 1
5 1 1 1 1 1 1
5 1 1 1 1 1 1
5 1 1 1 1 1 1
5 1 1 1 1 1 1
5 1 1 1 1 1 1
5 1 1 1 1 1 1
5 1 1 1 1 1 1
5 0 0 1 1 1 1
6 1 1 1 1 1 1
6 1 1 1 1 1 1
6 1 1 1 1 1 1
6 1 1 1 1 1 1
6 1 1 1 1 1 1
6 1 1 1 1 1 1
6 1 1 1 1 1 1
6 0 0 1 1 1 1
7 1 1 1 1 1 1
7 1 1 1 1 1 1
7 1 1 1 1 1 1
7 1 1 1 1 1 1
7 1 1 1 1 1 1
7 1 1 1 1 1 1
7 1 1 1 1 1 1
7 0 0 1 1 1 1
8 0 0 0 0 0 1
8 0 1 1 1 1 1
8 0 1 1 1 1 1
8 0 1 1 1 1 1
8 0 1 1 1 1 1
8 0 1 1 1 1 1
8 0 1 1 1 1 1
8 0 0 1 1 1 1
9 0 0 0 0 0 1
9 0 0 0 0 0 1
9 0 0 1 1 1 1
9 0 0 1 1 1 1
9 0 0 1 1 1 1
9 0 0 1 1 1 1
9 0 0 1 1 1 1
9 0 0 1 1 1 1
#INFO-GEN
Namespace(bayType=3, francisco=True, meanPort=5, seed=6927, stdPort=13.322726086521277, target40=23, targetCapacity=80, targetHC=20, targetIMO=4, targetPorts=26, targetReefer=87, targetRelease=44, targetWeight=77)
