24 49 42 9 72 1 8
#POD
1 2 3 4 5 6 7 8 9 10 11 12 13 14 15 16 17 18 21 22 23 24 25 26
#LOCATIONS
1
#CONTAINERS_TOLOAD
0 0 0 11526.54 2.59 20 24 0 1 0
0 0 0 14768.09 2.59 20 8 0 1 0
0 0 0 5237.34 2.59 20 5 0 1 0
0 0 0 11452.80 2.59 20 11 0 1 0
0 0 0 11725.23 2.59 20 4 1 1 0
0 0 0 12938.84 2.59 20 5 0 1 0
0 0 0 5964.42 2.59 20 4 1 1 0
0 0 0 17249.58 2.59 20 5 0 1 0
0 0 0 3489.56 2.59 20 7 1 1 0
0 0 0 16205.54 2.59 20 16 0 1 0
0 0 0 4797.58 2.59 20 9 1 1 0
0 0 0 17338.10 2.59 20 2 0 1 0
0 0 0 3715.03 2.59 20 9 1 1 0
0 0 0 17222.74 2.59 20 13 0 1 0
0 0 0 3629.75 2.59 20 11 0 1 0
0 0 0 14006.33 2.59 20 6 0 1 0
0 0 0 7565.46 2.59 20 2 0 1 0
0 0 0 16058.75 2.59 20 4 0 1 0
0 0 0 4484.72 2.59 20 4 1 1 0
0 0 0 10907.04 2.59 20 9 1 1 0
0 0 0 10977.80 2.59 20 13 1 1 0
0 0 0 15024.36 2.59 20 16 1 1 0
0 0 0 5656.33 2.59 20 7 1 1 0
0 0 0 11028.18 2.59 20 2 1 1 0
0 0 0 14331.73 2.59 20 7 1 1 0
0 0 0 5561.03 2.59 20 18 1 1 0
0 0 0 10360.27 2.59 20 2 1 1 0
0 0 0 16809.54 2.59 20 3 1 1 0
0 0 0 3579.50 2.59 20 11 1 1 0
0 0 0 16892.98 2.59 20 7 1 1 0
0 0 0 4250.44 2.59 20 14 0 1 0
0 0 0 16659.39 2.59 20 8 0 1 0
0 0 0 4816.38 2.59 20 26 0 1 0
0 0 0 11731.10 2.59 20 22 0 1 0
0 0 0 13047.79 2.59 20 21 1 1 0
0 0 0 6583.49 2.59 20 22 1 1 0
0 0 0 11616.67 2.59 40 10 0 1 0
0 0 0 9320.31 2.90 40 3 0 1 0
0 0 0 13218.08 2.59 40 25 1 1 0
0 0 0 9666.36 2.59 40 12 1 1 0
0 0 0 9790.95 2.90 40 1 1 1 0
0 0 0 12099.26 2.90 40 6 1 1 0
0 0 0 6903.68 2.59 40 5 1 1 0
0 0 0 14064.20 2.59 20 10 1 1 0
0 0 0 9823.10 2.59 20 15 1 1 0
0 0 0 9820.05 2.90 40 16 1 1 0
0 0 0 9780.08 2.59 40 1 1 1 0
0 0 0 9860.05 2.90 40 12 1 1 0
0 0 0 9424.46 2.90 40 10 1 1 0
#CONTAINERS_LOADED
4 1 1 7500.00 2.59 20 8 1 1 0
4 1 -1 7500.00 2.59 20 11 1 1 0
4 2 1 7500.00 2.59 20 1 1 1 0
4 2 -1 7500.00 2.59 20 6 1 1 0
4 3 1 7500.00 2.59 20 1 1 1 0
4 3 -1 7500.00 2.59 20 14 1 1 0
4 4 1 7500.00 2.59 20 13 1 1 0
4 4 -1 7500.00 2.59 20 12 1 1 0
4 5 1 7500.00 2.59 20 10 1 1 0
4 5 -1 7500.00 2.59 20 6 1 1 0
4 6 1 7500.00 2.59 20 9 1 1 0
4 6 -1 7500.00 2.59 20 21 1 1 0
4 7 1 7500.00 2.59 20 24 1 1 0
4 7 -1 7500.00 2.59 20 8 1 1 0
4 8 1 7500.00 2.59 20 13 0 1 0
4 8 -1 7500.00 2.59 20 15 0 1 0
5 1 1 7500.00 2.59 20 14 1 1 0
5 1 -1 7500.00 2.59 20 4 1 1 0
5 2 1 7500.00 2.59 20 10 1 1 0
5 2 -1 7500.00 2.59 20 23 1 1 0
5 3 1 7500.00 2.59 20 7 1 1 0
5 3 -1 7500.00 2.59 20 5 1 1 0
5 4 1 7500.00 2.59 20 14 1 1 0
5 4 -1 7500.00 2.59 20 10 1 1 0
5 5 1 7500.00 2.59 20 10 1 1 0
5 5 -1 7500.00 2.59 20 17 1 1 0
5 6 1 7500.00 2.59 20 18 1 1 0
5 6 -1 7500.00 2.59 20 1 1 1 0
5 7 1 7500.00 2.59 20 9 1 1 0
5 7 -1 7500.00 2.59 20 11 1 1 0
5 8 1 7500.00 2.59 20 17 0 1 0
5 8 -1 7500.00 2.59 20 8 0 1 0
6 1 1 7500.00 2.59 20 5 1 1 0
6 1 -1 7500.00 2.59 20 21 1 1 0
6 2 1 7500.00 2.59 20 10 1 1 0
6 2 -1 7500.00 2.59 20 13 1 1 0
6 3 1 7500.00 2.59 20 2 1 1 0
6 3 -1 7500.00 2.59 20 23 1 1 0
6 4 1 7500.00 2.59 20 16 1 1 0
6 4 -1 7500.00 2.59 20 23 1 1 0
6 5 1 7500.00 2.59 20 15 1 1 0
6 5 -1 7500.00 2.59 20 14 1 1 0
#STACKS
90000.00 15.54 1
105000.00 18.13 1
120000.00 20.72 1
120000.00 20.72 1
120000.00 20.72 1
120000.00 20.72 1
120000.00 20.72 1
105000.00 18.13 1
90000.00 15.54 1
#CELLS
1 0 0 0 0 0 1
1 0 0 0 0 0 1
1 0 0 1 1 1 1
1 0 0 1 1 1 1
1 0 0 1 1 1 1
1 0 0 1 1 1 1
1 0 0 1 1 1 1
1 0 0 1 1 1 1
2 0 0 0 0 0 1
2 0 1 1 1 1 1
2 0 1 1 1 1 1
2 0 1 1 1 1 1
2 0 1 1 1 1 1
2 0 1 1 1 1 1
2 0 1 1 1 1 1
2 0 0 1 1 1 1
3 1 1 1 1 1 1
3 1 1 1 1 1 1
3 1 1 1 1 1 1
3 1 1 1 1 1 1
3 1 1 1 1 1 1
3 1 1 1 1 1 1
3 1 1 1 1 1 1
3 0 0 1 1 1 1
4 1 1 1 1 1 1
4 1 1 1 1 1 1
4 1 1 1 1 1 1
4 1 1 1 1 1 1
4 1 1 1 1 1 1
4 1 1 1 1 1 1
4 1 1 1 1 1 1
4 0 0 1 1 1 1
5 1 1 1 1 1 1
5 1 1 1 1 1 1
5 1 1 1 1 1 1
5 1 1 1 1 1 1
5 1 1 1 1 1 1
5 1 1 1 1 1 1
5 1 1 1 1 1 1
5 0 0 1 1 1 1
6 1 1 1 1 1 1
6 1 1 1 1 1 1
6 1 1 1 1 1 1
6 1 1 1 1 1 1
6 1 1 1 1 1 1
6 1 1 1 1 1 1
6 1 1 1 1 1 1
6 0 0 1 1 1 1
7 1 1 1 1 1 1
7 1 1 1 1 1 1
7 1 1 1 1 1 1
7 1 1 1 1 1 1
7 1 1 1 1 1 1
7 1 1 1 1 1 1
7 1 1 1 1 1 1
7 0 0 1 1 1 1
8 0 0 0 0 0 1
8 0 1 1 1 1 1
8 0 1 1 1 1 1
8 0 1 1 1 1 1
8 0 1 1 1 1 1
8 0 1 1 1 1 1
8 0 1 1 1 1 1
8 0 0 1 1 1 1
9 0 0 0 0 0 1
9 0 0 0 0 0 1
9 0 0 1 1 1 1
9 0 0 1 1 1 1
9 0 0 1 1 1 1
9 0 0 1 1 1 1
9 0 0 1 1 1 1
9 0 0 1 1 1 1
#INFO-GEN
Namespace(bayType=3, francisco=True, meanPort=5, seed=6927, stdPort=13.322726086521277, target40=23, targetCapacity=78, targetHC=40, targetIMO=4, targetPorts=26, targetReefer=87, targetRelease=44, targetWeight=76)
