26 55 48 9 72 1 8
#POD
1 2 3 4 5 6 7 8 9 10 11 12 13 14 15 16 17 18 19 20 21 22 23 24 25 26
#LOCATIONS
1
#CONTAINERS_TOLOAD
0 0 0 10689.75 2.59 20 5 0 1 0
0 0 0 13613.18 2.59 20 11 0 1 0
0 0 0 5017.77 2.59 20 4 0 1 0
0 0 0 10623.25 2.59 20 5 0 1 0
0 0 0 10868.95 2.59 20 4 0 1 0
0 0 0 11963.45 2.59 20 5 0 1 0
0 0 0 5673.50 2.59 20 7 0 1 0
0 0 0 15851.14 2.59 20 16 0 1 0
0 0 0 3441.52 2.59 20 9 0 1 0
0 0 0 14909.57 2.59 20 2 0 1 0
0 0 0 4621.17 2.59 20 9 0 1 0
0 0 0 15930.97 2.59 20 13 0 1 0
0 0 0 3644.86 2.59 20 11 1 1 0
0 0 0 15826.93 2.59 20 6 0 1 0
0 0 0 3567.94 2.59 20 2 1 1 0
0 0 0 12926.18 2.59 20 4 0 1 0
0 0 0 7117.41 2.59 20 4 1 1 0
0 0 0 14777.18 2.59 20 9 0 1 0
0 0 0 4339.01 2.59 20 13 1 1 0
0 0 0 10131.05 2.59 20 16 0 1 0
0 0 0 10194.87 2.59 20 7 1 1 0
0 0 0 13844.30 2.59 20 2 0 1 0
0 0 0 5395.64 2.59 20 7 0 1 0
0 0 0 10240.30 2.59 20 18 0 1 0
0 0 0 13219.65 2.59 20 2 0 1 0
0 0 0 5309.70 2.59 20 3 0 1 0
0 0 0 9637.94 2.59 20 11 1 1 0
0 0 0 15454.29 2.59 20 7 1 1 0
0 0 0 3522.63 2.59 20 14 1 1 0
0 0 0 15529.54 2.59 20 8 1 1 0
0 0 0 4127.73 2.59 20 26 1 1 0
0 0 0 15318.87 2.59 20 22 1 1 0
0 0 0 4638.12 2.59 20 21 1 1 0
0 0 0 10874.24 2.59 20 22 1 1 0
0 0 0 12061.71 2.59 20 10 1 1 0
0 0 0 6231.81 2.59 20 3 1 1 0
0 0 0 10771.03 2.59 20 25 1 1 0
0 0 0 8700.04 2.59 20 12 1 1 0
0 0 0 12215.29 2.59 40 1 0 1 0
0 0 0 9012.13 2.90 40 6 0 1 0
0 0 0 9124.49 2.59 40 5 1 1 0
0 0 0 11206.26 2.59 40 10 1 1 0
0 0 0 6520.58 2.59 40 15 1 1 0
0 0 0 12978.37 2.90 40 16 1 1 0
0 0 0 9153.49 2.59 20 1 1 1 0
0 0 0 9150.73 2.59 20 12 1 1 0
0 0 0 9114.69 2.59 20 10 1 1 0
0 0 0 9186.81 2.59 20 8 1 1 0
0 0 0 8874.83 2.90 40 11 0 1 0
0 0 0 10219.64 2.59 40 1 0 1 0
0 0 0 12931.71 2.90 40 6 1 1 0
0 0 0 7735.62 2.90 40 1 1 1 0
0 0 0 11473.76 2.59 40 14 1 1 0
0 0 0 7945.86 2.90 40 13 1 1 0
0 0 0 8028.55 2.90 40 12 1 1 0
#CONTAINERS_LOADED
4 1 1 7500.00 2.59 20 10 1 1 0
4 1 -1 7500.00 2.59 20 6 1 1 0
4 2 1 7500.00 2.59 20 9 1 1 0
4 2 -1 7500.00 2.59 20 21 1 1 0
4 3 1 7500.00 2.59 20 24 1 1 0
4 3 -1 7500.00 2.59 20 8 1 1 0
4 4 1 7500.00 2.59 20 13 1 1 0
4 4 -1 7500.00 2.59 20 15 1 1 0
4 5 1 7500.00 2.59 20 14 1 1 0
4 5 -1 7500.00 2.59 20 4 1 1 0
4 6 1 7500.00 2.59 20 10 1 1 0
4 6 -1 7500.00 2.59 20 23 1 1 0
4 7 1 7500.00 2.59 20 7 1 1 0
4 7 -1 7500.00 2.59 20 5 1 1 0
4 8 1 7500.00 2.59 20 14 0 1 0
4 8 -1 7500.00 2.59 20 10 0 1 0
5 1 1 7500.00 2.59 20 10 1 1 0
5 1 -1 7500.00 2.59 20 17 1 1 0
5 2 1 7500.00 2.59 20 18 1 1 0
5 2 -1 7500.00 2.59 20 1 1 1 0
5 3 1 7500.00 2.59 20 9 1 1 0
5 3 -1 7500.00 2.59 20 11 1 1 0
5 4 1 7500.00 2.59 20 17 1 1 0
5 4 -1 7500.00 2.59 20 8 1 1 0
5 5 1 7500.00 2.59 20 5 1 1 0
5 5 -1 7500.00 2.59 20 21 1 1 0
5 6 1 7500.00 2.59 20 10 1 1 0
5 6 -1 7500.00 2.59 20 13 1 1 0
5 7 1 7500.00 2.59 20 2 1 1 0
5 7 -1 7500.00 2.59 20 23 1 1 0
5 8 1 7500.00 2.59 20 16 0 1 0
5 8 -1 7500.00 2.59 20 23 0 1 0
6 1 1 7500.00 2.59 20 15 1 1 0
6 1 -1 7500.00 2.59 20 14 1 1 0
6 2 1 7500.00 2.59 20 9 1 1 0
6 2 -1 7500.00 2.59 20 19 1 1 0
6 3 1 7500.00 2.59 20 13 1 1 0
6 3 -1 7500.00 2.59 20 22 1 1 0
6 4 1 7500.00 2.59 20 8 1 1 0
6 4 -1 7500.00 2.59 20 15 1 1 0
6 5 1 7500.00 2.59 20 2 1 1 0
6 5 -1 7500.00 2.59 20 6 1 1 0
6 6 1 7500.00 2.59 20 12 1 1 0
6 6 -1 7500.00 2.59 20 17 1 1 0
6 7 1 7500.00 2.59 20 12 1 1 0
6 7 -1 7500.00 2.59 20 3 1 1 0
6 8 1 7500.00 2.59 20 3 0 1 0
6 8 -1 7500.00 2.59 20 20 0 1 0
#STACKS
90000.00 15.54 1
105000.00 18.13 1
120000.00 20.72 1
120000.00 20.72 1
120000.00 20.72 1
120000.00 20.72 1
120000.00 20.72 1
105000.00 18.13 1
90000.00 15.54 1
#CELLS
1 0 0 0 0 0 1
1 0 0 0 0 0 1
1 0 0 1 1 1 1
1 0 0 1 1 1 1
1 0 0 1 1 1 1
1 0 0 1 1 1 1
1 0 0 1 1 1 1
1 0 0 1 1 1 1
2 0 0 0 0 0 1
2 0 1 1 1 1 1
2 0 1 1 1 1 1
2 0 1 1 1 1 1
2 0 1 1 1 1 1
2 0 1 1 1 1 1
2 0 1 1 1 1 1
2 0 0 1 1 1 1
3 1 1 1 1 1 1
3 1 1 1 1 1 1
3 1 1 1 1 1 1
3 1 1 1 1 1 1
3 1 1 1 1 1 1
3 1 1 1 1 1 1
3 1 1 1 1 1 1
3 0 0 1 1 1 1
4 1 1 1 1 1 1
4 1 1 1 1 1 1
4 1 1 1 1 1 1
4 1 1 1 1 1 1
4 1 1 1 1 1 1
4 1 1 1 1 1 1
4 1 1 1 1 1 1
4 0 0 1 1 1 1
5 1 1 1 1 1 1
5 1 1 1 1 1 1
5 1 1 1 1 1 1
5 1 1 1 1 1 1
5 1 1 1 1 1 1
5 1 1 1 1 1 1
5 1 1 1 1 1 1
5 0 0 1 1 1 1
6 1 1 1 1 1 1
6 1 1 1 1 1 1
6 1 1 1 1 1 1
6 1 1 1 1 1 1
6 1 1 1 1 1 1
6 1 1 1 1 1 1
6 1 1 1 1 1 1
6 0 0 1 1 1 1
7 1 1 1 1 1 1
7 1 1 1 1 1 1
7 1 1 1 1 1 1
7 1 1 1 1 1 1
7 1 1 1 1 1 1
7 1 1 1 1 1 1
7 1 1 1 1 1 1
7 0 0 1 1 1 1
8 0 0 0 0 0 1
8 0 1 1 1 1 1
8 0 1 1 1 1 1
8 0 1 1 1 1 1
8 0 1 1 1 1 1
8 0 1 1 1 1 1
8 0 1 1 1 1 1
8 0 0 1 1 1 1
9 0 0 0 0 0 1
9 0 0 0 0 0 1
9 0 0 1 1 1 1
9 0 0 1 1 1 1
9 0 0 1 1 1 1
9 0 0 1 1 1 1
9 0 0 1 1 1 1
9 0 0 1 1 1 1
#INFO-GEN
Namespace(bayType=3, francisco=True, meanPort=5, seed=6927, stdPort=13.322726086521277, target40=23, targetCapacity=88, targetHC=50, targetIMO=4, targetPorts=26, targetReefer=87, targetRelease=44, targetWeight=85)
