23 23 72 9 72 1 8
#POD
2 4 5 7 8 9 10 11 12 13 14 15 16 17 18 19 20 21 22 23 24 25 26
#LOCATIONS
1
#CONTAINERS_TOLOAD
0 0 0 24997.28 2.59 20 21 0 1 0
0 0 0 5429.87 2.59 20 23 0 1 0
0 0 0 23687.27 2.59 20 16 0 1 0
0 0 0 5694.92 2.59 20 18 0 1 0
0 0 0 14677.78 2.59 20 20 0 1 0
0 0 0 15252.69 2.59 20 9 0 1 0
0 0 0 21439.87 2.59 20 26 0 1 0
0 0 0 8836.10 2.59 20 8 0 1 0
0 0 0 20248.03 2.59 20 20 0 1 0
0 0 0 7502.89 2.59 20 22 0 1 0
0 0 0 21317.19 2.59 20 24 0 1 0
0 0 0 9462.71 2.59 20 17 0 1 0
0 0 0 16094.95 2.59 20 26 1 1 0
0 0 0 17378.77 2.59 20 8 0 1 0
0 0 0 12519.86 2.59 20 2 0 1 3
0 0 0 10659.44 2.59 20 22 0 1 3
0 0 0 14877.41 2.59 20 22 0 1 4
0 0 0 24363.08 2.59 20 21 0 1 4
0 0 0 5411.26 2.59 20 8 0 1 4
0 0 0 14460.66 2.59 20 22 0 1 4
0 0 0 17258.30 2.59 20 17 0 1 3
0 0 0 17437.77 2.59 20 18 0 1 3
0 0 0 8470.90 2.59 40 13 1 1 0
#CONTAINERS_LOADED
3 1 1 7500.00 2.59 20 9 1 1 1
3 1 -1 7500.00 2.59 20 4 1 1 1
3 2 1 7500.00 2.59 20 13 1 1 1
3 2 -1 7500.00 2.59 20 24 1 1 1
3 3 1 7500.00 2.59 20 20 1 1 4
3 3 -1 7500.00 2.59 20 10 1 1 4
3 4 1 7500.00 2.59 20 20 1 1 1
3 4 -1 7500.00 2.59 20 21 1 1 1
3 5 1 7500.00 2.59 20 23 1 1 4
3 5 -1 7500.00 2.59 20 17 1 1 4
3 6 1 7500.00 2.59 20 26 1 1 1
3 6 -1 7500.00 2.59 20 24 1 1 1
3 7 1 7500.00 2.59 20 9 1 1 4
3 7 -1 7500.00 2.59 20 14 1 1 4
3 8 1 7500.00 2.59 20 5 0 1 0
3 8 -1 7500.00 2.59 20 15 0 1 0
4 1 1 7500.00 2.59 20 25 1 1 0
4 1 -1 7500.00 2.59 20 20 1 1 0
4 2 1 7500.00 2.59 20 10 1 1 0
4 2 -1 7500.00 2.59 20 23 1 1 0
4 3 1 7500.00 2.59 20 20 1 1 0
4 3 -1 7500.00 2.59 20 26 1 1 0
4 4 1 7500.00 2.59 20 18 1 1 0
4 4 -1 7500.00 2.59 20 15 1 1 0
4 5 1 7500.00 2.59 20 22 1 1 0
4 5 -1 7500.00 2.59 20 26 1 1 0
4 6 1 7500.00 2.59 20 26 1 1 0
4 6 -1 7500.00 2.59 20 7 1 1 0
4 7 1 7500.00 2.59 20 15 1 1 0
4 7 -1 7500.00 2.59 20 20 1 1 0
4 8 1 7500.00 2.59 20 23 0 1 0
4 8 -1 7500.00 2.59 20 23 0 1 0
5 1 1 7500.00 2.59 20 21 1 1 2
5 1 -1 7500.00 2.59 20 12 1 1 2
5 2 1 7500.00 2.59 20 24 1 1 2
5 2 -1 7500.00 2.59 20 21 1 1 2
5 3 1 7500.00 2.59 20 12 1 1 0
5 3 -1 7500.00 2.59 20 17 1 1 0
5 4 1 7500.00 2.59 20 9 1 1 2
5 4 -1 7500.00 2.59 20 25 1 1 2
5 5 1 7500.00 2.59 20 10 1 1 2
5 5 -1 7500.00 2.59 20 11 1 1 2
5 6 1 7500.00 2.59 20 22 1 1 2
5 6 -1 7500.00 2.59 20 19 1 1 2
5 7 1 7500.00 2.59 20 15 1 1 2
5 7 -1 7500.00 2.59 20 20 1 1 2
5 8 1 7500.00 2.59 20 21 0 1 2
5 8 -1 7500.00 2.59 20 7 0 1 2
6 1 1 7500.00 2.59 20 21 1 1 0
6 1 -1 7500.00 2.59 20 22 1 1 0
6 2 1 7500.00 2.59 20 23 1 1 0
6 2 -1 7500.00 2.59 20 19 1 1 0
6 3 1 7500.00 2.59 20 26 1 1 0
6 3 -1 7500.00 2.59 20 21 1 1 0
6 4 1 7500.00 2.59 20 24 1 1 0
6 4 -1 7500.00 2.59 20 17 1 1 0
6 5 1 7500.00 2.59 20 20 1 1 0
6 5 -1 7500.00 2.59 20 17 1 1 0
6 6 1 7500.00 2.59 20 24 1 1 0
6 6 -1 7500.00 2.59 20 14 1 1 0
6 7 1 7500.00 2.59 20 2 1 1 0
6 7 -1 7500.00 2.59 20 14 1 1 0
6 8 1 7500.00 2.59 20 11 0 1 0
6 8 -1 7500.00 2.59 20 10 0 1 0
7 1 1 7500.00 2.59 20 26 1 1 3
7 1 -1 7500.00 2.59 20 11 1 1 3
7 2 1 7500.00 2.59 20 11 1 1 3
7 2 -1 7500.00 2.59 20 25 1 1 3
7 3 1 7500.00 2.59 20 25 1 1 4
7 3 -1 7500.00 2.59 20 26 1 1 4
7 4 1 7500.00 2.59 20 13 1 1 3
7 4 -1 7500.00 2.59 20 19 1 1 3
#STACKS
90000.00 15.54 1
105000.00 18.13 1
120000.00 20.72 1
120000.00 20.72 1
120000.00 20.72 1
120000.00 20.72 1
120000.00 20.72 1
105000.00 18.13 1
90000.00 15.54 1
#CELLS
1 0 0 0 0 0 1
1 0 0 0 0 0 1
1 0 0 1 1 1 1
1 0 0 1 1 1 1
1 0 0 1 1 1 1
1 0 0 1 1 1 1
1 0 0 1 1 1 1
1 0 0 1 1 1 1
2 0 0 0 0 0 1
2 0 1 1 1 1 1
2 0 1 1 1 1 1
2 0 1 1 1 1 1
2 0 1 1 1 1 1
2 0 1 1 1 1 1
2 0 1 1 1 1 1
2 0 0 1 1 1 1
3 1 1 1 1 1 1
3 1 1 1 1 1 1
3 1 1 1 1 1 1
3 1 1 1 1 1 1
3 1 1 1 1 1 1
3 1 1 1 1 1 1
3 1 1 1 1 1 1
3 0 0 1 1 1 1
4 1 1 1 1 1 1
4 1 1 1 1 1 1
4 1 1 1 1 1 1
4 1 1 1 1 1 1
4 1 1 1 1 1 1
4 1 1 1 1 1 1
4 1 1 1 1 1 1
4 0 0 1 1 1 1
5 1 1 1 1 1 1
5 1 1 1 1 1 1
5 1 1 1 1 1 1
5 1 1 1 1 1 1
5 1 1 1 1 1 1
5 1 1 1 1 1 1
5 1 1 1 1 1 1
5 0 0 1 1 1 1
6 1 1 1 1 1 1
6 1 1 1 1 1 1
6 1 1 1 1 1 1
6 1 1 1 1 1 1
6 1 1 1 1 1 1
6 1 1 1 1 1 1
6 1 1 1 1 1 1
6 0 0 1 1 1 1
7 1 1 1 1 1 1
7 1 1 1 1 1 1
7 1 1 1 1 1 1
7 1 1 1 1 1 1
7 1 1 1 1 1 1
7 1 1 1 1 1 1
7 1 1 1 1 1 1
7 0 0 1 1 1 1
8 0 0 0 0 0 1
8 0 1 1 1 1 1
8 0 1 1 1 1 1
8 0 1 1 1 1 1
8 0 1 1 1 1 1
8 0 1 1 1 1 1
8 0 1 1 1 1 1
8 0 0 1 1 1 1
9 0 0 0 0 0 1
9 0 0 0 0 0 1
9 0 0 1 1 1 1
9 0 0 1 1 1 1
9 0 0 1 1 1 1
9 0 0 1 1 1 1
9 0 0 1 1 1 1
9 0 0 1 1 1 1
#INFO-GEN
Namespace(bayType=3, francisco=True, meanPort=24, seed=4527, stdPort=13.556894137474838, target40=3, targetCapacity=74, targetHC=10, targetIMO=84, targetPorts=26, targetReefer=21, targetRelease=77, targetWeight=75)
