23 23 68 9 72 1 8
#POD
2 4 5 7 8 9 10 11 12 13 14 15 16 17 18 19 20 21 22 23 24 25 26
#LOCATIONS
1
#CONTAINERS_TOLOAD
0 0 0 24874.79 2.59 20 21 0 1 0
0 0 0 5416.34 2.59 20 23 0 1 0
0 0 0 23572.07 2.59 20 16 0 1 0
0 0 0 5679.91 2.59 20 18 0 1 0
0 0 0 14612.76 2.59 20 20 0 1 0
0 0 0 15184.47 2.59 20 9 0 1 0
0 0 0 21337.19 2.59 20 26 0 1 0
0 0 0 8803.60 2.59 20 8 0 1 0
0 0 0 20151.98 2.59 20 20 1 1 0
0 0 0 7477.82 2.59 20 22 0 1 0
0 0 0 21215.19 2.59 20 24 1 1 0
0 0 0 9426.73 2.59 20 17 0 1 0
0 0 0 16022.03 2.90 40 26 0 1 3
0 0 0 17298.70 2.59 20 8 0 1 4
0 0 0 12466.85 2.59 20 2 0 1 4
0 0 0 10616.79 2.59 20 22 0 1 4
0 0 0 14811.28 2.59 20 22 0 1 4
0 0 0 24244.13 2.59 20 21 0 1 3
0 0 0 5397.83 2.59 20 8 0 1 3
0 0 0 14396.84 2.59 20 22 0 1 3
0 0 0 17178.91 2.59 20 17 0 1 3
0 0 0 17357.37 2.59 20 18 0 1 4
0 0 0 8440.43 2.59 20 13 0 1 4
#CONTAINERS_LOADED
3 1 1 7500.00 2.59 20 9 1 1 1
3 1 -1 7500.00 2.59 20 4 1 1 1
3 2 1 7500.00 2.59 20 13 1 1 1
3 2 -1 7500.00 2.59 20 24 1 1 1
3 3 1 7500.00 2.59 20 20 1 1 4
3 3 -1 7500.00 2.59 20 10 1 1 4
3 4 1 7500.00 2.59 20 20 1 1 1
3 4 -1 7500.00 2.59 20 21 1 1 1
3 5 1 7500.00 2.59 20 23 1 1 4
3 5 -1 7500.00 2.59 20 17 1 1 4
3 6 1 7500.00 2.59 20 26 1 1 1
3 6 -1 7500.00 2.59 20 24 1 1 1
3 7 1 7500.00 2.59 20 9 1 1 4
3 7 -1 7500.00 2.59 20 14 1 1 4
3 8 1 7500.00 2.59 20 5 0 1 0
3 8 -1 7500.00 2.59 20 15 0 1 0
4 1 1 7500.00 2.59 20 25 1 1 0
4 1 -1 7500.00 2.59 20 20 1 1 0
4 2 1 7500.00 2.59 20 10 1 1 0
4 2 -1 7500.00 2.59 20 23 1 1 0
4 3 1 7500.00 2.59 20 20 1 1 0
4 3 -1 7500.00 2.59 20 26 1 1 0
4 4 1 7500.00 2.59 20 18 1 1 0
4 4 -1 7500.00 2.59 20 15 1 1 0
4 5 1 7500.00 2.59 20 22 1 1 0
4 5 -1 7500.00 2.59 20 26 1 1 0
4 6 1 7500.00 2.59 20 26 1 1 0
4 6 -1 7500.00 2.59 20 7 1 1 0
4 7 1 7500.00 2.59 20 15 1 1 0
4 7 -1 7500.00 2.59 20 20 1 1 0
4 8 1 7500.00 2.59 20 23 0 1 0
4 8 -1 7500.00 2.59 20 23 0 1 0
5 1 1 7500.00 2.59 20 21 1 1 2
5 1 -1 7500.00 2.59 20 12 1 1 2
5 2 1 7500.00 2.59 20 24 1 1 2
5 2 -1 7500.00 2.59 20 21 1 1 2
5 3 1 7500.00 2.59 20 12 1 1 0
5 3 -1 7500.00 2.59 20 17 1 1 0
5 4 1 7500.00 2.59 20 9 1 1 2
5 4 -1 7500.00 2.59 20 25 1 1 2
5 5 1 7500.00 2.59 20 10 1 1 2
5 5 -1 7500.00 2.59 20 11 1 1 2
5 6 1 7500.00 2.59 20 22 1 1 2
5 6 -1 7500.00 2.59 20 19 1 1 2
5 7 1 7500.00 2.59 20 15 1 1 2
5 7 -1 7500.00 2.59 20 20 1 1 2
5 8 1 7500.00 2.59 20 21 0 1 2
5 8 -1 7500.00 2.59 20 7 0 1 2
6 1 1 7500.00 2.59 20 21 1 1 0
6 1 -1 7500.00 2.59 20 22 1 1 0
6 2 1 7500.00 2.59 20 23 1 1 0
6 2 -1 7500.00 2.59 20 19 1 1 0
6 3 1 7500.00 2.59 20 26 1 1 0
6 3 -1 7500.00 2.59 20 21 1 1 0
6 4 1 7500.00 2.59 20 24 1 1 0
6 4 -1 7500.00 2.59 20 17 1 1 0
6 5 1 7500.00 2.59 20 20 1 1 0
6 5 -1 7500.00 2.59 20 17 1 1 0
6 6 1 7500.00 2.59 20 24 1 1 0
6 6 -1 7500.00 2.59 20 14 1 1 0
6 7 1 7500.00 2.59 20 2 1 1 0
6 7 -1 7500.00 2.59 20 14 1 1 0
6 8 1 7500.00 2.59 20 11 0 1 0
6 8 -1 7500.00 2.59 20 10 0 1 0
7 1 1 7500.00 2.59 20 26 1 1 3
7 1 -1 7500.00 2.59 20 11 1 1 3
7 2 1 7500.00 2.59 20 11 1 1 3
7 2 -1 7500.00 2.59 20 25 1 1 3
#STACKS
90000.00 15.54 1
105000.00 18.13 1
120000.00 20.72 1
120000.00 20.72 1
120000.00 20.72 1
120000.00 20.72 1
120000.00 20.72 1
105000.00 18.13 1
90000.00 15.54 1
#CELLS
1 0 0 0 0 0 1
1 0 0 0 0 0 1
1 0 0 1 1 1 1
1 0 0 1 1 1 1
1 0 0 1 1 1 1
1 0 0 1 1 1 1
1 0 0 1 1 1 1
1 0 0 1 1 1 1
2 0 0 0 0 0 1
2 0 1 1 1 1 1
2 0 1 1 1 1 1
2 0 1 1 1 1 1
2 0 1 1 1 1 1
2 0 1 1 1 1 1
2 0 1 1 1 1 1
2 0 0 1 1 1 1
3 1 1 1 1 1 1
3 1 1 1 1 1 1
3 1 1 1 1 1 1
3 1 1 1 1 1 1
3 1 1 1 1 1 1
3 1 1 1 1 1 1
3 1 1 1 1 1 1
3 0 0 1 1 1 1
4 1 1 1 1 1 1
4 1 1 1 1 1 1
4 1 1 1 1 1 1
4 1 1 1 1 1 1
4 1 1 1 1 1 1
4 1 1 1 1 1 1
4 1 1 1 1 1 1
4 0 0 1 1 1 1
5 1 1 1 1 1 1
5 1 1 1 1 1 1
5 1 1 1 1 1 1
5 1 1 1 1 1 1
5 1 1 1 1 1 1
5 1 1 1 1 1 1
5 1 1 1 1 1 1
5 0 0 1 1 1 1
6 1 1 1 1 1 1
6 1 1 1 1 1 1
6 1 1 1 1 1 1
6 1 1 1 1 1 1
6 1 1 1 1 1 1
6 1 1 1 1 1 1
6 1 1 1 1 1 1
6 0 0 1 1 1 1
7 1 1 1 1 1 1
7 1 1 1 1 1 1
7 1 1 1 1 1 1
7 1 1 1 1 1 1
7 1 1 1 1 1 1
7 1 1 1 1 1 1
7 1 1 1 1 1 1
7 0 0 1 1 1 1
8 0 0 0 0 0 1
8 0 1 1 1 1 1
8 0 1 1 1 1 1
8 0 1 1 1 1 1
8 0 1 1 1 1 1
8 0 1 1 1 1 1
8 0 1 1 1 1 1
8 0 0 1 1 1 1
9 0 0 0 0 0 1
9 0 0 0 0 0 1
9 0 0 1 1 1 1
9 0 0 1 1 1 1
9 0 0 1 1 1 1
9 0 0 1 1 1 1
9 0 0 1 1 1 1
9 0 0 1 1 1 1
#INFO-GEN
Namespace(bayType=3, francisco=True, meanPort=24, seed=4527, stdPort=13.556894137474838, target40=3, targetCapacity=71, targetHC=20, targetIMO=84, targetPorts=26, targetReefer=21, targetRelease=77, targetWeight=70)
