25 31 100 9 72 1 8
#POD
1 2 3 4 5 7 8 9 10 11 12 13 14 15 16 17 18 19 20 21 22 23 24 25 26
#LOCATIONS
1
#CONTAINERS_TOLOAD
0 0 0 10475.65 2.59 20 16 0 1 4
0 0 0 3825.78 2.59 20 18 0 1 4
0 0 0 10030.44 2.59 20 20 0 1 4
0 0 0 3915.85 2.59 20 9 0 1 4
0 0 0 6968.63 2.59 20 26 0 1 0
0 0 0 7164.01 2.59 20 8 0 1 0
0 0 0 9266.68 2.59 20 20 0 1 4
0 0 0 4983.36 2.59 20 22 0 1 4
0 0 0 8861.64 2.59 20 24 0 1 4
0 0 0 4530.28 2.59 20 17 0 1 4
0 0 0 9224.99 2.59 20 26 0 1 0
0 0 0 5196.32 2.59 20 8 0 1 0
0 0 0 7450.24 2.59 20 2 0 1 0
0 0 0 7886.54 2.59 20 22 0 1 0
0 0 0 6235.27 2.59 20 22 0 1 0
0 0 0 5603.02 2.59 20 21 0 1 0
0 0 0 7036.47 2.59 20 8 0 1 0
0 0 0 10260.12 2.59 20 22 0 1 0
0 0 0 3819.45 2.59 20 17 0 1 0
0 0 0 6894.84 2.59 20 18 0 1 0
0 0 0 7845.60 2.59 40 13 0 1 3
0 0 0 7906.59 2.59 20 9 0 1 0
0 0 0 5363.34 2.59 20 4 0 1 0
0 0 0 8373.12 2.59 20 13 0 1 3
0 0 0 6905.63 2.59 20 24 0 1 3
0 0 0 5472.73 2.59 20 20 0 1 3
0 0 0 9911.50 2.59 20 10 0 1 3
0 0 0 3838.09 2.59 20 20 0 1 3
0 0 0 9561.61 2.59 20 21 0 1 3
0 0 0 4796.41 2.59 20 23 0 1 0
0 0 0 6372.83 2.59 20 17 0 1 0
#CONTAINERS_LOADED
2 2 1 7500.00 2.59 20 26 1 1 0
2 2 -1 7500.00 2.59 20 24 0 1 0
2 3 1 7500.00 2.59 20 9 1 1 0
2 3 -1 7500.00 2.59 20 14 0 1 0
2 4 1 7500.00 2.59 20 5 1 1 0
2 4 -1 7500.00 2.59 20 15 0 1 0
2 5 1 7500.00 2.59 20 25 1 1 0
2 5 -1 7500.00 2.59 20 20 0 1 0
2 6 1 7500.00 2.59 20 10 1 1 0
2 6 -1 7500.00 2.59 20 23 0 1 0
2 7 1 7500.00 2.59 20 20 1 1 0
2 7 -1 7500.00 2.59 20 26 0 1 0
2 8 1 7500.00 2.59 20 18 0 1 0
2 8 -1 7500.00 2.59 20 15 0 1 0
3 1 1 7500.00 2.59 20 22 1 1 0
3 1 -1 7500.00 2.59 20 26 1 1 0
3 2 1 7500.00 2.59 20 26 1 1 0
3 2 -1 7500.00 2.59 20 7 1 1 0
3 3 1 7500.00 2.59 20 15 1 1 2
3 3 -1 7500.00 2.59 20 20 1 1 2
3 4 1 7500.00 2.59 20 23 1 1 2
3 4 -1 7500.00 2.59 20 23 1 1 2
3 5 1 7500.00 2.59 20 21 1 1 2
3 5 -1 7500.00 2.59 20 12 1 1 2
3 6 1 7500.00 2.59 20 24 1 1 2
3 6 -1 7500.00 2.59 20 21 1 1 2
3 7 1 7500.00 2.59 20 12 1 1 2
3 7 -1 7500.00 2.59 20 17 1 1 2
3 8 1 7500.00 2.59 20 9 0 1 2
3 8 -1 7500.00 2.59 20 25 0 1 2
4 1 1 7500.00 2.59 20 10 1 1 0
4 1 -1 7500.00 2.59 20 11 1 1 0
4 2 1 7500.00 2.59 20 22 1 1 0
4 2 -1 7500.00 2.59 20 19 1 1 0
4 3 1 7500.00 2.59 20 15 1 1 0
4 3 -1 7500.00 2.59 20 20 1 1 0
4 4 1 7500.00 2.59 20 21 1 1 0
4 4 -1 7500.00 2.59 20 7 1 1 0
4 5 1 7500.00 2.59 20 21 1 1 0
4 5 -1 7500.00 2.59 20 22 1 1 0
4 6 1 7500.00 2.59 20 23 1 1 0
4 6 -1 7500.00 2.59 20 19 1 1 0
4 7 1 7500.00 2.59 20 26 1 1 0
4 7 -1 7500.00 2.59 20 21 1 1 0
4 8 1 7500.00 2.59 20 24 0 1 0
4 8 -1 7500.00 2.59 20 17 0 1 0
5 1 1 7500.00 2.59 20 20 1 1 0
5 1 -1 7500.00 2.59 20 17 1 1 0
5 2 1 7500.00 2.59 20 24 1 1 1
5 2 -1 7500.00 2.59 20 14 1 1 1
5 3 1 7500.00 2.59 20 2 1 1 0
5 3 -1 7500.00 2.59 20 14 1 1 0
5 4 1 7500.00 2.59 20 11 1 1 4
5 4 -1 7500.00 2.59 20 10 1 1 4
5 5 1 7500.00 2.59 20 26 1 1 1
5 5 -1 7500.00 2.59 20 11 1 1 1
5 6 1 7500.00 2.59 20 11 1 1 1
5 6 -1 7500.00 2.59 20 25 1 1 1
5 7 1 7500.00 2.59 20 25 1 1 1
5 7 -1 7500.00 2.59 20 26 1 1 1
5 8 1 7500.00 2.59 20 13 0 1 1
5 8 -1 7500.00 2.59 20 19 0 1 1
6 1 1 7500.00 2.59 20 26 1 1 0
6 1 -1 7500.00 2.59 20 16 1 1 0
6 2 1 7500.00 2.59 20 16 1 1 0
6 2 -1 7500.00 2.59 20 16 1 1 0
6 3 1 7500.00 2.59 20 26 1 1 0
6 3 -1 7500.00 2.59 20 20 1 1 0
6 4 1 7500.00 2.59 20 13 1 1 0
6 4 -1 7500.00 2.59 20 22 1 1 0
6 5 1 7500.00 2.59 20 25 1 1 0
6 5 -1 7500.00 2.59 20 17 1 1 0
6 6 1 7500.00 2.59 20 22 1 1 0
6 6 -1 7500.00 2.59 20 22 1 1 0
6 7 1 7500.00 2.59 20 8 1 1 0
6 7 -1 7500.00 2.59 20 20 1 1 0
6 8 1 7500.00 2.59 20 12 0 1 0
6 8 -1 7500.00 2.59 20 10 0 1 0
7 1 1 7500.00 2.59 20 22 1 1 1
7 1 -1 7500.00 2.59 20 14 1 1 1
7 2 1 7500.00 2.59 20 13 1 1 1
7 2 -1 7500.00 2.59 20 13 1 1 1
7 3 1 7500.00 2.59 20 11 1 1 4
7 3 -1 7500.00 2.59 20 15 1 1 4
7 4 1 7500.00 2.59 20 1 1 1 1
7 4 -1 7500.00 2.59 20 14 1 1 1
7 5 1 7500.00 2.59 20 18 1 1 1
7 5 -1 7500.00 2.59 20 2 1 1 1
7 6 1 7500.00 2.59 20 26 1 1 1
7 6 -1 7500.00 2.59 20 3 1 1 1
7 7 1 7500.00 2.59 20 7 1 1 1
7 7 -1 7500.00 2.59 20 8 1 1 1
7 8 1 7500.00 2.59 20 9 0 1 4
7 8 -1 7500.00 2.59 20 11 0 1 4
8 2 1 7500.00 2.59 20 13 1 1 0
8 2 -1 7500.00 2.59 20 16 0 1 0
8 3 1 7500.00 2.59 20 14 1 1 0
8 3 -1 7500.00 2.59 20 17 0 1 0
8 4 1 7500.00 2.59 20 11 1 1 0
8 4 -1 7500.00 2.59 20 18 0 1 0
#STACKS
90000.00 15.54 1
105000.00 18.13 1
120000.00 20.72 1
120000.00 20.72 1
120000.00 20.72 1
120000.00 20.72 1
120000.00 20.72 1
105000.00 18.13 1
90000.00 15.54 1
#CELLS
1 0 0 0 0 0 1
1 0 0 0 0 0 1
1 0 0 1 1 1 1
1 0 0 1 1 1 1
1 0 0 1 1 1 1
1 0 0 1 1 1 1
1 0 0 1 1 1 1
1 0 0 1 1 1 1
2 0 0 0 0 0 1
2 0 1 1 1 1 1
2 0 1 1 1 1 1
2 0 1 1 1 1 1
2 0 1 1 1 1 1
2 0 1 1 1 1 1
2 0 1 1 1 1 1
2 0 0 1 1 1 1
3 1 1 1 1 1 1
3 1 1 1 1 1 1
3 1 1 1 1 1 1
3 1 1 1 1 1 1
3 1 1 1 1 1 1
3 1 1 1 1 1 1
3 1 1 1 1 1 1
3 0 0 1 1 1 1
4 1 1 1 1 1 1
4 1 1 1 1 1 1
4 1 1 1 1 1 1
4 1 1 1 1 1 1
4 1 1 1 1 1 1
4 1 1 1 1 1 1
4 1 1 1 1 1 1
4 0 0 1 1 1 1
5 1 1 1 1 1 1
5 1 1 1 1 1 1
5 1 1 1 1 1 1
5 1 1 1 1 1 1
5 1 1 1 1 1 1
5 1 1 1 1 1 1
5 1 1 1 1 1 1
5 0 0 1 1 1 1
6 1 1 1 1 1 1
6 1 1 1 1 1 1
6 1 1 1 1 1 1
6 1 1 1 1 1 1
6 1 1 1 1 1 1
6 1 1 1 1 1 1
6 1 1 1 1 1 1
6 0 0 1 1 1 1
7 1 1 1 1 1 1
7 1 1 1 1 1 1
7 1 1 1 1 1 1
7 1 1 1 1 1 1
7 1 1 1 1 1 1
7 1 1 1 1 1 1
7 1 1 1 1 1 1
7 0 0 1 1 1 1
8 0 0 0 0 0 1
8 0 1 1 1 1 1
8 0 1 1 1 1 1
8 0 1 1 1 1 1
8 0 1 1 1 1 1
8 0 1 1 1 1 1
8 0 1 1 1 1 1
8 0 0 1 1 1 1
9 0 0 0 0 0 1
9 0 0 0 0 0 1
9 0 0 1 1 1 1
9 0 0 1 1 1 1
9 0 0 1 1 1 1
9 0 0 1 1 1 1
9 0 0 1 1 1 1
9 0 0 1 1 1 1
#INFO-GEN
Namespace(bayType=3, francisco=True, meanPort=24, seed=4527, stdPort=13.556894137474838, target40=3, targetCapacity=100, targetHC=40, targetIMO=84, targetPorts=26, targetReefer=21, targetRelease=77, targetWeight=90)
