21 10 26 5 40 1 8
#POD
1 2 3 4 6 7 8 9 11 12 16 17 18 19 20 21 22 23 24 25 27
#LOCATIONS
1
#CONTAINERS_TOLOAD
0 0 0 24906.82 2.59 20 9 0 1 0
0 0 0 5419.88 2.59 20 2 0 1 0
0 0 0 23602.20 2.59 20 17 0 1 0
0 0 0 5683.83 2.59 20 22 0 1 0
0 0 0 14629.76 2.59 20 23 0 1 0
0 0 0 15202.31 2.59 20 18 0 1 0
0 0 0 21364.04 2.59 20 23 0 1 0
0 0 0 8812.10 2.59 20 21 0 1 0
0 0 0 20177.10 2.59 20 6 0 1 0
0 0 0 6451.95 2.59 20 17 0 1 0
#CONTAINERS_LOADED
2 4 1 7500.00 2.59 20 22 1 1 0
2 4 -1 7500.00 2.59 20 20 0 1 0
2 5 1 7500.00 2.59 20 27 1 1 0
2 5 -1 7500.00 2.59 20 16 0 1 0
2 6 1 7500.00 2.59 20 11 0 1 0
2 6 -1 7500.00 2.59 20 19 0 1 0
2 7 1 7500.00 2.59 20 27 0 1 0
2 7 -1 7500.00 2.59 20 8 0 1 0
2 8 1 7500.00 2.59 20 12 0 1 0
2 8 -1 7500.00 2.59 20 24 0 1 0
3 1 1 7500.00 2.59 20 25 1 1 0
3 1 -1 7500.00 2.59 20 9 0 1 0
3 2 1 7500.00 2.59 20 8 1 1 0
3 2 -1 7500.00 2.59 20 18 0 1 0
3 3 1 7500.00 2.59 20 21 1 1 0
3 3 -1 7500.00 2.59 20 24 0 1 0
3 4 1 7500.00 2.59 20 3 1 1 0
3 4 -1 7500.00 2.59 20 21 0 1 0
3 5 1 7500.00 2.59 20 6 1 1 0
3 5 -1 7500.00 2.59 20 22 0 1 0
3 6 1 7500.00 2.59 20 4 0 1 0
3 6 -1 7500.00 2.59 20 27 0 1 0
3 7 1 7500.00 2.59 20 4 0 1 0
3 7 -1 7500.00 2.59 20 16 0 1 0
3 8 1 7500.00 2.59 20 1 0 1 0
3 8 -1 7500.00 2.59 20 7 0 1 0
#STACKS
60000.00 10.36 1
75000.00 12.95 1
120000.00 20.72 1
75000.00 12.95 1
60000.00 10.36 1
#CELLS
1 0 0 0 0 0 1
1 0 0 0 0 0 1
1 0 0 0 0 0 1
1 0 0 0 0 0 1
1 0 0 1 1 1 1
1 0 0 1 1 1 1
1 0 0 1 1 1 1
1 0 0 1 1 1 1
2 0 0 0 0 0 1
2 0 0 0 0 0 1
2 0 0 0 0 0 1
2 0 1 1 1 1 1
2 0 1 1 1 1 1
2 0 0 1 1 1 1
2 0 0 1 1 1 1
2 0 0 1 1 1 1
3 0 1 1 1 1 1
3 0 1 1 1 1 1
3 0 1 1 1 1 1
3 0 1 1 1 1 1
3 0 1 1 1 1 1
3 0 0 1 1 1 1
3 0 0 1 1 1 1
3 0 0 1 1 1 1
4 0 0 0 0 0 1
4 0 0 0 0 0 1
4 0 0 0 0 0 1
4 0 1 1 1 1 1
4 0 1 1 1 1 1
4 0 0 1 1 1 1
4 0 0 1 1 1 1
4 0 0 1 1 1 1
5 0 0 0 0 0 1
5 0 0 0 0 0 1
5 0 0 0 0 0 1
5 0 0 0 0 0 1
5 0 0 1 1 1 1
5 0 0 1 1 1 1
5 0 0 1 1 1 1
5 0 0 1 1 1 1
#INFO-GEN
Namespace(bayType=1, francisco=True, meanPort=15, seed=4527, stdPort=23.56233744134304, target40=3, targetCapacity=73, targetHC=52, targetIMO=5, targetPorts=28, targetReefer=21, targetRelease=77, targetWeight=75)
