27 38 130 11 88 1 8
#POD
2 3 4 5 6 7 8 9 10 11 12 13 14 15 16 17 18 19 20 21 22 23 24 25 26 27 28
#LOCATIONS
1
#CONTAINERS_TOLOAD
0 0 0 7721.99 2.59 20 25 0 1 2
0 0 0 8197.25 2.59 20 17 0 1 2
0 0 0 5831.98 2.59 20 27 0 1 2
0 0 0 8536.01 2.59 20 10 0 1 2
0 0 0 5719.40 2.59 20 27 0 1 2
0 0 0 6526.83 2.59 20 15 0 1 2
0 0 0 7094.32 2.59 20 20 0 1 2
0 0 0 8542.97 2.59 20 19 0 1 2
0 0 0 5929.88 2.59 20 6 0 1 0
0 0 0 7744.94 2.59 20 25 0 1 0
0 0 0 5372.70 2.59 20 16 1 1 0
0 0 0 8009.93 2.59 20 17 1 1 0
0 0 0 6856.49 2.59 20 13 1 1 2
0 0 0 7105.89 2.59 20 22 1 1 2
0 0 0 6089.13 2.59 20 21 0 1 0
0 0 0 7883.88 2.59 20 23 0 1 0
0 0 0 6317.92 2.59 20 23 0 1 0
0 0 0 5891.76 2.59 20 27 0 1 0
0 0 0 9956.09 2.59 20 17 0 1 0
0 0 0 4752.06 2.59 20 16 0 1 0
0 0 0 7287.90 2.59 20 7 0 1 0
0 0 0 7550.06 2.59 20 23 0 1 0
0 0 0 5397.70 2.59 20 26 0 1 0
0 0 0 8194.59 2.59 20 28 0 1 0
0 0 0 7955.29 2.59 20 11 1 1 0
0 0 0 5594.39 2.59 20 24 1 1 0
0 0 0 7107.29 2.59 20 23 1 1 0
0 0 0 8000.15 2.59 20 4 1 1 0
0 0 0 5315.28 2.59 20 14 0 1 2
0 0 0 8340.84 2.59 20 5 0 1 2
0 0 0 6790.76 2.59 20 19 0 1 2
0 0 0 6160.05 2.59 20 11 0 1 2
0 0 0 8412.35 2.59 20 17 0 1 0
0 0 0 4777.33 2.59 20 24 0 1 0
0 0 0 9373.25 2.59 20 20 0 1 2
0 0 0 5265.98 2.59 20 13 0 1 2
0 0 0 6688.51 2.59 20 17 1 1 0
0 0 0 6300.85 2.59 20 17 1 1 0
#CONTAINERS_LOADED
2 1 1 7500.00 2.59 20 10 1 1 0
2 1 -1 7500.00 2.59 20 23 1 1 0
2 2 1 7500.00 2.59 20 27 1 1 0
2 2 -1 7500.00 2.59 20 13 1 1 0
2 3 1 7500.00 2.59 20 28 1 1 0
2 3 -1 7500.00 2.59 20 12 1 1 0
2 4 1 7500.00 2.59 20 8 1 1 0
2 4 -1 7500.00 2.59 20 7 1 1 0
2 5 1 7500.00 2.59 20 21 1 1 0
2 5 -1 7500.00 2.59 20 4 1 1 0
2 6 1 7500.00 2.59 20 28 0 1 0
2 6 -1 7500.00 2.59 20 24 0 1 0
2 7 1 7500.00 2.59 20 28 0 1 0
2 7 -1 7500.00 2.59 20 2 0 1 0
2 8 1 7500.00 2.59 20 8 0 1 0
2 8 -1 7500.00 2.59 20 21 0 1 0
3 1 1 7500.00 2.59 20 13 1 1 0
3 1 -1 7500.00 2.59 20 26 1 1 0
3 2 1 7500.00 2.59 20 19 1 1 2
3 2 -1 7500.00 2.59 20 25 1 1 2
3 3 1 7500.00 2.59 20 22 1 1 0
3 3 -1 7500.00 2.59 20 23 1 1 0
3 4 1 7500.00 2.59 20 3 1 1 2
3 4 -1 7500.00 2.59 20 25 1 1 2
3 5 1 7500.00 2.59 20 25 1 1 0
3 5 -1 7500.00 2.59 20 17 1 1 0
3 6 1 7500.00 2.59 20 27 0 1 2
3 6 -1 7500.00 2.59 20 25 0 1 2
3 7 1 7500.00 2.59 20 19 0 1 2
3 7 -1 7500.00 2.59 20 16 0 1 2
3 8 1 7500.00 2.59 20 22 0 1 2
3 8 -1 7500.00 2.59 20 27 0 1 2
4 1 1 7500.00 2.59 20 12 1 1 0
4 1 -1 7500.00 2.59 20 17 1 1 0
4 2 1 7500.00 2.59 20 26 1 1 0
4 2 -1 7500.00 2.59 20 27 1 1 0
4 3 1 7500.00 2.59 20 21 1 1 0
4 3 -1 7500.00 2.59 20 2 1 1 0
4 4 1 7500.00 2.59 20 15 1 1 0
4 4 -1 7500.00 2.59 20 15 1 1 0
4 5 1 7500.00 2.59 20 14 1 1 0
4 5 -1 7500.00 2.59 20 24 1 1 0
4 6 1 7500.00 2.59 20 23 0 1 0
4 6 -1 7500.00 2.59 20 11 0 1 0
4 7 1 7500.00 2.59 20 2 0 1 0
4 7 -1 7500.00 2.59 20 12 0 1 0
4 8 1 7500.00 2.59 20 21 0 1 0
4 8 -1 7500.00 2.59 20 24 0 1 0
5 1 1 7500.00 2.59 20 23 1 1 1
5 1 -1 7500.00 2.59 20 28 1 1 1
5 2 1 7500.00 2.59 20 19 1 1 0
5 2 -1 7500.00 2.59 20 28 1 1 0
5 3 1 7500.00 2.59 20 18 1 1 1
5 3 -1 7500.00 2.59 20 9 1 1 1
5 4 1 7500.00 2.59 20 8 1 1 0
5 4 -1 7500.00 2.59 20 25 1 1 0
5 5 1 7500.00 2.59 20 6 1 1 1
5 5 -1 7500.00 2.59 20 28 1 1 1
5 6 1 7500.00 2.59 20 19 0 1 1
5 6 -1 7500.00 2.59 20 18 0 1 1
5 7 1 7500.00 2.59 20 18 0 1 1
5 7 -1 7500.00 2.59 20 25 0 1 1
5 8 1 7500.00 2.59 20 6 0 1 0
5 8 -1 7500.00 2.59 20 6 0 1 0
6 1 1 7500.00 2.59 20 27 1 1 0
6 1 -1 7500.00 2.59 20 11 1 1 0
6 2 1 7500.00 2.59 20 12 1 1 0
6 2 -1 7500.00 2.59 20 21 1 1 0
6 3 1 7500.00 2.59 20 16 1 1 0
6 3 -1 7500.00 2.59 20 26 1 1 0
6 4 1 7500.00 2.59 20 19 1 1 0
6 4 -1 7500.00 2.59 20 19 1 1 0
6 5 1 7500.00 2.59 20 27 1 1 0
6 5 -1 7500.00 2.59 20 14 1 1 0
6 6 1 7500.00 2.59 20 22 0 1 0
6 6 -1 7500.00 2.59 20 22 0 1 0
6 7 1 7500.00 2.59 20 28 0 1 0
6 7 -1 7500.00 2.59 20 22 0 1 0
6 8 1 7500.00 2.59 20 28 0 1 0
6 8 -1 7500.00 2.59 20 2 0 1 0
7 1 1 7500.00 2.59 20 28 1 1 2
7 1 -1 7500.00 2.59 20 21 1 1 2
7 2 1 7500.00 2.59 20 15 1 1 2
7 2 -1 7500.00 2.59 20 27 1 1 2
7 3 1 7500.00 2.59 20 20 1 1 2
7 3 -1 7500.00 2.59 20 26 1 1 2
7 4 1 7500.00 2.59 20 28 1 1 0
7 4 -1 7500.00 2.59 20 7 1 1 0
7 5 1 7500.00 2.59 20 7 1 1 0
7 5 -1 7500.00 2.59 20 16 1 1 0
7 6 1 7500.00 2.59 20 17 0 1 2
7 6 -1 7500.00 2.59 20 20 0 1 2
7 7 1 7500.00 2.59 20 27 0 1 2
7 7 -1 7500.00 2.59 20 18 0 1 2
7 8 1 7500.00 2.59 20 2 0 1 2
7 8 -1 7500.00 2.59 20 13 0 1 2
8 1 1 7500.00 2.59 20 11 1 1 0
8 1 -1 7500.00 2.59 20 27 1 1 0
8 2 1 7500.00 2.59 20 28 1 1 0
8 2 -1 7500.00 2.59 20 27 1 1 0
8 3 1 7500.00 2.59 20 25 1 1 0
8 3 -1 7500.00 2.59 20 25 1 1 0
8 4 1 7500.00 2.59 20 23 1 1 0
8 4 -1 7500.00 2.59 20 10 1 1 0
8 5 1 7500.00 2.59 20 23 1 1 0
8 5 -1 7500.00 2.59 20 27 1 1 0
8 6 1 7500.00 2.59 20 9 0 1 0
8 6 -1 7500.00 2.59 20 9 0 1 0
8 7 1 7500.00 2.59 20 14 0 1 0
8 7 -1 7500.00 2.59 20 26 0 1 0
8 8 1 7500.00 2.59 20 24 0 1 0
8 8 -1 7500.00 2.59 20 28 0 1 0
9 1 1 7500.00 2.59 20 19 1 1 2
9 1 -1 7500.00 2.59 20 26 1 1 2
9 2 1 7500.00 2.59 20 25 1 1 2
9 2 -1 7500.00 2.59 20 25 1 1 2
9 3 1 7500.00 2.59 20 8 1 1 2
9 3 -1 7500.00 2.59 20 23 1 1 2
9 4 1 7500.00 2.59 20 14 1 1 2
9 4 -1 7500.00 2.59 20 26 1 1 2
9 5 1 7500.00 2.59 20 15 1 1 2
9 5 -1 7500.00 2.59 20 8 1 1 2
9 6 1 7500.00 2.59 20 12 0 1 0
9 6 -1 7500.00 2.59 20 9 0 1 0
9 7 1 7500.00 2.59 20 28 0 1 0
9 7 -1 7500.00 2.59 20 5 0 1 0
9 8 1 7500.00 2.59 20 6 0 1 2
9 8 -1 7500.00 2.59 20 28 0 1 2
10 1 1 7500.00 2.59 20 16 1 1 0
10 1 -1 7500.00 2.59 20 26 1 1 0
#STACKS
105000.00 18.13 1
120000.00 20.72 1
120000.00 20.72 1
120000.00 20.72 1
120000.00 20.72 1
120000.00 20.72 1
120000.00 20.72 1
120000.00 20.72 1
120000.00 20.72 1
120000.00 20.72 1
105000.00 18.13 1
#CELLS
1 0 0 0 0 0 1
1 1 1 1 1 1 1
1 1 1 1 1 1 1
1 1 1 1 1 1 1
1 1 1 1 1 1 1
1 0 0 1 1 1 1
1 0 0 1 1 1 1
1 0 0 1 1 1 1
2 1 1 1 1 1 1
2 1 1 1 1 1 1
2 1 1 1 1 1 1
2 1 1 1 1 1 1
2 1 1 1 1 1 1
2 0 0 1 1 1 1
2 0 0 1 1 1 1
2 0 0 1 1 1 1
3 1 1 1 1 1 1
3 1 1 1 1 1 1
3 1 1 1 1 1 1
3 1 1 1 1 1 1
3 1 1 1 1 1 1
3 0 0 1 1 1 1
3 0 0 1 1 1 1
3 0 0 1 1 1 1
4 1 1 1 1 1 1
4 1 1 1 1 1 1
4 1 1 1 1 1 1
4 1 1 1 1 1 1
4 1 1 1 1 1 1
4 0 0 1 1 1 1
4 0 0 1 1 1 1
4 0 0 1 1 1 1
5 1 1 1 1 1 1
5 1 1 1 1 1 1
5 1 1 1 1 1 1
5 1 1 1 1 1 1
5 1 1 1 1 1 1
5 0 0 1 1 1 1
5 0 0 1 1 1 1
5 0 0 1 1 1 1
6 1 1 1 1 1 1
6 1 1 1 1 1 1
6 1 1 1 1 1 1
6 1 1 1 1 1 1
6 1 1 1 1 1 1
6 0 0 1 1 1 1
6 0 0 1 1 1 1
6 0 0 1 1 1 1
7 1 1 1 1 1 1
7 1 1 1 1 1 1
7 1 1 1 1 1 1
7 1 1 1 1 1 1
7 1 1 1 1 1 1
7 0 0 1 1 1 1
7 0 0 1 1 1 1
7 0 0 1 1 1 1
8 1 1 1 1 1 1
8 1 1 1 1 1 1
8 1 1 1 1 1 1
8 1 1 1 1 1 1
8 1 1 1 1 1 1
8 0 0 1 1 1 1
8 0 0 1 1 1 1
8 0 0 1 1 1 1
9 1 1 1 1 1 1
9 1 1 1 1 1 1
9 1 1 1 1 1 1
9 1 1 1 1 1 1
9 1 1 1 1 1 1
9 0 0 1 1 1 1
9 0 0 1 1 1 1
9 0 0 1 1 1 1
10 1 1 1 1 1 1
10 1 1 1 1 1 1
10 1 1 1 1 1 1
10 1 1 1 1 1 1
10 1 1 1 1 1 1
10 0 0 1 1 1 1
10 0 0 1 1 1 1
10 0 0 1 1 1 1
11 0 0 0 0 0 1
11 1 1 1 1 1 1
11 1 1 1 1 1 1
11 1 1 1 1 1 1
11 1 1 1 1 1 1
11 0 0 1 1 1 1
11 0 0 1 1 1 1
11 0 0 1 1 1 1
#INFO-GEN
Namespace(bayType=4, francisco=True, meanPort=27, seed=1234, stdPort=16.720144472591628, target40=0, targetCapacity=98, targetHC=40, targetIMO=67, targetPorts=28, targetReefer=44, targetRelease=78, targetWeight=84)
