27 34 112 11 88 1 8
#POD
2 3 4 5 6 7 8 9 10 11 12 13 14 15 16 17 18 19 20 21 22 23 24 25 26 27 28
#LOCATIONS
1
#CONTAINERS_TOLOAD
0 0 0 11095.18 2.59 20 14 1 1 4
0 0 0 11909.95 2.59 20 10 1 1 4
0 0 0 7855.02 2.59 20 25 0 1 0
0 0 0 12490.70 2.59 20 17 0 1 0
0 0 0 7662.03 2.59 20 27 0 1 0
0 0 0 9046.25 2.59 20 10 0 1 0
0 0 0 10019.12 2.59 20 27 0 1 0
0 0 0 12502.64 2.59 20 15 0 1 0
0 0 0 8022.86 2.59 20 20 0 1 0
0 0 0 11134.52 2.59 20 19 0 1 0
0 0 0 7067.66 2.59 20 6 0 1 0
0 0 0 11588.81 2.59 20 25 0 1 0
0 0 0 9611.41 2.59 20 16 0 1 0
0 0 0 10038.96 2.59 20 17 0 1 0
0 0 0 8295.88 2.59 20 13 1 1 0
0 0 0 11372.73 2.59 20 22 1 1 0
0 0 0 8688.11 2.59 20 21 1 1 0
0 0 0 7957.52 2.59 20 23 1 1 0
0 0 0 14925.22 2.59 20 23 0 1 0
0 0 0 6003.66 2.59 20 27 0 1 0
0 0 0 10350.99 2.59 20 17 0 1 0
0 0 0 10800.43 2.59 20 16 0 1 0
0 0 0 7110.51 2.59 20 7 0 1 0
0 0 0 11905.38 2.59 20 23 0 1 0
0 0 0 11495.15 2.59 20 26 0 1 0
0 0 0 7447.71 2.59 20 28 0 1 0
0 0 0 10041.37 2.59 20 11 0 1 0
0 0 0 11572.04 2.59 20 24 0 1 0
0 0 0 6969.22 2.59 20 23 0 1 0
0 0 0 12156.11 2.59 20 4 0 1 0
0 0 0 9498.73 2.59 20 14 0 1 0
0 0 0 8417.46 2.59 20 5 0 1 0
0 0 0 12278.70 2.59 20 19 1 1 0
0 0 0 5663.99 2.59 20 11 1 1 0
#CONTAINERS_LOADED
3 1 1 7500.00 2.59 20 17 1 1 4
3 1 -1 7500.00 2.59 20 24 1 1 4
3 2 1 7500.00 2.59 20 20 1 1 4
3 2 -1 7500.00 2.59 20 13 1 1 4
3 3 1 7500.00 2.59 20 17 1 1 0
3 3 -1 7500.00 2.59 20 17 1 1 0
3 4 1 7500.00 2.59 20 10 1 1 4
3 4 -1 7500.00 2.59 20 23 1 1 4
3 5 1 7500.00 2.59 20 27 1 1 0
3 5 -1 7500.00 2.59 20 13 1 1 0
3 6 1 7500.00 2.59 20 28 0 1 4
3 6 -1 7500.00 2.59 20 12 0 1 4
3 7 1 7500.00 2.59 20 8 0 1 0
3 7 -1 7500.00 2.59 20 7 0 1 0
3 8 1 7500.00 2.59 20 21 0 1 1
3 8 -1 7500.00 2.59 20 4 0 1 1
4 1 1 7500.00 2.59 20 28 1 1 0
4 1 -1 7500.00 2.59 20 24 1 1 0
4 2 1 7500.00 2.59 20 28 1 1 0
4 2 -1 7500.00 2.59 20 2 1 1 0
4 3 1 7500.00 2.59 20 8 1 1 0
4 3 -1 7500.00 2.59 20 21 1 1 0
4 4 1 7500.00 2.59 20 13 1 1 0
4 4 -1 7500.00 2.59 20 26 1 1 0
4 5 1 7500.00 2.59 20 19 1 1 0
4 5 -1 7500.00 2.59 20 25 1 1 0
4 6 1 7500.00 2.59 20 22 0 1 0
4 6 -1 7500.00 2.59 20 23 0 1 0
4 7 1 7500.00 2.59 20 3 0 1 0
4 7 -1 7500.00 2.59 20 25 0 1 0
4 8 1 7500.00 2.59 20 25 0 1 0
4 8 -1 7500.00 2.59 20 17 0 1 0
5 1 1 7500.00 2.59 20 27 1 1 4
5 1 -1 7500.00 2.59 20 25 1 1 4
5 2 1 7500.00 2.59 20 19 1 1 4
5 2 -1 7500.00 2.59 20 16 1 1 4
5 3 1 7500.00 2.59 20 22 1 1 3
5 3 -1 7500.00 2.59 20 27 1 1 3
5 4 1 7500.00 2.59 20 12 1 1 4
5 4 -1 7500.00 2.59 20 17 1 1 4
5 5 1 7500.00 2.59 20 26 1 1 0
5 5 -1 7500.00 2.59 20 27 1 1 0
5 6 1 7500.00 2.59 20 21 0 1 3
5 6 -1 7500.00 2.59 20 2 0 1 3
5 7 1 7500.00 2.59 20 15 0 1 0
5 7 -1 7500.00 2.59 20 15 0 1 0
5 8 1 7500.00 2.59 20 14 0 1 3
5 8 -1 7500.00 2.59 20 24 0 1 3
6 1 1 7500.00 2.59 20 23 1 1 0
6 1 -1 7500.00 2.59 20 11 1 1 0
6 2 1 7500.00 2.59 20 2 1 1 0
6 2 -1 7500.00 2.59 20 12 1 1 0
6 3 1 7500.00 2.59 20 21 1 1 0
6 3 -1 7500.00 2.59 20 24 1 1 0
6 4 1 7500.00 2.59 20 23 1 1 0
6 4 -1 7500.00 2.59 20 28 1 1 0
6 5 1 7500.00 2.59 20 19 1 1 0
6 5 -1 7500.00 2.59 20 28 1 1 0
6 6 1 7500.00 2.59 20 18 0 1 0
6 6 -1 7500.00 2.59 20 9 0 1 0
6 7 1 7500.00 2.59 20 8 0 1 0
6 7 -1 7500.00 2.59 20 25 0 1 0
6 8 1 7500.00 2.59 20 6 0 1 0
6 8 -1 7500.00 2.59 20 28 0 1 0
7 1 1 7500.00 2.59 20 19 1 1 1
7 1 -1 7500.00 2.59 20 18 1 1 1
7 2 1 7500.00 2.59 20 18 1 1 0
7 2 -1 7500.00 2.59 20 25 1 1 0
7 3 1 7500.00 2.59 20 6 1 1 0
7 3 -1 7500.00 2.59 20 6 1 1 0
7 4 1 7500.00 2.59 20 27 1 1 4
7 4 -1 7500.00 2.59 20 11 1 1 4
7 5 1 7500.00 2.59 20 12 1 1 0
7 5 -1 7500.00 2.59 20 21 1 1 0
7 6 1 7500.00 2.59 20 16 0 1 1
7 6 -1 7500.00 2.59 20 26 0 1 1
7 7 1 7500.00 2.59 20 19 0 1 1
7 7 -1 7500.00 2.59 20 19 0 1 1
7 8 1 7500.00 2.59 20 27 0 1 0
7 8 -1 7500.00 2.59 20 14 0 1 0
8 1 1 7500.00 2.59 20 22 1 1 0
8 1 -1 7500.00 2.59 20 22 1 1 0
8 2 1 7500.00 2.59 20 28 1 1 0
8 2 -1 7500.00 2.59 20 22 1 1 0
8 3 1 7500.00 2.59 20 28 1 1 0
8 3 -1 7500.00 2.59 20 2 1 1 0
8 4 1 7500.00 2.59 20 28 1 1 0
8 4 -1 7500.00 2.59 20 21 1 1 0
8 5 1 7500.00 2.59 20 15 1 1 0
8 5 -1 7500.00 2.59 20 27 1 1 0
8 6 1 7500.00 2.59 20 20 0 1 0
8 6 -1 7500.00 2.59 20 26 0 1 0
8 7 1 7500.00 2.59 20 28 0 1 0
8 7 -1 7500.00 2.59 20 7 0 1 0
8 8 1 7500.00 2.59 20 7 0 1 0
8 8 -1 7500.00 2.59 20 16 0 1 0
9 1 1 7500.00 2.59 20 17 1 1 4
9 1 -1 7500.00 2.59 20 20 1 1 4
9 2 1 7500.00 2.59 20 27 1 1 0
9 2 -1 7500.00 2.59 20 18 1 1 0
9 3 1 7500.00 2.59 20 2 1 1 1
9 3 -1 7500.00 2.59 20 13 1 1 1
9 4 1 7500.00 2.59 20 11 1 1 4
9 4 -1 7500.00 2.59 20 27 1 1 4
9 5 1 7500.00 2.59 20 28 1 1 4
9 5 -1 7500.00 2.59 20 27 1 1 4
9 6 1 7500.00 2.59 20 25 0 1 1
9 6 -1 7500.00 2.59 20 25 0 1 1
9 7 1 7500.00 2.59 20 23 0 1 0
9 7 -1 7500.00 2.59 20 10 0 1 0
9 8 1 7500.00 2.59 20 23 0 1 4
9 8 -1 7500.00 2.59 20 27 0 1 4
#STACKS
105000.00 18.13 1
120000.00 20.72 1
120000.00 20.72 1
120000.00 20.72 1
120000.00 20.72 1
120000.00 20.72 1
120000.00 20.72 1
120000.00 20.72 1
120000.00 20.72 1
120000.00 20.72 1
105000.00 18.13 1
#CELLS
1 0 0 0 0 0 1
1 1 1 1 1 1 1
1 1 1 1 1 1 1
1 1 1 1 1 1 1
1 1 1 1 1 1 1
1 0 0 1 1 1 1
1 0 0 1 1 1 1
1 0 0 1 1 1 1
2 1 1 1 1 1 1
2 1 1 1 1 1 1
2 1 1 1 1 1 1
2 1 1 1 1 1 1
2 1 1 1 1 1 1
2 0 0 1 1 1 1
2 0 0 1 1 1 1
2 0 0 1 1 1 1
3 1 1 1 1 1 1
3 1 1 1 1 1 1
3 1 1 1 1 1 1
3 1 1 1 1 1 1
3 1 1 1 1 1 1
3 0 0 1 1 1 1
3 0 0 1 1 1 1
3 0 0 1 1 1 1
4 1 1 1 1 1 1
4 1 1 1 1 1 1
4 1 1 1 1 1 1
4 1 1 1 1 1 1
4 1 1 1 1 1 1
4 0 0 1 1 1 1
4 0 0 1 1 1 1
4 0 0 1 1 1 1
5 1 1 1 1 1 1
5 1 1 1 1 1 1
5 1 1 1 1 1 1
5 1 1 1 1 1 1
5 1 1 1 1 1 1
5 0 0 1 1 1 1
5 0 0 1 1 1 1
5 0 0 1 1 1 1
6 1 1 1 1 1 1
6 1 1 1 1 1 1
6 1 1 1 1 1 1
6 1 1 1 1 1 1
6 1 1 1 1 1 1
6 0 0 1 1 1 1
6 0 0 1 1 1 1
6 0 0 1 1 1 1
7 1 1 1 1 1 1
7 1 1 1 1 1 1
7 1 1 1 1 1 1
7 1 1 1 1 1 1
7 1 1 1 1 1 1
7 0 0 1 1 1 1
7 0 0 1 1 1 1
7 0 0 1 1 1 1
8 1 1 1 1 1 1
8 1 1 1 1 1 1
8 1 1 1 1 1 1
8 1 1 1 1 1 1
8 1 1 1 1 1 1
8 0 0 1 1 1 1
8 0 0 1 1 1 1
8 0 0 1 1 1 1
9 1 1 1 1 1 1
9 1 1 1 1 1 1
9 1 1 1 1 1 1
9 1 1 1 1 1 1
9 1 1 1 1 1 1
9 0 0 1 1 1 1
9 0 0 1 1 1 1
9 0 0 1 1 1 1
10 1 1 1 1 1 1
10 1 1 1 1 1 1
10 1 1 1 1 1 1
10 1 1 1 1 1 1
10 1 1 1 1 1 1
10 0 0 1 1 1 1
10 0 0 1 1 1 1
10 0 0 1 1 1 1
11 0 0 0 0 0 1
11 1 1 1 1 1 1
11 1 1 1 1 1 1
11 1 1 1 1 1 1
11 1 1 1 1 1 1
11 0 0 1 1 1 1
11 0 0 1 1 1 1
11 0 0 1 1 1 1
#INFO-GEN
Namespace(bayType=4, francisco=True, meanPort=27, seed=1234, stdPort=16.720144472591628, target40=0, targetCapacity=85, targetHC=50, targetIMO=67, targetPorts=28, targetReefer=44, targetRelease=78, targetWeight=74)
