22 45 87 11 88 1 8
#POD
1 2 3 4 5 6 7 8 9 10 11 12 13 14 15 16 17 18 19 21 22 23
#LOCATIONS
1
#CONTAINERS_TOLOAD
0 0 0 13981.31 2.59 20 6 0 1 1
0 0 0 6488.73 2.59 20 5 0 1 1
0 0 0 8928.74 2.59 20 3 0 1 1
0 0 0 14874.59 2.59 20 19 0 1 1
0 0 0 5257.58 2.59 20 21 0 1 4
0 0 0 13159.25 2.59 20 11 0 1 4
0 0 0 5327.89 2.59 20 15 0 1 1
0 0 0 11435.94 2.59 20 9 0 1 1
0 0 0 8983.86 2.59 20 9 1 1 1
0 0 0 9548.31 2.59 20 5 1 1 1
0 0 0 9760.42 2.59 20 2 1 1 4
0 0 0 12881.15 2.59 20 17 1 1 4
0 0 0 6284.96 2.59 20 21 1 1 0
0 0 0 11127.02 2.59 20 7 1 1 0
0 0 0 7244.64 2.59 20 11 0 1 0
0 0 0 13218.14 2.59 20 12 0 1 0
0 0 0 7997.43 2.59 20 17 0 1 0
0 0 0 8163.30 2.59 20 11 0 1 0
0 0 0 15153.55 2.59 20 15 0 1 0
0 0 0 4509.83 2.59 20 10 0 1 0
0 0 0 14299.90 2.59 20 17 0 1 0
0 0 0 4733.27 2.59 20 19 0 1 0
0 0 0 12273.99 2.59 20 11 1 1 0
0 0 0 9693.87 2.59 20 13 1 1 0
0 0 0 10271.25 2.59 20 14 1 1 0
0 0 0 9160.88 2.59 20 11 1 1 0
0 0 0 10101.02 2.59 20 6 1 1 0
0 0 0 6698.85 2.59 20 12 1 1 0
0 0 0 15330.69 2.59 20 22 1 1 0
0 0 0 4003.67 2.59 20 9 1 1 0
0 0 0 9358.45 2.59 40 15 0 1 3
0 0 0 12062.00 2.59 40 10 0 1 4
0 0 0 8154.09 2.59 40 3 0 1 0
0 0 0 8854.56 2.59 40 11 0 1 3
0 0 0 12543.60 2.59 40 21 1 1 0
0 0 0 10318.70 2.59 40 12 0 1 0
0 0 0 7387.28 2.59 40 19 0 1 0
0 0 0 12449.29 2.59 40 18 0 1 0
0 0 0 6330.87 2.59 40 11 0 1 0
0 0 0 12984.77 2.59 40 12 1 1 0
0 0 0 5673.28 2.59 40 12 1 1 0
0 0 0 11229.03 2.59 40 8 1 1 0
0 0 0 11987.16 2.59 40 10 1 1 0
0 0 0 8237.09 2.59 40 8 1 1 1
0 0 0 7270.79 2.59 40 15 1 1 0
#CONTAINERS_LOADED
3 1 1 7500.00 2.59 20 2 1 1 3
3 1 -1 7500.00 2.59 20 10 1 1 3
3 2 1 7500.00 2.59 20 16 1 1 4
3 2 -1 7500.00 2.59 20 15 1 1 4
3 3 1 7500.00 2.59 20 6 1 1 3
3 3 -1 7500.00 2.59 20 3 1 1 3
3 4 1 7500.00 2.59 20 9 1 1 0
3 4 -1 7500.00 2.59 20 22 1 1 0
3 5 1 7500.00 2.59 20 14 1 1 0
3 5 -1 7500.00 2.59 20 8 1 1 0
3 6 1 7500.00 2.59 20 16 0 1 4
3 6 -1 7500.00 2.59 20 4 0 1 4
3 7 1 7500.00 2.59 20 16 0 1 4
3 7 -1 7500.00 2.59 20 5 0 1 4
3 8 1 7500.00 2.59 20 14 0 1 3
3 8 -1 7500.00 2.59 20 15 0 1 3
4 1 1 7500.00 2.59 20 7 1 1 0
4 1 -1 7500.00 2.59 20 7 1 1 0
4 2 1 7500.00 2.59 20 15 1 1 0
4 2 -1 7500.00 2.59 20 16 1 1 0
4 3 1 7500.00 2.59 20 14 1 1 0
4 3 -1 7500.00 2.59 20 16 1 1 0
4 4 1 7500.00 2.59 20 10 1 1 0
4 4 -1 7500.00 2.59 20 18 1 1 0
4 5 1 7500.00 2.59 20 10 1 1 0
4 5 -1 7500.00 2.59 20 14 1 1 0
4 6 1 7500.00 2.59 20 10 0 1 0
4 6 -1 7500.00 2.59 20 16 0 1 0
4 7 1 7500.00 2.59 20 10 0 1 0
4 7 -1 7500.00 2.59 20 1 0 1 0
4 8 1 7500.00 2.59 20 16 0 1 0
4 8 -1 7500.00 2.59 20 10 0 1 0
5 1 1 7500.00 2.59 20 7 1 1 3
5 1 -1 7500.00 2.59 20 13 1 1 3
5 2 1 7500.00 2.59 20 10 1 1 0
5 2 -1 7500.00 2.59 20 17 1 1 0
5 3 1 7500.00 2.59 20 9 1 1 3
5 3 -1 7500.00 2.59 20 12 1 1 3
5 4 1 7500.00 2.59 20 15 1 1 4
5 4 -1 7500.00 2.59 20 14 1 1 4
5 5 1 7500.00 2.59 20 7 1 1 3
5 5 -1 7500.00 2.59 20 13 1 1 3
5 6 1 7500.00 2.59 20 21 0 1 3
5 6 -1 7500.00 2.59 20 13 0 1 3
5 7 1 7500.00 2.59 20 8 0 1 3
5 7 -1 7500.00 2.59 20 11 0 1 3
5 8 1 7500.00 2.59 20 11 0 1 3
5 8 -1 7500.00 2.59 20 11 0 1 3
6 1 1 7500.00 2.59 20 13 1 1 0
6 1 -1 7500.00 2.59 20 12 1 1 0
6 2 1 7500.00 2.59 20 10 1 1 0
6 2 -1 7500.00 2.59 20 3 1 1 0
6 3 1 7500.00 2.59 20 10 1 1 0
6 3 -1 7500.00 2.59 20 10 1 1 0
6 4 1 7500.00 2.59 20 16 1 1 0
6 4 -1 7500.00 2.59 20 16 1 1 0
6 5 1 7500.00 2.59 20 14 1 1 0
6 5 -1 7500.00 2.59 20 18 1 1 0
6 6 1 7500.00 2.59 20 8 0 1 0
6 6 -1 7500.00 2.59 20 15 0 1 0
6 7 1 7500.00 2.59 20 11 0 1 0
6 7 -1 7500.00 2.59 20 3 0 1 0
6 8 1 7500.00 2.59 20 19 0 1 0
6 8 -1 7500.00 2.59 20 15 0 1 0
7 1 1 7500.00 2.59 20 14 1 1 4
7 1 -1 7500.00 2.59 20 15 1 1 4
7 2 1 7500.00 2.59 20 12 1 1 3
7 2 -1 7500.00 2.59 20 23 1 1 3
7 3 1 7500.00 2.59 20 11 1 1 3
7 3 -1 7500.00 2.59 20 12 1 1 3
7 4 1 7500.00 2.59 20 5 1 1 4
7 4 -1 7500.00 2.59 20 12 1 1 4
7 5 0 15000.00 2.59 40 19 1 1 4
7 6 0 15000.00 2.59 40 15 0 1 3
7 7 0 15000.00 2.59 40 13 0 1 3
7 8 0 15000.00 2.59 40 15 0 1 0
8 1 0 15000.00 2.59 40 10 1 1 0
8 2 0 15000.00 2.59 40 12 1 1 0
8 3 0 15000.00 2.59 40 18 1 1 0
8 4 0 15000.00 2.59 40 7 1 1 0
8 5 0 15000.00 2.59 40 12 1 1 0
8 6 0 15000.00 2.59 40 14 0 1 0
8 7 0 15000.00 2.59 40 11 0 1 0
8 8 0 15000.00 2.59 40 10 0 1 0
9 1 0 15000.00 2.59 40 3 1 1 3
9 2 0 15000.00 2.59 40 17 1 1 3
9 3 0 15000.00 2.59 40 14 1 1 3
#STACKS
105000.00 18.13 1
120000.00 20.72 1
120000.00 20.72 1
120000.00 20.72 1
120000.00 20.72 1
120000.00 20.72 1
120000.00 20.72 1
120000.00 20.72 1
120000.00 20.72 1
120000.00 20.72 1
105000.00 18.13 1
#CELLS
1 0 0 0 0 0 1
1 1 1 1 1 1 1
1 1 1 1 1 1 1
1 1 1 1 1 1 1
1 1 1 1 1 1 1
1 0 0 1 1 1 1
1 0 0 1 1 1 1
1 0 0 1 1 1 1
2 1 1 1 1 1 1
2 1 1 1 1 1 1
2 1 1 1 1 1 1
2 1 1 1 1 1 1
2 1 1 1 1 1 1
2 0 0 1 1 1 1
2 0 0 1 1 1 1
2 0 0 1 1 1 1
3 1 1 1 1 1 1
3 1 1 1 1 1 1
3 1 1 1 1 1 1
3 1 1 1 1 1 1
3 1 1 1 1 1 1
3 0 0 1 1 1 1
3 0 0 1 1 1 1
3 0 0 1 1 1 1
4 1 1 1 1 1 1
4 1 1 1 1 1 1
4 1 1 1 1 1 1
4 1 1 1 1 1 1
4 1 1 1 1 1 1
4 0 0 1 1 1 1
4 0 0 1 1 1 1
4 0 0 1 1 1 1
5 1 1 1 1 1 1
5 1 1 1 1 1 1
5 1 1 1 1 1 1
5 1 1 1 1 1 1
5 1 1 1 1 1 1
5 0 0 1 1 1 1
5 0 0 1 1 1 1
5 0 0 1 1 1 1
6 1 1 1 1 1 1
6 1 1 1 1 1 1
6 1 1 1 1 1 1
6 1 1 1 1 1 1
6 1 1 1 1 1 1
6 0 0 1 1 1 1
6 0 0 1 1 1 1
6 0 0 1 1 1 1
7 1 1 1 1 1 1
7 1 1 1 1 1 1
7 1 1 1 1 1 1
7 1 1 1 1 1 1
7 1 1 1 1 1 1
7 0 0 1 1 1 1
7 0 0 1 1 1 1
7 0 0 1 1 1 1
8 1 1 1 1 1 1
8 1 1 1 1 1 1
8 1 1 1 1 1 1
8 1 1 1 1 1 1
8 1 1 1 1 1 1
8 0 0 1 1 1 1
8 0 0 1 1 1 1
8 0 0 1 1 1 1
9 1 1 1 1 1 1
9 1 1 1 1 1 1
9 1 1 1 1 1 1
9 1 1 1 1 1 1
9 1 1 1 1 1 1
9 0 0 1 1 1 1
9 0 0 1 1 1 1
9 0 0 1 1 1 1
10 1 1 1 1 1 1
10 1 1 1 1 1 1
10 1 1 1 1 1 1
10 1 1 1 1 1 1
10 1 1 1 1 1 1
10 0 0 1 1 1 1
10 0 0 1 1 1 1
10 0 0 1 1 1 1
11 0 0 0 0 0 1
11 1 1 1 1 1 1
11 1 1 1 1 1 1
11 1 1 1 1 1 1
11 1 1 1 1 1 1
11 0 0 1 1 1 1
11 0 0 1 1 1 1
11 0 0 1 1 1 1
#INFO-GEN
Namespace(bayType=4, francisco=True, meanPort=13, seed=3456, stdPort=5.199924608022632, target40=38, targetCapacity=95, targetHC=0, targetIMO=78, targetPorts=26, targetReefer=79, targetRelease=64, targetWeight=83)
