21 38 73 11 88 1 8
#POD
1 2 3 4 6 7 8 9 10 11 12 13 14 15 16 17 18 19 20 22 23
#LOCATIONS
1
#CONTAINERS_TOLOAD
0 0 0 21497.17 2.59 20 8 0 1 0
0 0 0 8876.49 2.59 20 17 0 1 0
0 0 0 12986.51 2.59 20 16 0 1 0
0 0 0 23001.83 2.59 20 8 0 1 0
0 0 0 6802.72 2.59 20 10 0 1 0
0 0 0 20112.48 2.59 20 16 0 1 0
0 0 0 6921.16 2.59 20 12 0 1 0
0 0 0 17209.69 2.59 20 14 0 1 0
0 0 0 13079.35 2.59 20 19 1 1 0
0 0 0 14030.13 2.59 20 4 1 1 0
0 0 0 14387.40 2.59 20 9 1 1 0
0 0 0 19644.04 2.59 20 2 1 1 0
0 0 0 8533.26 2.59 20 9 1 1 0
0 0 0 16689.33 2.59 20 15 1 1 0
0 0 0 10149.77 2.59 20 9 1 1 0
0 0 0 20211.67 2.59 20 15 1 1 0
0 0 0 11417.79 2.59 20 12 0 1 0
0 0 0 11697.19 2.59 20 13 0 1 0
0 0 0 23471.72 2.59 20 18 0 1 4
0 0 0 5543.20 2.59 20 2 0 1 4
0 0 0 22033.82 2.59 20 6 0 1 3
0 0 0 5919.57 2.59 20 4 0 1 3
0 0 0 18621.33 2.59 20 6 0 1 4
0 0 0 14275.31 2.59 20 16 0 1 4
0 0 0 15247.86 2.59 20 12 1 1 3
0 0 0 13377.53 2.59 20 8 1 1 3
0 0 0 14961.13 2.59 40 11 0 1 1
0 0 0 9230.42 2.59 40 14 0 1 4
0 0 0 23770.10 2.59 40 17 0 1 0
0 0 0 4690.61 2.59 40 18 0 1 0
0 0 0 13710.31 2.59 40 19 1 1 0
0 0 0 18264.24 2.59 40 18 1 1 4
0 0 0 11681.67 2.59 40 11 1 1 1
0 0 0 12861.56 2.59 40 20 1 1 0
0 0 0 19075.46 2.59 40 12 0 1 0
0 0 0 15327.78 2.59 40 17 1 1 0
0 0 0 10390.04 2.59 40 7 1 1 0
0 0 0 12064.35 2.59 40 15 1 1 0
#CONTAINERS_LOADED
3 1 1 7500.00 2.59 20 16 1 1 3
3 1 -1 7500.00 2.59 20 17 1 1 3
3 2 1 7500.00 2.59 20 12 1 1 0
3 2 -1 7500.00 2.59 20 19 1 1 0
3 3 1 7500.00 2.59 20 12 1 1 4
3 3 -1 7500.00 2.59 20 2 1 1 4
4 1 1 7500.00 2.59 20 16 1 1 0
4 1 -1 7500.00 2.59 20 19 1 1 0
4 2 1 7500.00 2.59 20 7 1 1 0
4 2 -1 7500.00 2.59 20 19 1 1 0
4 3 1 7500.00 2.59 20 6 1 1 0
4 3 -1 7500.00 2.59 20 11 1 1 0
4 4 1 7500.00 2.59 20 7 1 1 0
4 4 -1 7500.00 2.59 20 6 1 1 0
4 5 1 7500.00 2.59 20 7 1 1 0
4 5 -1 7500.00 2.59 20 13 1 1 0
4 6 1 7500.00 2.59 20 8 0 1 0
4 6 -1 7500.00 2.59 20 9 0 1 0
4 7 1 7500.00 2.59 20 15 0 1 0
4 7 -1 7500.00 2.59 20 13 0 1 0
4 8 1 7500.00 2.59 20 12 0 1 0
4 8 -1 7500.00 2.59 20 8 0 1 0
5 1 1 7500.00 2.59 20 14 1 1 1
5 1 -1 7500.00 2.59 20 2 1 1 1
5 2 1 7500.00 2.59 20 18 1 1 0
5 2 -1 7500.00 2.59 20 17 1 1 0
5 3 1 7500.00 2.59 20 15 1 1 1
5 3 -1 7500.00 2.59 20 6 1 1 1
5 4 1 7500.00 2.59 20 13 1 1 1
5 4 -1 7500.00 2.59 20 9 1 1 1
5 5 1 7500.00 2.59 20 9 1 1 0
5 5 -1 7500.00 2.59 20 9 1 1 0
5 6 1 7500.00 2.59 20 8 0 1 0
5 6 -1 7500.00 2.59 20 22 0 1 0
5 7 1 7500.00 2.59 20 18 0 1 0
5 7 -1 7500.00 2.59 20 12 0 1 0
5 8 1 7500.00 2.59 20 12 0 1 1
5 8 -1 7500.00 2.59 20 23 0 1 1
6 1 1 7500.00 2.59 20 3 1 1 0
6 1 -1 7500.00 2.59 20 9 1 1 0
6 2 1 7500.00 2.59 20 15 1 1 0
6 2 -1 7500.00 2.59 20 15 1 1 0
6 3 1 7500.00 2.59 20 6 1 1 0
6 3 -1 7500.00 2.59 20 16 1 1 0
6 4 1 7500.00 2.59 20 13 1 1 0
6 4 -1 7500.00 2.59 20 19 1 1 0
6 5 1 7500.00 2.59 20 6 1 1 0
6 5 -1 7500.00 2.59 20 10 1 1 0
6 6 1 7500.00 2.59 20 11 0 1 0
6 6 -1 7500.00 2.59 20 12 0 1 0
6 7 1 7500.00 2.59 20 3 0 1 0
6 7 -1 7500.00 2.59 20 14 0 1 0
6 8 1 7500.00 2.59 20 7 0 1 0
6 8 -1 7500.00 2.59 20 12 0 1 0
7 1 1 7500.00 2.59 20 20 1 1 4
7 1 -1 7500.00 2.59 20 15 1 1 4
7 2 1 7500.00 2.59 20 8 1 1 3
7 2 -1 7500.00 2.59 20 13 1 1 3
7 3 1 7500.00 2.59 20 6 1 1 0
7 3 -1 7500.00 2.59 20 13 1 1 0
7 4 0 15000.00 2.59 40 14 1 1 3
7 5 0 15000.00 2.59 40 20 1 1 4
7 6 0 15000.00 2.59 40 6 0 1 3
7 7 0 15000.00 2.59 40 1 0 1 0
7 8 0 15000.00 2.59 40 17 0 1 0
8 1 0 15000.00 2.59 40 10 1 1 0
8 2 0 15000.00 2.59 40 16 1 1 0
8 3 0 15000.00 2.59 40 6 1 1 0
8 4 0 15000.00 2.59 40 8 1 1 0
8 5 0 15000.00 2.59 40 18 1 1 0
8 6 0 15000.00 2.59 40 8 0 1 0
8 7 0 15000.00 2.59 40 19 0 1 0
8 8 0 15000.00 2.59 40 13 0 1 0
#STACKS
105000.00 18.13 1
120000.00 20.72 1
120000.00 20.72 1
120000.00 20.72 1
120000.00 20.72 1
120000.00 20.72 1
120000.00 20.72 1
120000.00 20.72 1
120000.00 20.72 1
120000.00 20.72 1
105000.00 18.13 1
#CELLS
1 0 0 0 0 0 1
1 1 1 1 1 1 1
1 1 1 1 1 1 1
1 1 1 1 1 1 1
1 1 1 1 1 1 1
1 0 0 1 1 1 1
1 0 0 1 1 1 1
1 0 0 1 1 1 1
2 1 1 1 1 1 1
2 1 1 1 1 1 1
2 1 1 1 1 1 1
2 1 1 1 1 1 1
2 1 1 1 1 1 1
2 0 0 1 1 1 1
2 0 0 1 1 1 1
2 0 0 1 1 1 1
3 1 1 1 1 1 1
3 1 1 1 1 1 1
3 1 1 1 1 1 1
3 1 1 1 1 1 1
3 1 1 1 1 1 1
3 0 0 1 1 1 1
3 0 0 1 1 1 1
3 0 0 1 1 1 1
4 1 1 1 1 1 1
4 1 1 1 1 1 1
4 1 1 1 1 1 1
4 1 1 1 1 1 1
4 1 1 1 1 1 1
4 0 0 1 1 1 1
4 0 0 1 1 1 1
4 0 0 1 1 1 1
5 1 1 1 1 1 1
5 1 1 1 1 1 1
5 1 1 1 1 1 1
5 1 1 1 1 1 1
5 1 1 1 1 1 1
5 0 0 1 1 1 1
5 0 0 1 1 1 1
5 0 0 1 1 1 1
6 1 1 1 1 1 1
6 1 1 1 1 1 1
6 1 1 1 1 1 1
6 1 1 1 1 1 1
6 1 1 1 1 1 1
6 0 0 1 1 1 1
6 0 0 1 1 1 1
6 0 0 1 1 1 1
7 1 1 1 1 1 1
7 1 1 1 1 1 1
7 1 1 1 1 1 1
7 1 1 1 1 1 1
7 1 1 1 1 1 1
7 0 0 1 1 1 1
7 0 0 1 1 1 1
7 0 0 1 1 1 1
8 1 1 1 1 1 1
8 1 1 1 1 1 1
8 1 1 1 1 1 1
8 1 1 1 1 1 1
8 1 1 1 1 1 1
8 0 0 1 1 1 1
8 0 0 1 1 1 1
8 0 0 1 1 1 1
9 1 1 1 1 1 1
9 1 1 1 1 1 1
9 1 1 1 1 1 1
9 1 1 1 1 1 1
9 1 1 1 1 1 1
9 0 0 1 1 1 1
9 0 0 1 1 1 1
9 0 0 1 1 1 1
10 1 1 1 1 1 1
10 1 1 1 1 1 1
10 1 1 1 1 1 1
10 1 1 1 1 1 1
10 1 1 1 1 1 1
10 0 0 1 1 1 1
10 0 0 1 1 1 1
10 0 0 1 1 1 1
11 0 0 0 0 0 1
11 1 1 1 1 1 1
11 1 1 1 1 1 1
11 1 1 1 1 1 1
11 1 1 1 1 1 1
11 0 0 1 1 1 1
11 0 0 1 1 1 1
11 0 0 1 1 1 1
#INFO-GEN
Namespace(bayType=4, francisco=True, meanPort=13, seed=3456, stdPort=5.199924608022632, target40=38, targetCapacity=80, targetHC=10, targetIMO=78, targetPorts=26, targetReefer=79, targetRelease=64, targetWeight=84)
