21 40 64 11 88 1 8
#POD
1 2 3 4 6 7 8 9 10 11 12 13 14 15 16 17 18 19 20 22 23
#LOCATIONS
1
#CONTAINERS_TOLOAD
0 0 0 21028.87 2.59 20 16 0 1 0
0 0 0 8727.71 2.59 20 8 0 1 0
0 0 0 12733.67 2.59 20 10 0 1 0
0 0 0 22495.43 2.59 20 16 0 1 0
0 0 0 6706.45 2.59 20 12 0 1 0
0 0 0 19679.23 2.59 20 14 0 1 0
0 0 0 6821.88 2.59 20 19 0 1 0
0 0 0 16849.94 2.59 20 4 0 1 0
0 0 0 12824.17 2.59 20 9 1 1 0
0 0 0 13750.88 2.59 20 2 1 1 0
0 0 0 14099.10 2.59 20 9 1 1 0
0 0 0 19222.65 2.59 20 15 1 1 0
0 0 0 8393.17 2.59 20 9 1 1 0
0 0 0 16342.75 2.59 20 15 1 1 0
0 0 0 9968.76 2.59 20 12 1 1 0
0 0 0 19775.91 2.59 20 13 1 1 0
0 0 0 11204.67 2.59 20 18 0 1 4
0 0 0 11476.99 2.59 20 2 0 1 4
0 0 0 22953.43 2.59 20 6 0 1 1
0 0 0 5478.81 2.59 20 4 0 1 1
0 0 0 21551.93 2.59 20 6 0 1 1
0 0 0 5845.65 2.59 20 16 0 1 1
0 0 0 18225.84 2.59 20 12 0 1 1
0 0 0 13989.84 2.59 20 8 0 1 1
0 0 0 14937.77 2.59 20 11 1 1 1
0 0 0 13114.80 2.59 20 14 1 1 1
0 0 0 14658.30 2.59 20 17 1 1 0
0 0 0 9072.68 2.59 20 18 1 1 0
0 0 0 23244.26 2.59 20 19 1 1 0
0 0 0 4647.81 2.59 20 18 1 1 0
0 0 0 13439.15 2.59 20 11 1 1 1
0 0 0 17877.79 2.59 20 20 1 1 1
0 0 0 11461.87 2.59 40 12 0 1 1
0 0 0 12611.89 2.59 40 17 0 1 0
0 0 0 18668.47 2.59 40 7 0 1 1
0 0 0 15015.67 2.59 40 15 0 1 1
0 0 0 10202.94 2.59 40 16 0 1 4
0 0 0 18513.64 2.59 40 17 1 1 4
0 0 0 8468.56 2.59 40 12 1 1 0
0 0 0 12796.67 2.59 40 19 1 1 4
#CONTAINERS_LOADED
4 1 1 7500.00 2.59 20 12 1 1 0
4 1 -1 7500.00 2.59 20 2 1 1 0
4 2 1 7500.00 2.59 20 16 1 1 0
4 2 -1 7500.00 2.59 20 19 1 1 0
4 3 1 7500.00 2.59 20 7 1 1 0
4 3 -1 7500.00 2.59 20 19 1 1 0
4 4 1 7500.00 2.59 20 6 1 1 0
4 4 -1 7500.00 2.59 20 11 1 1 0
4 5 1 7500.00 2.59 20 7 1 1 0
4 5 -1 7500.00 2.59 20 6 1 1 0
4 6 1 7500.00 2.59 20 7 0 1 0
4 6 -1 7500.00 2.59 20 13 0 1 0
4 7 1 7500.00 2.59 20 8 0 1 0
4 7 -1 7500.00 2.59 20 9 0 1 0
4 8 1 7500.00 2.59 20 15 0 1 0
4 8 -1 7500.00 2.59 20 13 0 1 0
5 1 1 7500.00 2.59 20 12 1 1 1
5 1 -1 7500.00 2.59 20 8 1 1 1
5 2 1 7500.00 2.59 20 14 1 1 4
5 2 -1 7500.00 2.59 20 2 1 1 4
5 3 1 7500.00 2.59 20 18 1 1 1
5 3 -1 7500.00 2.59 20 17 1 1 1
5 4 1 7500.00 2.59 20 15 1 1 4
5 4 -1 7500.00 2.59 20 6 1 1 4
5 5 1 7500.00 2.59 20 13 1 1 4
5 5 -1 7500.00 2.59 20 9 1 1 4
5 6 1 7500.00 2.59 20 9 0 1 1
5 6 -1 7500.00 2.59 20 9 0 1 1
5 7 1 7500.00 2.59 20 8 0 1 0
5 7 -1 7500.00 2.59 20 22 0 1 0
5 8 1 7500.00 2.59 20 18 0 1 1
5 8 -1 7500.00 2.59 20 12 0 1 1
6 1 1 7500.00 2.59 20 12 1 1 0
6 1 -1 7500.00 2.59 20 23 1 1 0
6 2 1 7500.00 2.59 20 3 1 1 0
6 2 -1 7500.00 2.59 20 9 1 1 0
6 3 1 7500.00 2.59 20 15 1 1 0
6 3 -1 7500.00 2.59 20 15 1 1 0
6 4 1 7500.00 2.59 20 6 1 1 0
6 4 -1 7500.00 2.59 20 16 1 1 0
6 5 1 7500.00 2.59 20 13 1 1 0
6 5 -1 7500.00 2.59 20 19 1 1 0
6 6 1 7500.00 2.59 20 6 0 1 0
6 6 -1 7500.00 2.59 20 10 0 1 0
6 7 1 7500.00 2.59 20 11 0 1 0
6 7 -1 7500.00 2.59 20 12 0 1 0
6 8 1 7500.00 2.59 20 3 0 1 0
6 8 -1 7500.00 2.59 20 14 0 1 0
7 1 0 15000.00 2.59 40 7 1 1 4
7 2 0 15000.00 2.59 40 12 1 1 1
7 3 0 15000.00 2.59 40 20 1 1 4
7 4 0 15000.00 2.59 40 15 1 1 0
7 5 0 15000.00 2.59 40 8 1 1 4
7 6 0 15000.00 2.59 40 13 0 1 1
7 7 0 15000.00 2.59 40 6 0 1 4
7 8 0 15000.00 2.59 40 13 0 1 0
8 1 0 15000.00 2.59 40 14 1 1 0
8 2 0 15000.00 2.59 40 20 1 1 0
8 3 0 15000.00 2.59 40 6 1 1 0
8 4 0 15000.00 2.59 40 1 1 1 0
8 5 0 15000.00 2.59 40 17 1 1 0
8 6 0 15000.00 2.59 40 10 0 1 0
8 7 0 15000.00 2.59 40 16 0 1 0
8 8 0 15000.00 2.59 40 6 0 1 0
#STACKS
105000.00 18.13 1
120000.00 20.72 1
120000.00 20.72 1
120000.00 20.72 1
120000.00 20.72 1
120000.00 20.72 1
120000.00 20.72 1
120000.00 20.72 1
120000.00 20.72 1
120000.00 20.72 1
105000.00 18.13 1
#CELLS
1 0 0 0 0 0 1
1 1 1 1 1 1 1
1 1 1 1 1 1 1
1 1 1 1 1 1 1
1 1 1 1 1 1 1
1 0 0 1 1 1 1
1 0 0 1 1 1 1
1 0 0 1 1 1 1
2 1 1 1 1 1 1
2 1 1 1 1 1 1
2 1 1 1 1 1 1
2 1 1 1 1 1 1
2 1 1 1 1 1 1
2 0 0 1 1 1 1
2 0 0 1 1 1 1
2 0 0 1 1 1 1
3 1 1 1 1 1 1
3 1 1 1 1 1 1
3 1 1 1 1 1 1
3 1 1 1 1 1 1
3 1 1 1 1 1 1
3 0 0 1 1 1 1
3 0 0 1 1 1 1
3 0 0 1 1 1 1
4 1 1 1 1 1 1
4 1 1 1 1 1 1
4 1 1 1 1 1 1
4 1 1 1 1 1 1
4 1 1 1 1 1 1
4 0 0 1 1 1 1
4 0 0 1 1 1 1
4 0 0 1 1 1 1
5 1 1 1 1 1 1
5 1 1 1 1 1 1
5 1 1 1 1 1 1
5 1 1 1 1 1 1
5 1 1 1 1 1 1
5 0 0 1 1 1 1
5 0 0 1 1 1 1
5 0 0 1 1 1 1
6 1 1 1 1 1 1
6 1 1 1 1 1 1
6 1 1 1 1 1 1
6 1 1 1 1 1 1
6 1 1 1 1 1 1
6 0 0 1 1 1 1
6 0 0 1 1 1 1
6 0 0 1 1 1 1
7 1 1 1 1 1 1
7 1 1 1 1 1 1
7 1 1 1 1 1 1
7 1 1 1 1 1 1
7 1 1 1 1 1 1
7 0 0 1 1 1 1
7 0 0 1 1 1 1
7 0 0 1 1 1 1
8 1 1 1 1 1 1
8 1 1 1 1 1 1
8 1 1 1 1 1 1
8 1 1 1 1 1 1
8 1 1 1 1 1 1
8 0 0 1 1 1 1
8 0 0 1 1 1 1
8 0 0 1 1 1 1
9 1 1 1 1 1 1
9 1 1 1 1 1 1
9 1 1 1 1 1 1
9 1 1 1 1 1 1
9 1 1 1 1 1 1
9 0 0 1 1 1 1
9 0 0 1 1 1 1
9 0 0 1 1 1 1
10 1 1 1 1 1 1
10 1 1 1 1 1 1
10 1 1 1 1 1 1
10 1 1 1 1 1 1
10 1 1 1 1 1 1
10 0 0 1 1 1 1
10 0 0 1 1 1 1
10 0 0 1 1 1 1
11 0 0 0 0 0 1
11 1 1 1 1 1 1
11 1 1 1 1 1 1
11 1 1 1 1 1 1
11 1 1 1 1 1 1
11 0 0 1 1 1 1
11 0 0 1 1 1 1
11 0 0 1 1 1 1
#INFO-GEN
Namespace(bayType=4, francisco=True, meanPort=13, seed=3456, stdPort=5.199924608022632, target40=38, targetCapacity=75, targetHC=20, targetIMO=78, targetPorts=26, targetReefer=79, targetRelease=64, targetWeight=81)
