21 39 64 11 88 1 8
#POD
1 2 3 4 5 6 7 8 9 10 11 12 13 14 15 16 17 18 19 21 22
#LOCATIONS
1
#CONTAINERS_TOLOAD
0 0 0 24505.82 2.59 20 17 0 1 0
0 0 0 9832.33 2.59 20 6 0 1 0
0 0 0 14610.85 2.59 20 16 0 1 0
0 0 0 26255.21 2.59 20 15 0 1 0
0 0 0 7421.25 2.59 20 6 0 1 0
0 0 0 22895.90 2.59 20 5 0 1 0
0 0 0 7558.95 2.59 20 3 1 1 0
0 0 0 19520.96 2.59 20 19 1 1 0
0 0 0 14718.80 2.59 20 21 1 1 0
0 0 0 15824.23 2.59 20 11 1 1 0
0 0 0 16239.61 2.59 20 15 1 1 0
0 0 0 22351.27 2.59 20 9 1 1 0
0 0 0 9433.27 2.59 20 9 1 1 0
0 0 0 18915.96 2.59 20 5 1 1 0
0 0 0 11312.71 2.59 20 2 0 1 0
0 0 0 23011.22 2.59 20 17 0 1 0
0 0 0 12786.98 2.59 20 21 0 1 4
0 0 0 13111.82 2.59 20 7 0 1 4
0 0 0 26801.54 2.59 20 11 0 1 3
0 0 0 5956.86 2.59 20 12 0 1 3
0 0 0 25129.76 2.59 20 17 0 1 3
0 0 0 6394.45 2.59 20 11 0 1 3
0 0 0 21162.21 2.59 20 15 1 1 3
0 0 0 16109.29 2.59 20 10 1 1 3
0 0 0 17240.02 2.59 20 17 1 1 3
0 0 0 15065.48 2.59 20 19 1 1 3
0 0 0 16906.66 2.59 20 11 1 1 4
0 0 0 10243.83 2.59 20 13 1 1 4
0 0 0 27148.45 2.59 20 14 1 1 3
0 0 0 4965.60 2.59 20 11 1 1 3
0 0 0 15452.39 2.90 40 6 0 1 0
0 0 0 20747.04 2.59 40 12 0 1 4
0 0 0 13093.78 2.59 40 22 0 1 4
0 0 0 14465.58 2.90 40 9 0 1 3
0 0 0 21690.20 2.90 40 15 0 1 3
0 0 0 17332.95 2.90 40 10 0 1 3
0 0 0 11592.06 2.90 40 3 1 1 3
0 0 0 21505.52 2.90 40 11 1 1 3
0 0 0 8121.19 2.90 40 21 1 1 0
#CONTAINERS_LOADED
4 1 1 7500.00 2.59 20 12 1 1 0
4 1 -1 7500.00 2.59 20 19 1 1 0
4 2 1 7500.00 2.59 20 18 1 1 0
4 2 -1 7500.00 2.59 20 11 1 1 0
4 3 1 7500.00 2.59 20 12 1 1 0
4 3 -1 7500.00 2.59 20 12 1 1 0
4 4 1 7500.00 2.59 20 8 1 1 0
4 4 -1 7500.00 2.59 20 10 1 1 0
4 5 1 7500.00 2.59 20 8 1 1 0
4 5 -1 7500.00 2.59 20 15 1 1 0
4 6 1 7500.00 2.59 20 2 0 1 0
4 6 -1 7500.00 2.59 20 10 0 1 0
4 7 1 7500.00 2.59 20 16 0 1 0
4 7 -1 7500.00 2.59 20 15 0 1 0
4 8 1 7500.00 2.59 20 6 0 1 0
4 8 -1 7500.00 2.59 20 3 0 1 0
5 1 1 7500.00 2.59 20 9 1 1 2
5 1 -1 7500.00 2.59 20 22 1 1 2
5 2 1 7500.00 2.59 20 14 1 1 0
5 2 -1 7500.00 2.59 20 8 1 1 0
5 3 1 7500.00 2.59 20 16 1 1 2
5 3 -1 7500.00 2.59 20 4 1 1 2
5 4 1 7500.00 2.59 20 16 1 1 2
5 4 -1 7500.00 2.59 20 5 1 1 2
5 5 1 7500.00 2.59 20 14 1 1 2
5 5 -1 7500.00 2.59 20 15 1 1 2
5 6 1 7500.00 2.59 20 7 0 1 2
5 6 -1 7500.00 2.59 20 7 0 1 2
5 7 1 7500.00 2.59 20 15 0 1 2
5 7 -1 7500.00 2.59 20 16 0 1 2
5 8 1 7500.00 2.59 20 14 0 1 2
5 8 -1 7500.00 2.59 20 16 0 1 2
6 1 1 7500.00 2.59 20 10 1 1 0
6 1 -1 7500.00 2.59 20 18 1 1 0
6 2 1 7500.00 2.59 20 10 1 1 0
6 2 -1 7500.00 2.59 20 14 1 1 0
6 3 1 7500.00 2.59 20 10 1 1 0
6 3 -1 7500.00 2.59 20 16 1 1 0
6 4 1 7500.00 2.59 20 10 1 1 0
6 4 -1 7500.00 2.59 20 1 1 1 0
6 5 1 7500.00 2.59 20 16 1 1 0
6 5 -1 7500.00 2.59 20 10 1 1 0
6 6 1 7500.00 2.59 20 7 0 1 0
6 6 -1 7500.00 2.59 20 13 0 1 0
6 7 1 7500.00 2.59 20 10 0 1 0
6 7 -1 7500.00 2.59 20 17 0 1 0
6 8 1 7500.00 2.59 20 9 0 1 0
6 8 -1 7500.00 2.59 20 12 0 1 0
7 1 1 7500.00 2.59 20 15 1 1 1
7 1 -1 7500.00 2.59 20 14 1 1 1
7 2 0 15000.00 2.59 40 7 1 1 4
7 3 0 15000.00 2.59 40 13 1 1 4
7 4 0 15000.00 2.59 40 21 1 1 0
7 5 0 15000.00 2.59 40 13 1 1 0
7 6 0 15000.00 2.59 40 8 0 1 1
7 7 0 15000.00 2.59 40 11 0 1 4
7 8 0 15000.00 2.59 40 11 0 1 1
8 1 0 15000.00 2.59 40 11 1 1 0
8 2 0 15000.00 2.59 40 13 1 1 0
8 3 0 15000.00 2.59 40 12 1 1 0
8 4 0 15000.00 2.59 40 10 1 1 0
8 5 0 15000.00 2.59 40 3 1 1 0
8 6 0 15000.00 2.59 40 10 0 1 0
8 7 0 15000.00 2.59 40 10 0 1 0
#STACKS
105000.00 18.13 1
120000.00 20.72 1
120000.00 20.72 1
120000.00 20.72 1
120000.00 20.72 1
120000.00 20.72 1
120000.00 20.72 1
120000.00 20.72 1
120000.00 20.72 1
120000.00 20.72 1
105000.00 18.13 1
#CELLS
1 0 0 0 0 0 1
1 1 1 1 1 1 1
1 1 1 1 1 1 1
1 1 1 1 1 1 1
1 1 1 1 1 1 1
1 0 0 1 1 1 1
1 0 0 1 1 1 1
1 0 0 1 1 1 1
2 1 1 1 1 1 1
2 1 1 1 1 1 1
2 1 1 1 1 1 1
2 1 1 1 1 1 1
2 1 1 1 1 1 1
2 0 0 1 1 1 1
2 0 0 1 1 1 1
2 0 0 1 1 1 1
3 1 1 1 1 1 1
3 1 1 1 1 1 1
3 1 1 1 1 1 1
3 1 1 1 1 1 1
3 1 1 1 1 1 1
3 0 0 1 1 1 1
3 0 0 1 1 1 1
3 0 0 1 1 1 1
4 1 1 1 1 1 1
4 1 1 1 1 1 1
4 1 1 1 1 1 1
4 1 1 1 1 1 1
4 1 1 1 1 1 1
4 0 0 1 1 1 1
4 0 0 1 1 1 1
4 0 0 1 1 1 1
5 1 1 1 1 1 1
5 1 1 1 1 1 1
5 1 1 1 1 1 1
5 1 1 1 1 1 1
5 1 1 1 1 1 1
5 0 0 1 1 1 1
5 0 0 1 1 1 1
5 0 0 1 1 1 1
6 1 1 1 1 1 1
6 1 1 1 1 1 1
6 1 1 1 1 1 1
6 1 1 1 1 1 1
6 1 1 1 1 1 1
6 0 0 1 1 1 1
6 0 0 1 1 1 1
6 0 0 1 1 1 1
7 1 1 1 1 1 1
7 1 1 1 1 1 1
7 1 1 1 1 1 1
7 1 1 1 1 1 1
7 1 1 1 1 1 1
7 0 0 1 1 1 1
7 0 0 1 1 1 1
7 0 0 1 1 1 1
8 1 1 1 1 1 1
8 1 1 1 1 1 1
8 1 1 1 1 1 1
8 1 1 1 1 1 1
8 1 1 1 1 1 1
8 0 0 1 1 1 1
8 0 0 1 1 1 1
8 0 0 1 1 1 1
9 1 1 1 1 1 1
9 1 1 1 1 1 1
9 1 1 1 1 1 1
9 1 1 1 1 1 1
9 1 1 1 1 1 1
9 0 0 1 1 1 1
9 0 0 1 1 1 1
9 0 0 1 1 1 1
10 1 1 1 1 1 1
10 1 1 1 1 1 1
10 1 1 1 1 1 1
10 1 1 1 1 1 1
10 1 1 1 1 1 1
10 0 0 1 1 1 1
10 0 0 1 1 1 1
10 0 0 1 1 1 1
11 0 0 0 0 0 1
11 1 1 1 1 1 1
11 1 1 1 1 1 1
11 1 1 1 1 1 1
11 1 1 1 1 1 1
11 0 0 1 1 1 1
11 0 0 1 1 1 1
11 0 0 1 1 1 1
#INFO-GEN
Namespace(bayType=4, francisco=True, meanPort=13, seed=3456, stdPort=5.199924608022632, target40=38, targetCapacity=74, targetHC=50, targetIMO=78, targetPorts=26, targetReefer=79, targetRelease=64, targetWeight=89)
