11 87 42 11 88 1 8
#POD
1 2 3 4 5 6 7 8 9 10 11
#LOCATIONS
1
#CONTAINERS_TOLOAD
0 0 0 9653.57 2.59 20 3 0 1 2
0 0 0 13905.96 2.59 20 4 0 1 2
0 0 0 4282.82 2.59 20 2 0 1 2
0 0 0 8988.19 2.59 20 9 0 1 2
0 0 0 13509.92 2.59 20 3 0 1 2
0 0 0 4566.49 2.59 20 2 0 1 2
0 0 0 12812.30 2.59 20 11 1 1 0
0 0 0 5870.23 2.59 20 1 1 1 0
0 0 0 10246.60 2.59 20 11 0 1 0
0 0 0 9709.20 2.59 20 9 0 1 0
0 0 0 7488.08 2.59 20 4 0 1 0
0 0 0 11465.61 2.59 20 2 0 1 0
0 0 0 6898.01 2.59 20 7 0 1 0
0 0 0 9149.50 2.59 20 11 0 1 0
0 0 0 8101.43 2.59 20 9 0 1 0
0 0 0 12242.84 2.59 20 7 0 1 0
0 0 0 5591.95 2.59 20 7 0 1 0
0 0 0 9846.52 2.59 20 3 0 1 0
0 0 0 9952.91 2.59 20 6 0 1 0
0 0 0 9323.25 2.59 20 7 0 1 0
0 0 0 7724.66 2.59 20 7 1 1 0
0 0 0 12184.27 2.59 20 8 1 1 0
0 0 0 6869.42 2.59 20 5 1 1 0
0 0 0 8843.73 2.59 20 1 1 1 0
0 0 0 12221.33 2.59 20 7 0 1 0
0 0 0 5286.57 2.59 20 4 0 1 0
0 0 0 11828.94 2.59 20 9 0 1 0
0 0 0 6561.14 2.59 20 3 0 1 0
0 0 0 10433.88 2.59 20 5 0 1 0
0 0 0 9545.83 2.59 20 10 0 1 0
0 0 0 6484.28 2.59 20 10 0 1 2
0 0 0 13640.05 2.59 20 7 0 1 2
0 0 0 4713.72 2.59 20 10 0 1 2
0 0 0 9005.49 2.59 20 4 0 1 2
0 0 0 12270.13 2.59 20 2 0 1 2
0 0 0 7094.31 2.59 20 5 0 1 2
0 0 0 11822.19 2.59 20 5 1 1 2
0 0 0 4876.56 2.59 20 7 1 1 2
0 0 0 11602.91 2.59 20 11 1 1 2
0 0 0 8153.44 2.59 20 8 1 1 2
0 0 0 10451.45 2.59 20 6 0 1 0
0 0 0 6670.92 2.59 20 11 0 1 0
0 0 0 9853.20 2.59 20 7 0 1 0
0 0 0 11570.91 2.59 20 6 0 1 0
0 0 0 5854.19 2.59 20 7 0 1 0
0 0 0 10865.34 2.59 20 2 0 1 0
0 0 0 9374.80 2.59 20 7 0 1 0
0 0 0 7038.18 2.59 20 4 0 1 0
0 0 0 9531.26 2.59 20 5 0 1 0
0 0 0 10896.66 2.59 20 9 0 1 0
0 0 0 6899.23 2.59 20 9 0 1 0
0 0 0 9455.55 2.59 20 4 0 1 0
0 0 0 8538.79 2.59 20 3 1 1 0
0 0 0 8692.97 2.59 20 5 1 1 0
0 0 0 11223.04 2.59 20 1 1 1 0
0 0 0 7143.64 2.59 20 3 1 1 0
0 0 0 10878.30 2.59 20 2 0 1 3
0 0 0 7030.60 2.59 20 9 0 1 3
0 0 0 14107.52 2.59 20 9 0 1 3
0 0 0 4325.47 2.59 20 11 0 1 3
0 0 0 9839.38 2.59 20 1 0 1 3
0 0 0 8002.55 2.59 20 7 0 1 3
0 0 0 13069.66 2.59 40 5 0 1 0
0 0 0 4934.33 2.59 40 5 0 1 0
0 0 0 11774.41 2.59 40 5 0 1 0
0 0 0 7425.50 2.59 40 10 0 1 0
0 0 0 8775.15 2.59 40 9 0 1 0
0 0 0 11679.82 2.59 40 4 0 1 0
0 0 0 6803.16 2.59 40 2 0 1 0
0 0 0 10713.13 2.59 20 2 1 1 0
0 0 0 6756.75 2.59 20 2 1 1 0
0 0 0 9106.41 2.59 40 8 0 1 0
0 0 0 9115.57 2.59 40 7 0 1 3
0 0 0 12225.90 2.59 40 2 0 1 4
0 0 0 5504.27 2.59 40 10 0 1 4
0 0 0 9524.85 2.59 40 8 0 1 4
0 0 0 11895.79 2.59 40 10 0 1 4
0 0 0 7344.34 2.59 40 3 0 1 4
0 0 0 11002.44 2.59 40 8 1 1 0
0 0 0 6683.90 2.59 40 1 0 1 0
0 0 0 8042.31 2.59 40 1 0 1 0
0 0 0 9562.51 2.59 40 4 0 1 0
0 0 0 13279.46 2.59 40 4 0 1 0
0 0 0 5064.96 2.59 40 10 0 1 0
0 0 0 10814.43 2.59 40 10 0 1 0
0 0 0 8487.48 2.59 40 3 0 1 0
0 0 0 7100.30 2.59 40 7 1 1 0
#CONTAINERS_LOADED
5 1 1 7500.00 2.59 20 10 1 1 1
5 1 -1 7500.00 2.59 20 2 1 1 1
5 2 1 7500.00 2.59 20 4 1 1 0
5 2 -1 7500.00 2.59 20 4 1 1 0
5 3 1 7500.00 2.59 20 5 1 1 1
5 3 -1 7500.00 2.59 20 5 1 1 1
5 4 1 7500.00 2.59 20 8 1 1 1
5 4 -1 7500.00 2.59 20 9 1 1 1
5 5 1 7500.00 2.59 20 6 1 1 0
5 5 -1 7500.00 2.59 20 4 1 1 0
5 6 1 7500.00 2.59 20 7 0 1 1
5 6 -1 7500.00 2.59 20 1 0 1 1
5 7 1 7500.00 2.59 20 5 0 1 0
5 7 -1 7500.00 2.59 20 6 0 1 0
5 8 1 7500.00 2.59 20 3 0 1 4
5 8 -1 7500.00 2.59 20 4 0 1 4
6 1 1 7500.00 2.59 20 9 1 1 0
6 1 -1 7500.00 2.59 20 7 1 1 0
6 2 1 7500.00 2.59 20 2 1 1 0
6 2 -1 7500.00 2.59 20 7 1 1 0
6 3 1 7500.00 2.59 20 4 1 1 0
6 3 -1 7500.00 2.59 20 7 1 1 0
6 4 1 7500.00 2.59 20 1 1 1 0
6 4 -1 7500.00 2.59 20 5 1 1 0
6 5 1 7500.00 2.59 20 2 1 1 0
6 5 -1 7500.00 2.59 20 2 1 1 0
6 6 1 7500.00 2.59 20 8 0 1 0
6 6 -1 7500.00 2.59 20 6 0 1 0
6 7 1 7500.00 2.59 20 11 0 1 0
6 7 -1 7500.00 2.59 20 10 0 1 0
6 8 1 7500.00 2.59 20 7 0 1 0
6 8 -1 7500.00 2.59 20 3 0 1 0
7 1 1 7500.00 2.59 20 2 1 1 3
7 1 -1 7500.00 2.59 20 6 1 1 3
7 2 1 7500.00 2.59 20 3 1 1 3
7 2 -1 7500.00 2.59 20 6 1 1 3
7 3 1 7500.00 2.59 20 7 1 1 3
7 3 -1 7500.00 2.59 20 5 1 1 3
7 4 1 7500.00 2.59 20 1 1 1 4
7 4 -1 7500.00 2.59 20 11 1 1 4
7 5 1 7500.00 2.59 20 3 1 1 0
7 5 -1 7500.00 2.59 20 1 1 1 0
#STACKS
105000.00 18.13 1
120000.00 20.72 1
120000.00 20.72 1
120000.00 20.72 1
120000.00 20.72 1
120000.00 20.72 1
120000.00 20.72 1
120000.00 20.72 1
120000.00 20.72 1
120000.00 20.72 1
105000.00 18.13 1
#CELLS
1 0 0 0 0 0 1
1 1 1 1 1 1 1
1 1 1 1 1 1 1
1 1 1 1 1 1 1
1 1 1 1 1 1 1
1 0 0 1 1 1 1
1 0 0 1 1 1 1
1 0 0 1 1 1 1
2 1 1 1 1 1 1
2 1 1 1 1 1 1
2 1 1 1 1 1 1
2 1 1 1 1 1 1
2 1 1 1 1 1 1
2 0 0 1 1 1 1
2 0 0 1 1 1 1
2 0 0 1 1 1 1
3 1 1 1 1 1 1
3 1 1 1 1 1 1
3 1 1 1 1 1 1
3 1 1 1 1 1 1
3 1 1 1 1 1 1
3 0 0 1 1 1 1
3 0 0 1 1 1 1
3 0 0 1 1 1 1
4 1 1 1 1 1 1
4 1 1 1 1 1 1
4 1 1 1 1 1 1
4 1 1 1 1 1 1
4 1 1 1 1 1 1
4 0 0 1 1 1 1
4 0 0 1 1 1 1
4 0 0 1 1 1 1
5 1 1 1 1 1 1
5 1 1 1 1 1 1
5 1 1 1 1 1 1
5 1 1 1 1 1 1
5 1 1 1 1 1 1
5 0 0 1 1 1 1
5 0 0 1 1 1 1
5 0 0 1 1 1 1
6 1 1 1 1 1 1
6 1 1 1 1 1 1
6 1 1 1 1 1 1
6 1 1 1 1 1 1
6 1 1 1 1 1 1
6 0 0 1 1 1 1
6 0 0 1 1 1 1
6 0 0 1 1 1 1
7 1 1 1 1 1 1
7 1 1 1 1 1 1
7 1 1 1 1 1 1
7 1 1 1 1 1 1
7 1 1 1 1 1 1
7 0 0 1 1 1 1
7 0 0 1 1 1 1
7 0 0 1 1 1 1
8 1 1 1 1 1 1
8 1 1 1 1 1 1
8 1 1 1 1 1 1
8 1 1 1 1 1 1
8 1 1 1 1 1 1
8 0 0 1 1 1 1
8 0 0 1 1 1 1
8 0 0 1 1 1 1
9 1 1 1 1 1 1
9 1 1 1 1 1 1
9 1 1 1 1 1 1
9 1 1 1 1 1 1
9 1 1 1 1 1 1
9 0 0 1 1 1 1
9 0 0 1 1 1 1
9 0 0 1 1 1 1
10 1 1 1 1 1 1
10 1 1 1 1 1 1
10 1 1 1 1 1 1
10 1 1 1 1 1 1
10 1 1 1 1 1 1
10 0 0 1 1 1 1
10 0 0 1 1 1 1
10 0 0 1 1 1 1
11 0 0 0 0 0 1
11 1 1 1 1 1 1
11 1 1 1 1 1 1
11 1 1 1 1 1 1
11 1 1 1 1 1 1
11 0 0 1 1 1 1
11 0 0 1 1 1 1
11 0 0 1 1 1 1
#INFO-GEN
Namespace(bayType=4, francisco=True, meanPort=3, seed=2344, stdPort=9.060412580630677, target40=31, targetCapacity=89, targetHC=0, targetIMO=70, targetPorts=11, targetReefer=30, targetRelease=30, targetWeight=81)
