11 96 48 11 88 1 8
#POD
1 2 3 4 5 6 7 8 9 10 11
#LOCATIONS
1
#CONTAINERS_TOLOAD
0 0 0 7457.24 2.59 20 2 0 1 2
0 0 0 10305.94 2.59 20 1 0 1 2
0 0 0 3859.36 2.59 20 3 0 1 2
0 0 0 7011.50 2.59 20 11 0 1 2
0 0 0 10040.62 2.59 20 5 0 1 2
0 0 0 4049.40 2.59 20 7 0 1 2
0 0 0 9573.29 2.59 20 1 0 1 2
0 0 0 4922.77 2.59 20 9 0 1 2
0 0 0 7854.52 2.59 20 8 0 1 2
0 0 0 7494.51 2.59 20 6 0 1 2
0 0 0 6006.58 2.59 20 4 0 1 2
0 0 0 8671.13 2.59 20 1 0 1 2
0 0 0 5611.29 2.59 20 10 1 1 2
0 0 0 7119.57 2.59 20 4 1 1 2
0 0 0 6417.46 2.59 20 11 0 1 0
0 0 0 9191.80 2.59 20 11 0 1 0
0 0 0 4736.36 2.59 20 6 0 1 0
0 0 0 7586.50 2.59 20 3 0 1 0
0 0 0 7657.78 2.59 20 8 0 1 0
0 0 0 7235.97 2.59 20 5 0 1 0
0 0 0 6165.06 2.59 20 2 0 1 0
0 0 0 9152.57 2.59 20 4 0 1 0
0 0 0 5592.13 2.59 20 9 0 1 0
0 0 0 6914.73 2.59 20 10 0 1 0
0 0 0 9177.39 2.59 20 7 0 1 0
0 0 0 4531.78 2.59 20 7 0 1 0
0 0 0 8914.53 2.59 20 1 1 1 0
0 0 0 5385.62 2.59 20 8 1 1 0
0 0 0 7979.98 2.59 20 9 1 1 0
0 0 0 7385.07 2.59 20 1 1 1 0
0 0 0 5334.13 2.59 20 2 0 1 1
0 0 0 10127.80 2.59 20 1 0 1 1
0 0 0 4148.03 2.59 20 4 0 1 4
0 0 0 7023.09 2.59 20 1 0 1 4
0 0 0 9210.09 2.59 20 8 0 1 0
0 0 0 5742.79 2.59 20 3 0 1 0
0 0 0 8910.01 2.59 20 10 0 1 0
0 0 0 4257.11 2.59 20 4 0 1 0
0 0 0 8763.12 2.59 20 9 0 1 0
0 0 0 6452.30 2.59 20 3 0 1 0
0 0 0 7991.75 2.59 20 3 0 1 4
0 0 0 5459.16 2.59 20 2 0 1 4
0 0 0 7590.98 2.59 20 4 1 1 1
0 0 0 8741.68 2.59 20 4 1 1 1
0 0 0 4912.03 2.59 20 7 1 1 0
0 0 0 8269.02 2.59 20 3 1 1 0
0 0 0 7270.49 2.59 20 8 0 1 0
0 0 0 5705.19 2.59 20 2 0 1 0
0 0 0 7375.31 2.59 20 9 0 1 0
0 0 0 8290.00 2.59 20 9 0 1 0
0 0 0 5612.11 2.59 20 3 0 1 0
0 0 0 7324.59 2.59 20 4 0 1 0
0 0 0 6710.45 2.59 20 2 0 1 0
0 0 0 6813.74 2.59 20 4 0 1 0
0 0 0 8508.64 2.59 20 9 0 1 0
0 0 0 5775.84 2.59 20 11 0 1 0
0 0 0 8277.69 2.59 20 7 0 1 0
0 0 0 5700.11 2.59 20 1 0 1 0
0 0 0 10440.96 2.59 20 8 1 1 0
0 0 0 3887.94 2.59 20 10 1 1 0
0 0 0 7581.72 2.59 20 10 1 1 0
0 0 0 6351.23 2.59 20 10 1 1 0
0 0 0 9745.70 2.90 40 6 0 1 0
0 0 0 4295.82 2.59 40 7 0 1 0
0 0 0 8878.00 2.59 40 2 0 1 0
0 0 0 5964.65 2.59 40 10 0 1 0
0 0 0 6868.79 2.59 20 2 0 1 0
0 0 0 8814.64 2.59 20 5 0 1 0
0 0 0 5547.75 2.59 20 5 0 1 0
0 0 0 8167.05 2.59 20 2 0 1 0
0 0 0 5516.66 2.59 20 2 1 1 0
0 0 0 7090.70 2.59 20 6 1 1 0
0 0 0 7096.84 2.59 20 3 1 1 0
0 0 0 9180.46 2.59 20 3 1 1 0
0 0 0 4677.61 2.59 40 6 0 1 0
0 0 0 7371.01 2.59 40 8 0 1 4
0 0 0 8959.32 2.90 40 8 0 1 0
0 0 0 5910.29 2.59 40 8 0 1 3
0 0 0 8360.86 2.59 40 1 0 1 3
0 0 0 5467.86 2.59 40 7 0 1 4
0 0 0 6377.86 2.59 40 8 0 1 3
0 0 0 7396.24 2.59 40 5 1 1 3
0 0 0 9886.24 2.59 40 1 0 1 0
0 0 0 4383.33 2.59 40 9 0 1 0
0 0 0 8234.91 2.90 40 7 0 1 0
0 0 0 6676.08 2.59 40 10 0 1 0
0 0 0 7248.60 2.90 40 6 0 1 0
0 0 0 5671.53 2.59 40 4 0 1 0
0 0 0 8059.12 2.59 40 6 0 1 0
0 0 0 8787.68 2.59 40 2 1 1 0
0 0 0 4977.87 2.59 40 2 0 1 4
0 0 0 8094.86 2.59 40 4 0 1 0
0 0 0 5421.65 2.59 40 2 0 1 3
0 0 0 9728.64 2.59 40 6 0 1 4
0 0 0 5463.34 2.59 40 7 0 1 3
0 0 0 5932.52 2.59 40 9 0 1 4
#CONTAINERS_LOADED
5 1 1 7500.00 2.59 20 9 1 1 2
5 1 -1 7500.00 2.59 20 6 1 1 2
5 2 1 7500.00 2.59 20 1 1 1 2
5 2 -1 7500.00 2.59 20 4 1 1 2
5 3 1 7500.00 2.59 20 1 1 1 2
5 3 -1 7500.00 2.59 20 5 1 1 2
5 4 1 7500.00 2.59 20 3 1 1 2
5 4 -1 7500.00 2.59 20 7 1 1 2
5 5 1 7500.00 2.59 20 7 1 1 2
5 5 -1 7500.00 2.59 20 5 1 1 2
5 6 1 7500.00 2.59 20 7 0 1 2
5 6 -1 7500.00 2.59 20 4 0 1 2
5 7 1 7500.00 2.59 20 10 0 1 2
5 7 -1 7500.00 2.59 20 1 0 1 2
5 8 1 7500.00 2.59 20 6 0 1 2
5 8 -1 7500.00 2.59 20 6 0 1 2
6 1 1 7500.00 2.59 20 10 1 1 0
6 1 -1 7500.00 2.59 20 4 1 1 0
6 2 1 7500.00 2.59 20 9 1 1 0
6 2 -1 7500.00 2.59 20 2 1 1 0
6 3 1 7500.00 2.59 20 2 1 1 0
6 3 -1 7500.00 2.59 20 11 1 1 0
6 4 1 7500.00 2.59 20 8 1 1 0
6 4 -1 7500.00 2.59 20 4 1 1 0
6 5 1 7500.00 2.59 20 10 1 1 0
6 5 -1 7500.00 2.59 20 5 1 1 0
6 6 1 7500.00 2.59 20 3 0 1 0
6 6 -1 7500.00 2.59 20 4 0 1 0
6 7 1 7500.00 2.59 20 3 0 1 0
6 7 -1 7500.00 2.59 20 4 0 1 0
6 8 1 7500.00 2.59 20 5 0 1 0
6 8 -1 7500.00 2.59 20 2 0 1 0
7 1 1 7500.00 2.59 20 2 1 1 4
7 1 -1 7500.00 2.59 20 2 1 1 4
7 2 1 7500.00 2.59 20 1 1 1 4
7 2 -1 7500.00 2.59 20 4 1 1 4
7 3 1 7500.00 2.59 20 3 1 1 0
7 3 -1 7500.00 2.59 20 9 1 1 0
7 4 1 7500.00 2.59 20 3 1 1 0
7 4 -1 7500.00 2.59 20 10 1 1 0
7 5 1 7500.00 2.59 20 8 1 1 3
7 5 -1 7500.00 2.59 20 10 1 1 3
7 6 1 7500.00 2.59 20 6 0 1 0
7 6 -1 7500.00 2.59 20 5 0 1 0
7 7 1 7500.00 2.59 20 8 0 1 0
7 7 -1 7500.00 2.59 20 6 0 1 0
7 8 1 7500.00 2.59 20 2 0 1 4
7 8 -1 7500.00 2.59 20 5 0 1 4
#STACKS
105000.00 18.13 1
120000.00 20.72 1
120000.00 20.72 1
120000.00 20.72 1
120000.00 20.72 1
120000.00 20.72 1
120000.00 20.72 1
120000.00 20.72 1
120000.00 20.72 1
120000.00 20.72 1
105000.00 18.13 1
#CELLS
1 0 0 0 0 0 1
1 1 1 1 1 1 1
1 1 1 1 1 1 1
1 1 1 1 1 1 1
1 1 1 1 1 1 1
1 0 0 1 1 1 1
1 0 0 1 1 1 1
1 0 0 1 1 1 1
2 1 1 1 1 1 1
2 1 1 1 1 1 1
2 1 1 1 1 1 1
2 1 1 1 1 1 1
2 1 1 1 1 1 1
2 0 0 1 1 1 1
2 0 0 1 1 1 1
2 0 0 1 1 1 1
3 1 1 1 1 1 1
3 1 1 1 1 1 1
3 1 1 1 1 1 1
3 1 1 1 1 1 1
3 1 1 1 1 1 1
3 0 0 1 1 1 1
3 0 0 1 1 1 1
3 0 0 1 1 1 1
4 1 1 1 1 1 1
4 1 1 1 1 1 1
4 1 1 1 1 1 1
4 1 1 1 1 1 1
4 1 1 1 1 1 1
4 0 0 1 1 1 1
4 0 0 1 1 1 1
4 0 0 1 1 1 1
5 1 1 1 1 1 1
5 1 1 1 1 1 1
5 1 1 1 1 1 1
5 1 1 1 1 1 1
5 1 1 1 1 1 1
5 0 0 1 1 1 1
5 0 0 1 1 1 1
5 0 0 1 1 1 1
6 1 1 1 1 1 1
6 1 1 1 1 1 1
6 1 1 1 1 1 1
6 1 1 1 1 1 1
6 1 1 1 1 1 1
6 0 0 1 1 1 1
6 0 0 1 1 1 1
6 0 0 1 1 1 1
7 1 1 1 1 1 1
7 1 1 1 1 1 1
7 1 1 1 1 1 1
7 1 1 1 1 1 1
7 1 1 1 1 1 1
7 0 0 1 1 1 1
7 0 0 1 1 1 1
7 0 0 1 1 1 1
8 1 1 1 1 1 1
8 1 1 1 1 1 1
8 1 1 1 1 1 1
8 1 1 1 1 1 1
8 1 1 1 1 1 1
8 0 0 1 1 1 1
8 0 0 1 1 1 1
8 0 0 1 1 1 1
9 1 1 1 1 1 1
9 1 1 1 1 1 1
9 1 1 1 1 1 1
9 1 1 1 1 1 1
9 1 1 1 1 1 1
9 0 0 1 1 1 1
9 0 0 1 1 1 1
9 0 0 1 1 1 1
10 1 1 1 1 1 1
10 1 1 1 1 1 1
10 1 1 1 1 1 1
10 1 1 1 1 1 1
10 1 1 1 1 1 1
10 0 0 1 1 1 1
10 0 0 1 1 1 1
10 0 0 1 1 1 1
11 0 0 0 0 0 1
11 1 1 1 1 1 1
11 1 1 1 1 1 1
11 1 1 1 1 1 1
11 1 1 1 1 1 1
11 0 0 1 1 1 1
11 0 0 1 1 1 1
11 0 0 1 1 1 1
#INFO-GEN
Namespace(bayType=4, francisco=True, meanPort=3, seed=2344, stdPort=9.060412580630677, target40=31, targetCapacity=99, targetHC=10, targetIMO=70, targetPorts=11, targetReefer=30, targetRelease=30, targetWeight=73)
