11 73 36 11 88 1 8
#POD
1 2 3 4 5 6 7 8 9 10 11
#LOCATIONS
1
#CONTAINERS_TOLOAD
0 0 0 11188.58 2.59 20 5 0 1 0
0 0 0 16422.03 2.59 20 2 0 1 0
0 0 0 4578.77 2.59 20 5 0 1 0
0 0 0 10369.70 2.59 20 9 0 1 0
0 0 0 15934.62 2.59 20 3 0 1 0
0 0 0 4927.89 2.59 20 4 0 1 0
0 0 0 15076.06 2.59 20 2 0 1 0
0 0 0 6532.40 2.59 20 9 0 1 0
0 0 0 11918.44 2.59 20 3 0 1 0
0 0 0 11257.06 2.59 20 2 0 1 0
0 0 0 8523.51 2.59 20 11 0 1 0
0 0 0 13418.67 2.59 20 1 0 1 0
0 0 0 7797.31 2.59 20 11 1 1 0
0 0 0 10568.23 2.59 20 9 1 1 0
0 0 0 9278.36 2.59 20 4 1 1 0
0 0 0 14375.21 2.59 20 2 1 1 0
0 0 0 6189.93 2.59 20 7 0 1 2
0 0 0 11426.05 2.59 20 11 0 1 2
0 0 0 11556.99 2.59 20 9 0 1 2
0 0 0 10782.07 2.59 20 7 0 1 2
0 0 0 8814.67 2.59 20 7 0 1 2
0 0 0 14303.13 2.59 20 3 0 1 2
0 0 0 7762.11 2.59 20 6 0 1 2
0 0 0 10191.91 2.59 20 7 0 1 2
0 0 0 14348.74 2.59 20 7 0 1 2
0 0 0 5814.09 2.59 20 8 0 1 2
0 0 0 13865.83 2.59 20 5 0 1 2
0 0 0 7382.72 2.59 20 1 0 1 2
0 0 0 12148.92 2.59 20 7 1 1 0
0 0 0 11056.00 2.59 20 4 1 1 0
0 0 0 7288.12 2.59 20 9 1 1 2
0 0 0 16094.77 2.59 20 3 1 1 2
0 0 0 5109.09 2.59 20 5 0 1 0
0 0 0 10390.99 2.59 20 10 0 1 0
0 0 0 14408.81 2.59 20 10 0 1 0
0 0 0 8038.89 2.59 20 7 0 1 0
0 0 0 13857.52 2.59 20 10 0 1 0
0 0 0 5309.49 2.59 20 4 0 1 0
0 0 0 13587.66 2.59 20 2 0 1 0
0 0 0 9342.37 2.59 20 5 0 1 0
0 0 0 12170.55 2.59 20 5 0 1 0
0 0 0 7517.83 2.59 20 7 0 1 0
0 0 0 11434.27 2.59 20 11 0 1 0
0 0 0 13548.27 2.59 20 8 0 1 0
0 0 0 6512.67 2.59 20 6 1 1 0
0 0 0 12679.92 2.59 20 11 1 1 0
0 0 0 10845.50 2.59 20 7 1 1 0
0 0 0 7969.81 2.59 20 6 1 1 0
0 0 0 11038.06 2.59 40 7 0 1 1
0 0 0 12718.47 2.59 40 2 0 1 4
0 0 0 7798.81 2.59 40 7 0 1 1
0 0 0 10944.88 2.59 20 4 0 1 0
0 0 0 9816.62 2.59 20 5 0 1 0
0 0 0 10006.38 2.59 20 9 0 1 0
0 0 0 13120.15 2.59 20 9 0 1 0
0 0 0 8099.61 2.59 20 4 0 1 4
0 0 0 12695.87 2.59 20 3 0 1 4
0 0 0 7960.48 2.59 40 5 0 1 0
0 0 0 16670.09 2.90 40 1 0 1 0
0 0 0 4631.26 2.90 40 3 0 1 0
0 0 0 11417.27 2.59 40 2 0 1 0
0 0 0 9156.67 2.59 40 9 0 1 0
0 0 0 15392.79 2.59 40 9 0 1 0
0 0 0 5380.60 2.59 40 11 0 1 0
0 0 0 13798.72 2.59 40 1 1 1 0
0 0 0 8446.49 2.90 40 7 0 1 3
0 0 0 10107.51 2.59 40 5 0 1 3
0 0 0 13682.31 2.59 40 5 0 1 3
0 0 0 7680.57 2.59 40 5 0 1 0
0 0 0 12492.59 2.59 40 10 0 1 3
0 0 0 7623.45 2.59 40 9 0 1 3
0 0 0 10515.19 2.59 40 4 0 1 3
0 0 0 9855.64 2.59 40 2 1 1 3
#CONTAINERS_LOADED
5 1 1 7500.00 2.59 20 2 1 1 2
5 1 -1 7500.00 2.59 20 2 1 1 2
5 2 1 7500.00 2.59 20 8 1 1 0
5 2 -1 7500.00 2.59 20 7 1 1 0
5 3 1 7500.00 2.59 20 2 1 1 2
5 3 -1 7500.00 2.59 20 10 1 1 2
5 4 1 7500.00 2.59 20 8 1 1 2
5 4 -1 7500.00 2.59 20 10 1 1 2
5 5 1 7500.00 2.59 20 3 1 1 2
5 5 -1 7500.00 2.59 20 8 1 1 2
5 6 1 7500.00 2.59 20 1 0 1 2
5 6 -1 7500.00 2.59 20 1 0 1 2
5 7 1 7500.00 2.59 20 4 0 1 2
5 7 -1 7500.00 2.59 20 4 0 1 2
5 8 1 7500.00 2.59 20 10 0 1 0
5 8 -1 7500.00 2.59 20 10 0 1 0
6 1 1 7500.00 2.59 20 3 1 1 0
6 1 -1 7500.00 2.59 20 7 1 1 0
6 2 1 7500.00 2.59 20 10 1 1 0
6 2 -1 7500.00 2.59 20 2 1 1 0
6 3 1 7500.00 2.59 20 4 1 1 0
6 3 -1 7500.00 2.59 20 4 1 1 0
6 4 1 7500.00 2.59 20 5 1 1 0
6 4 -1 7500.00 2.59 20 5 1 1 0
6 5 1 7500.00 2.59 20 8 1 1 0
6 5 -1 7500.00 2.59 20 9 1 1 0
6 6 1 7500.00 2.59 20 6 0 1 0
6 6 -1 7500.00 2.59 20 4 0 1 0
6 7 1 7500.00 2.59 20 7 0 1 0
6 7 -1 7500.00 2.59 20 1 0 1 0
6 8 1 7500.00 2.59 20 5 0 1 0
6 8 -1 7500.00 2.59 20 6 0 1 0
7 1 1 7500.00 2.59 20 3 1 1 0
7 1 -1 7500.00 2.59 20 4 1 1 0
7 2 1 7500.00 2.59 20 9 1 1 1
7 2 -1 7500.00 2.59 20 7 1 1 1
#STACKS
105000.00 18.13 1
120000.00 20.72 1
120000.00 20.72 1
120000.00 20.72 1
120000.00 20.72 1
120000.00 20.72 1
120000.00 20.72 1
120000.00 20.72 1
120000.00 20.72 1
120000.00 20.72 1
105000.00 18.13 1
#CELLS
1 0 0 0 0 0 1
1 1 1 1 1 1 1
1 1 1 1 1 1 1
1 1 1 1 1 1 1
1 1 1 1 1 1 1
1 0 0 1 1 1 1
1 0 0 1 1 1 1
1 0 0 1 1 1 1
2 1 1 1 1 1 1
2 1 1 1 1 1 1
2 1 1 1 1 1 1
2 1 1 1 1 1 1
2 1 1 1 1 1 1
2 0 0 1 1 1 1
2 0 0 1 1 1 1
2 0 0 1 1 1 1
3 1 1 1 1 1 1
3 1 1 1 1 1 1
3 1 1 1 1 1 1
3 1 1 1 1 1 1
3 1 1 1 1 1 1
3 0 0 1 1 1 1
3 0 0 1 1 1 1
3 0 0 1 1 1 1
4 1 1 1 1 1 1
4 1 1 1 1 1 1
4 1 1 1 1 1 1
4 1 1 1 1 1 1
4 1 1 1 1 1 1
4 0 0 1 1 1 1
4 0 0 1 1 1 1
4 0 0 1 1 1 1
5 1 1 1 1 1 1
5 1 1 1 1 1 1
5 1 1 1 1 1 1
5 1 1 1 1 1 1
5 1 1 1 1 1 1
5 0 0 1 1 1 1
5 0 0 1 1 1 1
5 0 0 1 1 1 1
6 1 1 1 1 1 1
6 1 1 1 1 1 1
6 1 1 1 1 1 1
6 1 1 1 1 1 1
6 1 1 1 1 1 1
6 0 0 1 1 1 1
6 0 0 1 1 1 1
6 0 0 1 1 1 1
7 1 1 1 1 1 1
7 1 1 1 1 1 1
7 1 1 1 1 1 1
7 1 1 1 1 1 1
7 1 1 1 1 1 1
7 0 0 1 1 1 1
7 0 0 1 1 1 1
7 0 0 1 1 1 1
8 1 1 1 1 1 1
8 1 1 1 1 1 1
8 1 1 1 1 1 1
8 1 1 1 1 1 1
8 1 1 1 1 1 1
8 0 0 1 1 1 1
8 0 0 1 1 1 1
8 0 0 1 1 1 1
9 1 1 1 1 1 1
9 1 1 1 1 1 1
9 1 1 1 1 1 1
9 1 1 1 1 1 1
9 1 1 1 1 1 1
9 0 0 1 1 1 1
9 0 0 1 1 1 1
9 0 0 1 1 1 1
10 1 1 1 1 1 1
10 1 1 1 1 1 1
10 1 1 1 1 1 1
10 1 1 1 1 1 1
10 1 1 1 1 1 1
10 0 0 1 1 1 1
10 0 0 1 1 1 1
10 0 0 1 1 1 1
11 0 0 0 0 0 1
11 1 1 1 1 1 1
11 1 1 1 1 1 1
11 1 1 1 1 1 1
11 1 1 1 1 1 1
11 0 0 1 1 1 1
11 0 0 1 1 1 1
11 0 0 1 1 1 1
#INFO-GEN
Namespace(bayType=4, francisco=True, meanPort=3, seed=2344, stdPort=9.060412580630677, target40=31, targetCapacity=75, targetHC=20, targetIMO=70, targetPorts=11, targetReefer=30, targetRelease=30, targetWeight=75)
