11 82 42 11 88 1 8
#POD
1 2 3 4 5 6 7 8 9 10 11
#LOCATIONS
1
#CONTAINERS_TOLOAD
0 0 0 10129.84 2.59 20 1 1 1 0
0 0 0 14686.63 2.59 20 3 1 1 0
0 0 0 4374.65 2.59 20 9 0 1 0
0 0 0 9416.83 2.59 20 3 0 1 0
0 0 0 14262.23 2.59 20 10 0 1 0
0 0 0 4678.62 2.59 20 6 0 1 0
0 0 0 13514.68 2.59 20 2 0 1 0
0 0 0 6075.68 2.59 20 1 0 1 0
0 0 0 10765.32 2.59 20 3 0 1 0
0 0 0 10189.46 2.59 20 11 0 1 0
0 0 0 7809.34 2.59 20 5 0 1 0
0 0 0 12071.59 2.59 20 7 0 1 0
0 0 0 7177.04 2.59 20 1 0 1 0
0 0 0 9589.69 2.59 20 9 0 1 0
0 0 0 8466.60 2.59 20 8 1 1 0
0 0 0 12904.45 2.59 20 6 1 1 0
0 0 0 5777.49 2.59 20 4 1 1 0
0 0 0 10336.60 2.59 20 1 1 1 0
0 0 0 10450.61 2.59 20 10 0 1 3
0 0 0 9775.88 2.59 20 4 0 1 3
0 0 0 8062.86 2.59 20 11 0 1 3
0 0 0 12841.69 2.59 20 11 0 1 3
0 0 0 7146.39 2.59 20 6 0 1 0
0 0 0 9262.03 2.59 20 3 0 1 0
0 0 0 12881.40 2.59 20 8 0 1 3
0 0 0 5450.24 2.59 20 5 0 1 3
0 0 0 12460.93 2.59 20 2 0 1 0
0 0 0 6816.05 2.59 20 4 0 1 0
0 0 0 10966.00 2.59 20 9 0 1 3
0 0 0 10014.39 2.59 20 10 0 1 3
0 0 0 6733.68 2.59 20 7 1 1 0
0 0 0 14401.68 2.59 20 7 1 1 0
0 0 0 4836.39 2.59 20 1 1 1 4
0 0 0 9435.37 2.59 20 8 1 1 4
0 0 0 12933.70 2.59 20 9 0 1 0
0 0 0 7387.39 2.59 20 1 0 1 0
0 0 0 12453.69 2.59 20 2 0 1 0
0 0 0 5010.88 2.59 20 1 0 1 0
0 0 0 12218.72 2.59 20 4 0 1 0
0 0 0 8522.33 2.59 20 1 0 1 0
0 0 0 10984.84 2.59 20 8 0 1 0
0 0 0 6933.69 2.59 20 3 0 1 0
0 0 0 10343.76 2.59 20 10 0 1 0
0 0 0 12184.43 2.59 20 4 0 1 0
0 0 0 6058.50 2.59 20 9 0 1 0
0 0 0 11428.35 2.59 20 3 0 1 0
0 0 0 9831.11 2.59 20 3 0 1 0
0 0 0 7327.24 2.59 20 2 0 1 0
0 0 0 9998.78 2.59 20 4 1 1 0
0 0 0 11461.92 2.59 20 4 1 1 0
0 0 0 7178.35 2.59 20 7 0 1 2
0 0 0 9917.64 2.59 20 3 0 1 2
0 0 0 8935.27 2.59 20 8 0 1 2
0 0 0 9100.48 2.59 20 2 0 1 2
0 0 0 11811.66 2.59 20 9 0 1 2
0 0 0 7440.25 2.59 20 9 0 1 2
0 0 0 11442.24 2.59 40 3 0 1 0
0 0 0 7319.12 2.59 40 4 0 1 0
0 0 0 14902.61 2.59 40 2 0 1 0
0 0 0 4420.35 2.59 40 4 0 1 0
0 0 0 10328.95 2.59 40 9 0 1 0
0 0 0 8360.64 2.90 40 11 0 1 0
0 0 0 13790.46 2.59 20 7 0 1 0
0 0 0 5072.80 2.59 20 1 0 1 0
0 0 0 12402.50 2.59 20 8 1 1 0
0 0 0 7742.28 2.59 20 10 1 1 0
0 0 0 9188.54 2.90 40 10 0 1 4
0 0 0 12301.14 2.59 40 10 0 1 0
0 0 0 7075.39 2.59 40 6 0 1 3
0 0 0 11265.25 2.59 40 7 0 1 4
0 0 0 7025.66 2.59 40 2 0 1 0
0 0 0 9543.51 2.59 40 10 0 1 3
0 0 0 9553.33 2.59 40 2 0 1 3
0 0 0 12886.30 2.59 40 5 1 1 3
0 0 0 5683.52 2.59 40 5 0 1 0
0 0 0 9991.91 2.90 40 2 0 1 0
0 0 0 12532.57 2.90 40 2 0 1 0
0 0 0 7655.32 2.59 40 6 0 1 0
0 0 0 11575.27 2.90 40 3 0 1 0
0 0 0 6947.60 2.90 40 3 0 1 0
0 0 0 8403.24 2.59 40 6 0 1 0
0 0 0 9348.18 2.90 40 8 1 1 0
#CONTAINERS_LOADED
5 1 1 7500.00 2.59 20 8 1 1 0
5 1 -1 7500.00 2.59 20 8 1 1 0
5 2 1 7500.00 2.59 20 1 1 1 2
5 2 -1 7500.00 2.59 20 7 1 1 2
5 3 1 7500.00 2.59 20 8 1 1 2
5 3 -1 7500.00 2.59 20 5 1 1 2
5 4 1 7500.00 2.59 20 1 1 1 0
5 4 -1 7500.00 2.59 20 9 1 1 0
5 5 1 7500.00 2.59 20 7 1 1 2
5 5 -1 7500.00 2.59 20 10 1 1 2
5 6 1 7500.00 2.59 20 6 0 1 0
5 6 -1 7500.00 2.59 20 4 0 1 0
5 7 1 7500.00 2.59 20 6 0 1 2
5 7 -1 7500.00 2.59 20 2 0 1 2
5 8 1 7500.00 2.59 20 2 0 1 2
5 8 -1 7500.00 2.59 20 4 0 1 2
6 1 1 7500.00 2.59 20 2 1 1 0
6 1 -1 7500.00 2.59 20 6 1 1 0
6 2 1 7500.00 2.59 20 7 1 1 0
6 2 -1 7500.00 2.59 20 9 1 1 0
6 3 1 7500.00 2.59 20 9 1 1 0
6 3 -1 7500.00 2.59 20 6 1 1 0
6 4 1 7500.00 2.59 20 1 1 1 0
6 4 -1 7500.00 2.59 20 4 1 1 0
6 5 1 7500.00 2.59 20 1 1 1 0
6 5 -1 7500.00 2.59 20 5 1 1 0
6 6 1 7500.00 2.59 20 3 0 1 0
6 6 -1 7500.00 2.59 20 7 0 1 0
6 7 1 7500.00 2.59 20 7 0 1 0
6 7 -1 7500.00 2.59 20 5 0 1 0
6 8 1 7500.00 2.59 20 7 0 1 0
6 8 -1 7500.00 2.59 20 4 0 1 0
7 1 1 7500.00 2.59 20 10 1 1 2
7 1 -1 7500.00 2.59 20 1 1 1 2
7 2 1 7500.00 2.59 20 6 1 1 2
7 2 -1 7500.00 2.59 20 6 1 1 2
7 3 1 7500.00 2.59 20 10 1 1 2
7 3 -1 7500.00 2.59 20 4 1 1 2
7 4 1 7500.00 2.59 20 9 1 1 0
7 4 -1 7500.00 2.59 20 2 1 1 0
7 5 1 7500.00 2.59 20 2 1 1 2
7 5 -1 7500.00 2.59 20 11 1 1 2
#STACKS
105000.00 18.13 1
120000.00 20.72 1
120000.00 20.72 1
120000.00 20.72 1
120000.00 20.72 1
120000.00 20.72 1
120000.00 20.72 1
120000.00 20.72 1
120000.00 20.72 1
120000.00 20.72 1
105000.00 18.13 1
#CELLS
1 0 0 0 0 0 1
1 1 1 1 1 1 1
1 1 1 1 1 1 1
1 1 1 1 1 1 1
1 1 1 1 1 1 1
1 0 0 1 1 1 1
1 0 0 1 1 1 1
1 0 0 1 1 1 1
2 1 1 1 1 1 1
2 1 1 1 1 1 1
2 1 1 1 1 1 1
2 1 1 1 1 1 1
2 1 1 1 1 1 1
2 0 0 1 1 1 1
2 0 0 1 1 1 1
2 0 0 1 1 1 1
3 1 1 1 1 1 1
3 1 1 1 1 1 1
3 1 1 1 1 1 1
3 1 1 1 1 1 1
3 1 1 1 1 1 1
3 0 0 1 1 1 1
3 0 0 1 1 1 1
3 0 0 1 1 1 1
4 1 1 1 1 1 1
4 1 1 1 1 1 1
4 1 1 1 1 1 1
4 1 1 1 1 1 1
4 1 1 1 1 1 1
4 0 0 1 1 1 1
4 0 0 1 1 1 1
4 0 0 1 1 1 1
5 1 1 1 1 1 1
5 1 1 1 1 1 1
5 1 1 1 1 1 1
5 1 1 1 1 1 1
5 1 1 1 1 1 1
5 0 0 1 1 1 1
5 0 0 1 1 1 1
5 0 0 1 1 1 1
6 1 1 1 1 1 1
6 1 1 1 1 1 1
6 1 1 1 1 1 1
6 1 1 1 1 1 1
6 1 1 1 1 1 1
6 0 0 1 1 1 1
6 0 0 1 1 1 1
6 0 0 1 1 1 1
7 1 1 1 1 1 1
7 1 1 1 1 1 1
7 1 1 1 1 1 1
7 1 1 1 1 1 1
7 1 1 1 1 1 1
7 0 0 1 1 1 1
7 0 0 1 1 1 1
7 0 0 1 1 1 1
8 1 1 1 1 1 1
8 1 1 1 1 1 1
8 1 1 1 1 1 1
8 1 1 1 1 1 1
8 1 1 1 1 1 1
8 0 0 1 1 1 1
8 0 0 1 1 1 1
8 0 0 1 1 1 1
9 1 1 1 1 1 1
9 1 1 1 1 1 1
9 1 1 1 1 1 1
9 1 1 1 1 1 1
9 1 1 1 1 1 1
9 0 0 1 1 1 1
9 0 0 1 1 1 1
9 0 0 1 1 1 1
10 1 1 1 1 1 1
10 1 1 1 1 1 1
10 1 1 1 1 1 1
10 1 1 1 1 1 1
10 1 1 1 1 1 1
10 0 0 1 1 1 1
10 0 0 1 1 1 1
10 0 0 1 1 1 1
11 0 0 0 0 0 1
11 1 1 1 1 1 1
11 1 1 1 1 1 1
11 1 1 1 1 1 1
11 1 1 1 1 1 1
11 0 0 1 1 1 1
11 0 0 1 1 1 1
11 0 0 1 1 1 1
#INFO-GEN
Namespace(bayType=4, francisco=True, meanPort=3, seed=2344, stdPort=9.060412580630677, target40=31, targetCapacity=85, targetHC=40, targetIMO=70, targetPorts=11, targetReefer=30, targetRelease=30, targetWeight=80)
