11 91 48 11 88 1 8
#POD
1 2 3 4 5 6 7 8 9 10 11
#LOCATIONS
1
#CONTAINERS_TOLOAD
0 0 0 9338.24 2.59 20 9 0 1 0
0 0 0 13389.11 2.59 20 3 0 1 0
0 0 0 4222.02 2.59 20 2 0 1 0
0 0 0 8704.39 2.59 20 11 0 1 0
0 0 0 13011.83 2.59 20 1 0 1 1
0 0 0 4492.25 2.59 20 11 0 1 1
0 0 0 12347.28 2.59 20 9 0 1 1
0 0 0 5734.20 2.59 20 4 0 1 1
0 0 0 9903.17 2.59 20 2 0 1 1
0 0 0 9391.24 2.59 20 7 0 1 1
0 0 0 7275.38 2.59 20 11 0 1 1
0 0 0 11064.41 2.59 20 9 0 1 1
0 0 0 6713.28 2.59 20 7 1 1 4
0 0 0 8858.06 2.59 20 7 1 1 4
0 0 0 7859.67 2.59 20 3 0 1 0
0 0 0 11804.80 2.59 20 6 0 1 0
0 0 0 5469.12 2.59 20 7 0 1 0
0 0 0 9522.05 2.59 20 7 0 1 0
0 0 0 9623.40 2.59 20 8 0 1 0
0 0 0 9023.58 2.59 20 5 0 1 0
0 0 0 7500.75 2.59 20 1 0 1 0
0 0 0 11749.01 2.59 20 7 0 1 0
0 0 0 6686.04 2.59 20 4 0 1 0
0 0 0 8566.78 2.59 20 9 0 1 0
0 0 0 11784.31 2.59 20 3 0 1 0
0 0 0 5178.20 2.59 20 5 0 1 0
0 0 0 11410.52 2.59 20 10 1 1 0
0 0 0 6392.37 2.59 20 10 1 1 0
0 0 0 10081.57 2.59 20 7 1 1 0
0 0 0 9235.61 2.59 20 10 1 1 0
0 0 0 6319.15 2.59 20 4 0 1 3
0 0 0 13135.80 2.59 20 2 0 1 3
0 0 0 4632.51 2.59 20 5 0 1 3
0 0 0 8720.88 2.59 20 5 0 1 3
0 0 0 11830.80 2.59 20 7 0 1 4
0 0 0 6900.27 2.59 20 11 0 1 4
0 0 0 11404.09 2.59 20 8 0 1 4
0 0 0 4787.62 2.59 20 6 0 1 4
0 0 0 11195.21 2.59 20 11 0 1 4
0 0 0 7909.21 2.59 20 7 0 1 4
0 0 0 10098.32 2.59 20 6 0 1 4
0 0 0 6496.95 2.59 20 7 0 1 4
0 0 0 9528.41 2.59 20 2 1 1 4
0 0 0 11164.72 2.59 20 7 1 1 4
0 0 0 5718.92 2.59 20 4 1 1 0
0 0 0 10492.59 2.59 20 5 1 1 0
0 0 0 9072.68 2.59 20 9 0 1 0
0 0 0 6846.80 2.59 20 9 0 1 0
0 0 0 9221.73 2.59 20 4 0 1 0
0 0 0 10522.42 2.59 20 3 0 1 0
0 0 0 6714.44 2.59 20 5 0 1 0
0 0 0 9149.61 2.59 20 1 0 1 0
0 0 0 8276.30 2.59 20 3 0 1 0
0 0 0 8423.17 2.59 20 2 0 1 0
0 0 0 10833.34 2.59 20 9 0 1 0
0 0 0 6947.27 2.59 20 9 0 1 0
0 0 0 10504.93 2.59 20 11 0 1 0
0 0 0 6839.58 2.59 20 1 0 1 0
0 0 0 13581.12 2.59 20 7 1 1 0
0 0 0 4262.65 2.59 20 5 1 1 0
0 0 0 9515.25 2.59 20 5 1 1 0
0 0 0 7765.47 2.59 20 5 1 1 0
0 0 0 12592.44 2.59 40 10 0 1 0
0 0 0 4842.66 2.90 40 9 0 1 0
0 0 0 11358.58 2.59 40 4 0 1 0
0 0 0 7215.76 2.59 40 2 0 1 0
0 0 0 8501.46 2.90 40 2 0 1 0
0 0 0 11268.47 2.59 40 2 0 1 0
0 0 0 6622.92 2.59 20 8 1 1 0
0 0 0 10347.59 2.59 20 7 1 1 0
0 0 0 6578.71 2.59 20 2 1 1 0
0 0 0 8817.02 2.59 20 10 1 1 0
0 0 0 8825.74 2.59 40 8 0 1 4
0 0 0 11788.67 2.59 40 10 0 1 0
0 0 0 5385.58 2.59 40 3 0 1 1
0 0 0 9215.62 2.90 40 8 0 1 0
0 0 0 11474.21 2.59 40 1 0 1 4
0 0 0 7138.46 2.59 40 1 0 1 0
0 0 0 10623.19 2.59 40 4 0 1 1
0 0 0 6509.32 2.90 40 4 1 1 4
0 0 0 7803.34 2.90 40 10 0 1 0
0 0 0 9251.50 2.59 40 10 0 1 0
0 0 0 12792.29 2.90 40 3 0 1 0
0 0 0 4967.10 2.90 40 7 0 1 0
0 0 0 10444.09 2.59 40 10 0 1 0
0 0 0 8227.42 2.59 40 2 0 1 0
0 0 0 9041.55 2.90 40 4 0 1 0
0 0 0 6798.94 2.59 40 4 1 1 0
0 0 0 10194.11 2.59 40 5 0 1 1
0 0 0 11230.13 2.90 40 5 0 1 0
0 0 0 4797.25 2.59 40 8 0 1 4
#CONTAINERS_LOADED
5 1 1 7500.00 2.59 20 9 1 1 4
5 1 -1 7500.00 2.59 20 6 1 1 4
5 2 1 7500.00 2.59 20 4 1 1 3
5 2 -1 7500.00 2.59 20 7 1 1 3
5 3 1 7500.00 2.59 20 1 1 1 0
5 3 -1 7500.00 2.59 20 5 1 1 0
5 4 1 7500.00 2.59 20 6 1 1 3
5 4 -1 7500.00 2.59 20 3 1 1 3
5 5 1 7500.00 2.59 20 4 1 1 3
5 5 -1 7500.00 2.59 20 9 1 1 3
5 6 1 7500.00 2.59 20 7 0 1 3
5 6 -1 7500.00 2.59 20 2 0 1 3
5 7 1 7500.00 2.59 20 7 0 1 4
5 7 -1 7500.00 2.59 20 4 0 1 4
5 8 1 7500.00 2.59 20 7 0 1 4
5 8 -1 7500.00 2.59 20 1 0 1 4
6 1 1 7500.00 2.59 20 5 1 1 0
6 1 -1 7500.00 2.59 20 2 1 1 0
6 2 1 7500.00 2.59 20 2 1 1 0
6 2 -1 7500.00 2.59 20 8 1 1 0
6 3 1 7500.00 2.59 20 6 1 1 0
6 3 -1 7500.00 2.59 20 11 1 1 0
6 4 1 7500.00 2.59 20 10 1 1 0
6 4 -1 7500.00 2.59 20 7 1 1 0
6 5 1 7500.00 2.59 20 3 1 1 0
6 5 -1 7500.00 2.59 20 2 1 1 0
6 6 1 7500.00 2.59 20 6 0 1 0
6 6 -1 7500.00 2.59 20 3 0 1 0
6 7 1 7500.00 2.59 20 6 0 1 0
6 7 -1 7500.00 2.59 20 7 0 1 0
6 8 1 7500.00 2.59 20 5 0 1 0
6 8 -1 7500.00 2.59 20 1 0 1 0
7 1 1 7500.00 2.59 20 11 1 1 0
7 1 -1 7500.00 2.59 20 3 1 1 0
7 2 1 7500.00 2.59 20 1 1 1 1
7 2 -1 7500.00 2.59 20 9 1 1 1
7 3 1 7500.00 2.59 20 4 1 1 0
7 3 -1 7500.00 2.59 20 6 1 1 0
7 4 1 7500.00 2.59 20 6 1 1 1
7 4 -1 7500.00 2.59 20 3 1 1 1
7 5 1 7500.00 2.59 20 1 1 1 0
7 5 -1 7500.00 2.59 20 5 1 1 0
7 6 1 7500.00 2.59 20 10 0 1 1
7 6 -1 7500.00 2.59 20 7 0 1 1
7 7 1 7500.00 2.59 20 4 0 1 0
7 7 -1 7500.00 2.59 20 1 0 1 0
7 8 1 7500.00 2.59 20 11 0 1 0
7 8 -1 7500.00 2.59 20 2 0 1 0
#STACKS
105000.00 18.13 1
120000.00 20.72 1
120000.00 20.72 1
120000.00 20.72 1
120000.00 20.72 1
120000.00 20.72 1
120000.00 20.72 1
120000.00 20.72 1
120000.00 20.72 1
120000.00 20.72 1
105000.00 18.13 1
#CELLS
1 0 0 0 0 0 1
1 1 1 1 1 1 1
1 1 1 1 1 1 1
1 1 1 1 1 1 1
1 1 1 1 1 1 1
1 0 0 1 1 1 1
1 0 0 1 1 1 1
1 0 0 1 1 1 1
2 1 1 1 1 1 1
2 1 1 1 1 1 1
2 1 1 1 1 1 1
2 1 1 1 1 1 1
2 1 1 1 1 1 1
2 0 0 1 1 1 1
2 0 0 1 1 1 1
2 0 0 1 1 1 1
3 1 1 1 1 1 1
3 1 1 1 1 1 1
3 1 1 1 1 1 1
3 1 1 1 1 1 1
3 1 1 1 1 1 1
3 0 0 1 1 1 1
3 0 0 1 1 1 1
3 0 0 1 1 1 1
4 1 1 1 1 1 1
4 1 1 1 1 1 1
4 1 1 1 1 1 1
4 1 1 1 1 1 1
4 1 1 1 1 1 1
4 0 0 1 1 1 1
4 0 0 1 1 1 1
4 0 0 1 1 1 1
5 1 1 1 1 1 1
5 1 1 1 1 1 1
5 1 1 1 1 1 1
5 1 1 1 1 1 1
5 1 1 1 1 1 1
5 0 0 1 1 1 1
5 0 0 1 1 1 1
5 0 0 1 1 1 1
6 1 1 1 1 1 1
6 1 1 1 1 1 1
6 1 1 1 1 1 1
6 1 1 1 1 1 1
6 1 1 1 1 1 1
6 0 0 1 1 1 1
6 0 0 1 1 1 1
6 0 0 1 1 1 1
7 1 1 1 1 1 1
7 1 1 1 1 1 1
7 1 1 1 1 1 1
7 1 1 1 1 1 1
7 1 1 1 1 1 1
7 0 0 1 1 1 1
7 0 0 1 1 1 1
7 0 0 1 1 1 1
8 1 1 1 1 1 1
8 1 1 1 1 1 1
8 1 1 1 1 1 1
8 1 1 1 1 1 1
8 1 1 1 1 1 1
8 0 0 1 1 1 1
8 0 0 1 1 1 1
8 0 0 1 1 1 1
9 1 1 1 1 1 1
9 1 1 1 1 1 1
9 1 1 1 1 1 1
9 1 1 1 1 1 1
9 1 1 1 1 1 1
9 0 0 1 1 1 1
9 0 0 1 1 1 1
9 0 0 1 1 1 1
10 1 1 1 1 1 1
10 1 1 1 1 1 1
10 1 1 1 1 1 1
10 1 1 1 1 1 1
10 1 1 1 1 1 1
10 0 0 1 1 1 1
10 0 0 1 1 1 1
10 0 0 1 1 1 1
11 0 0 0 0 0 1
11 1 1 1 1 1 1
11 1 1 1 1 1 1
11 1 1 1 1 1 1
11 1 1 1 1 1 1
11 0 0 1 1 1 1
11 0 0 1 1 1 1
11 0 0 1 1 1 1
#INFO-GEN
Namespace(bayType=4, francisco=True, meanPort=3, seed=2344, stdPort=9.060412580630677, target40=31, targetCapacity=96, targetHC=50, targetIMO=70, targetPorts=11, targetReefer=30, targetRelease=30, targetWeight=86)
