26 73 66 11 88 1 8
#POD
1 2 3 4 5 6 7 8 9 10 11 12 13 14 15 16 17 18 19 20 21 22 23 24 25 26
#LOCATIONS
1
#CONTAINERS_TOLOAD
0 0 0 9023.03 2.59 20 2 0 1 0
0 0 0 11312.82 2.59 20 9 0 1 0
0 0 0 4580.42 2.59 20 13 0 1 0
0 0 0 8970.94 2.59 20 11 0 1 0
0 0 0 9163.39 2.59 20 6 1 1 0
0 0 0 10020.66 2.59 20 2 1 1 0
0 0 0 5094.03 2.59 20 4 1 1 0
0 0 0 13065.71 2.59 20 4 1 1 0
0 0 0 3345.82 2.59 20 9 1 1 0
0 0 0 12328.22 2.59 20 13 1 1 0
0 0 0 4269.79 2.59 20 16 1 1 0
0 0 0 13128.24 2.59 20 7 1 1 0
0 0 0 3505.09 2.59 20 2 0 1 0
0 0 0 13046.75 2.59 20 7 0 1 0
0 0 0 3444.85 2.59 20 18 0 1 0
0 0 0 10774.72 2.59 20 2 0 1 0
0 0 0 6224.98 2.59 20 3 0 1 0
0 0 0 12224.53 2.59 20 11 0 1 0
0 0 0 4048.79 2.59 20 7 1 1 0
0 0 0 8585.43 2.59 20 14 1 1 0
0 0 0 8635.41 2.59 20 8 1 1 0
0 0 0 11493.84 2.59 20 26 1 1 0
0 0 0 4876.39 2.59 20 22 1 1 0
0 0 0 8671.00 2.59 20 21 1 1 0
0 0 0 11004.58 2.59 20 22 1 1 0
0 0 0 4809.08 2.59 20 10 1 1 0
0 0 0 8199.19 2.59 20 3 1 1 0
0 0 0 12754.87 2.59 20 25 1 1 0
0 0 0 3409.35 2.59 20 12 0 1 0
0 0 0 12813.81 2.59 20 1 0 1 0
0 0 0 3883.30 2.59 20 6 0 1 0
0 0 0 12648.81 2.59 20 5 0 1 0
0 0 0 4283.07 2.59 20 10 0 1 0
0 0 0 9167.53 2.59 20 15 0 1 0
0 0 0 10097.62 2.59 20 16 0 1 0
0 0 0 5531.33 2.59 20 1 0 1 0
0 0 0 9086.70 2.59 20 12 1 1 0
0 0 0 7464.58 2.59 20 10 1 1 0
0 0 0 10217.92 2.59 20 8 1 1 0
0 0 0 7709.03 2.59 20 11 1 1 0
0 0 0 7797.03 2.59 20 1 1 1 0
0 0 0 9427.59 2.59 20 6 1 1 0
0 0 0 5757.51 2.59 20 1 1 1 0
0 0 0 10815.60 2.59 20 14 1 1 0
0 0 0 7819.75 2.59 40 13 0 1 0
0 0 0 7817.59 2.59 20 12 0 1 0
0 0 0 7789.36 2.59 20 10 0 1 0
0 0 0 7845.84 2.59 20 6 0 1 0
0 0 0 7601.49 2.59 20 9 0 1 0
0 0 0 8654.82 2.59 20 21 0 1 0
0 0 0 10779.05 2.59 20 24 0 1 0
0 0 0 6709.19 2.59 20 8 1 1 0
0 0 0 9637.11 2.59 20 13 1 1 0
0 0 0 6873.86 2.59 20 15 1 1 0
0 0 0 10760.07 2.59 20 14 1 1 0
0 0 0 5200.50 2.59 20 4 1 1 0
0 0 0 8127.14 2.59 20 10 1 1 0
0 0 0 9977.92 2.59 40 23 0 1 0
0 0 0 6209.27 2.59 40 7 0 1 0
0 0 0 10568.21 2.59 40 5 0 1 0
0 0 0 6538.09 2.59 40 14 0 1 0
0 0 0 8327.65 2.59 40 10 1 1 0
0 0 0 7860.31 2.59 40 10 1 1 0
0 0 0 10238.62 2.59 40 17 1 1 0
0 0 0 7263.46 2.59 40 18 1 1 0
0 0 0 9049.82 2.59 40 1 0 1 0
0 0 0 7728.20 2.59 40 9 0 1 0
0 0 0 7507.21 2.59 40 11 0 1 0
0 0 0 11483.93 2.59 40 17 0 1 0
0 0 0 4950.57 2.59 40 8 1 1 0
0 0 0 8284.90 2.59 40 5 1 1 0
0 0 0 10345.67 2.59 40 21 1 1 0
0 0 0 5485.08 2.59 40 10 1 1 0
#CONTAINERS_LOADED
4 1 1 7500.00 2.59 20 13 1 1 0
4 1 -1 7500.00 2.59 20 2 1 1 0
4 2 1 7500.00 2.59 20 23 1 1 0
4 2 -1 7500.00 2.59 20 16 1 1 0
4 3 1 7500.00 2.59 20 23 1 1 0
4 3 -1 7500.00 2.59 20 15 1 1 0
4 4 1 7500.00 2.59 20 14 1 1 0
4 4 -1 7500.00 2.59 20 9 1 1 0
4 5 1 7500.00 2.59 20 19 1 1 0
4 5 -1 7500.00 2.59 20 13 1 1 0
4 6 1 7500.00 2.59 20 22 0 1 0
4 6 -1 7500.00 2.59 20 8 0 1 0
4 7 1 7500.00 2.59 20 15 0 1 0
4 7 -1 7500.00 2.59 20 2 0 1 0
4 8 1 7500.00 2.59 20 6 0 1 0
4 8 -1 7500.00 2.59 20 12 0 1 0
5 1 1 7500.00 2.59 20 17 1 1 0
5 1 -1 7500.00 2.59 20 12 1 1 0
5 2 1 7500.00 2.59 20 3 1 1 0
5 2 -1 7500.00 2.59 20 3 1 1 0
5 3 1 7500.00 2.59 20 20 1 1 0
5 3 -1 7500.00 2.59 20 8 1 1 0
5 4 1 7500.00 2.59 20 11 1 1 0
5 4 -1 7500.00 2.59 20 22 1 1 0
5 5 1 7500.00 2.59 20 25 1 1 0
5 5 -1 7500.00 2.59 20 6 1 1 0
5 6 1 7500.00 2.59 20 11 0 1 0
5 6 -1 7500.00 2.59 20 4 0 1 0
5 7 1 7500.00 2.59 20 3 0 1 0
5 7 -1 7500.00 2.59 20 7 0 1 0
5 8 1 7500.00 2.59 20 11 0 1 0
5 8 -1 7500.00 2.59 20 9 0 1 0
6 1 1 7500.00 2.59 20 18 1 1 0
6 1 -1 7500.00 2.59 20 12 1 1 0
6 2 1 7500.00 2.59 20 8 1 1 0
6 2 -1 7500.00 2.59 20 21 1 1 0
6 3 1 7500.00 2.59 20 11 1 1 0
6 3 -1 7500.00 2.59 20 13 1 1 0
6 4 1 7500.00 2.59 20 4 1 1 0
6 4 -1 7500.00 2.59 20 1 1 1 0
6 5 1 7500.00 2.59 20 7 1 1 0
6 5 -1 7500.00 2.59 20 8 1 1 0
6 6 1 7500.00 2.59 20 5 0 1 0
6 6 -1 7500.00 2.59 20 7 0 1 0
6 7 1 7500.00 2.59 20 15 0 1 0
6 7 -1 7500.00 2.59 20 4 0 1 0
6 8 1 7500.00 2.59 20 3 0 1 0
6 8 -1 7500.00 2.59 20 3 0 1 0
7 1 1 7500.00 2.59 20 24 1 1 0
7 1 -1 7500.00 2.59 20 16 1 1 0
7 2 1 7500.00 2.59 20 14 1 1 0
7 2 -1 7500.00 2.59 20 4 1 1 0
7 3 1 7500.00 2.59 20 6 1 1 0
7 3 -1 7500.00 2.59 20 24 1 1 0
7 4 1 7500.00 2.59 20 5 1 1 0
7 4 -1 7500.00 2.59 20 20 1 1 0
7 5 1 7500.00 2.59 20 8 1 1 0
7 5 -1 7500.00 2.59 20 5 1 1 0
7 6 1 7500.00 2.59 20 23 0 1 0
7 6 -1 7500.00 2.59 20 2 0 1 0
7 7 1 7500.00 2.59 20 7 0 1 0
7 7 -1 7500.00 2.59 20 10 0 1 0
7 8 1 7500.00 2.59 20 17 0 1 0
7 8 -1 7500.00 2.59 20 12 0 1 0
8 1 1 7500.00 2.59 20 19 1 1 0
8 1 -1 7500.00 2.59 20 9 1 1 0
#STACKS
105000.00 18.13 1
120000.00 20.72 1
120000.00 20.72 1
120000.00 20.72 1
120000.00 20.72 1
120000.00 20.72 1
120000.00 20.72 1
120000.00 20.72 1
120000.00 20.72 1
120000.00 20.72 1
105000.00 18.13 1
#CELLS
1 0 0 0 0 0 1
1 1 1 1 1 1 1
1 1 1 1 1 1 1
1 1 1 1 1 1 1
1 1 1 1 1 1 1
1 0 0 1 1 1 1
1 0 0 1 1 1 1
1 0 0 1 1 1 1
2 1 1 1 1 1 1
2 1 1 1 1 1 1
2 1 1 1 1 1 1
2 1 1 1 1 1 1
2 1 1 1 1 1 1
2 0 0 1 1 1 1
2 0 0 1 1 1 1
2 0 0 1 1 1 1
3 1 1 1 1 1 1
3 1 1 1 1 1 1
3 1 1 1 1 1 1
3 1 1 1 1 1 1
3 1 1 1 1 1 1
3 0 0 1 1 1 1
3 0 0 1 1 1 1
3 0 0 1 1 1 1
4 1 1 1 1 1 1
4 1 1 1 1 1 1
4 1 1 1 1 1 1
4 1 1 1 1 1 1
4 1 1 1 1 1 1
4 0 0 1 1 1 1
4 0 0 1 1 1 1
4 0 0 1 1 1 1
5 1 1 1 1 1 1
5 1 1 1 1 1 1
5 1 1 1 1 1 1
5 1 1 1 1 1 1
5 1 1 1 1 1 1
5 0 0 1 1 1 1
5 0 0 1 1 1 1
5 0 0 1 1 1 1
6 1 1 1 1 1 1
6 1 1 1 1 1 1
6 1 1 1 1 1 1
6 1 1 1 1 1 1
6 1 1 1 1 1 1
6 0 0 1 1 1 1
6 0 0 1 1 1 1
6 0 0 1 1 1 1
7 1 1 1 1 1 1
7 1 1 1 1 1 1
7 1 1 1 1 1 1
7 1 1 1 1 1 1
7 1 1 1 1 1 1
7 0 0 1 1 1 1
7 0 0 1 1 1 1
7 0 0 1 1 1 1
8 1 1 1 1 1 1
8 1 1 1 1 1 1
8 1 1 1 1 1 1
8 1 1 1 1 1 1
8 1 1 1 1 1 1
8 0 0 1 1 1 1
8 0 0 1 1 1 1
8 0 0 1 1 1 1
9 1 1 1 1 1 1
9 1 1 1 1 1 1
9 1 1 1 1 1 1
9 1 1 1 1 1 1
9 1 1 1 1 1 1
9 0 0 1 1 1 1
9 0 0 1 1 1 1
9 0 0 1 1 1 1
10 1 1 1 1 1 1
10 1 1 1 1 1 1
10 1 1 1 1 1 1
10 1 1 1 1 1 1
10 1 1 1 1 1 1
10 0 0 1 1 1 1
10 0 0 1 1 1 1
10 0 0 1 1 1 1
11 0 0 0 0 0 1
11 1 1 1 1 1 1
11 1 1 1 1 1 1
11 1 1 1 1 1 1
11 1 1 1 1 1 1
11 0 0 1 1 1 1
11 0 0 1 1 1 1
11 0 0 1 1 1 1
#INFO-GEN
Namespace(bayType=4, francisco=True, meanPort=5, seed=6927, stdPort=13.322726086521277, target40=23, targetCapacity=91, targetHC=0, targetIMO=4, targetPorts=26, targetReefer=87, targetRelease=44, targetWeight=76)
