25 66 64 11 88 1 8
#POD
1 2 3 4 5 6 7 8 9 10 11 12 13 14 15 16 17 18 19 20 21 22 23 24 25
#LOCATIONS
1
#CONTAINERS_TOLOAD
0 0 0 10922.64 2.59 20 13 1 1 0
0 0 0 13934.60 2.59 20 7 1 1 0
0 0 0 5078.87 2.59 20 3 0 1 0
0 0 0 10854.12 2.59 20 8 0 1 0
0 0 0 11107.26 2.59 20 12 0 1 0
0 0 0 12234.91 2.59 20 17 0 1 0
0 0 0 5754.46 2.59 20 3 0 1 0
0 0 0 16240.33 2.59 20 19 0 1 0
0 0 0 3454.89 2.59 20 15 1 1 0
0 0 0 15270.25 2.59 20 2 1 1 0
0 0 0 4670.27 2.59 20 14 1 1 0
0 0 0 16322.59 2.59 20 21 1 1 0
0 0 0 3664.39 2.59 20 4 1 1 0
0 0 0 16215.40 2.59 20 4 1 1 0
0 0 0 3585.14 2.59 20 18 1 1 0
0 0 0 13226.80 2.59 20 20 1 1 0
0 0 0 7242.10 2.59 20 6 1 1 0
0 0 0 15133.85 2.59 20 2 1 1 0
0 0 0 4379.56 2.59 20 11 0 1 0
0 0 0 10347.02 2.59 20 5 0 1 0
0 0 0 10412.76 2.59 20 5 0 1 0
0 0 0 14172.72 2.59 20 10 0 1 0
0 0 0 5468.19 2.59 20 22 0 1 0
0 0 0 10459.57 2.59 20 12 0 1 0
0 0 0 13529.15 2.59 20 8 0 1 0
0 0 0 5379.65 2.59 20 12 0 1 0
0 0 0 9838.97 2.59 20 2 1 1 0
0 0 0 15831.47 2.59 20 6 1 1 0
0 0 0 3538.45 2.59 20 12 1 1 0
0 0 0 15908.99 2.59 20 1 1 1 0
0 0 0 4161.88 2.59 20 5 1 1 0
0 0 0 15691.95 2.59 20 24 1 1 0
0 0 0 4687.73 2.59 20 5 1 1 0
0 0 0 11112.71 2.59 20 15 1 1 0
0 0 0 12336.15 2.59 20 1 0 1 0
0 0 0 6329.69 2.59 20 22 0 1 0
0 0 0 11006.38 2.59 20 14 0 1 0
0 0 0 8872.67 2.59 20 8 0 1 0
0 0 0 12494.38 2.59 20 12 0 1 0
0 0 0 9194.21 2.59 20 11 0 1 0
0 0 0 9309.97 2.59 20 2 0 1 0
0 0 0 11454.79 2.59 20 7 0 1 0
0 0 0 6627.20 2.59 20 10 1 1 0
0 0 0 13280.56 2.59 20 20 1 1 0
0 0 0 9339.85 2.59 20 23 1 1 0
0 0 0 9337.01 2.59 20 7 1 1 0
0 0 0 9299.87 2.59 20 9 1 1 0
0 0 0 9374.18 2.59 20 13 1 1 0
0 0 0 9052.75 2.59 20 3 1 1 0
0 0 0 10438.29 2.59 20 13 1 1 0
0 0 0 13232.49 2.59 40 2 0 1 0
0 0 0 7879.04 2.59 40 22 0 1 0
0 0 0 11730.39 2.59 40 12 0 1 0
0 0 0 8095.64 2.59 40 7 0 1 2
0 0 0 13207.52 2.59 40 10 1 1 0
0 0 0 5894.52 2.59 40 13 1 1 0
0 0 0 9744.19 2.90 40 14 1 1 0
0 0 0 12178.69 2.59 40 1 1 1 0
0 0 0 7221.45 2.59 40 9 0 1 0
0 0 0 12955.15 2.59 40 10 0 1 0
0 0 0 7653.97 2.59 40 3 0 1 0
0 0 0 10007.94 2.59 40 8 0 1 0
0 0 0 9393.20 2.59 40 17 1 1 0
0 0 0 12521.61 2.59 40 2 1 1 0
0 0 0 8608.12 2.59 40 17 1 1 0
0 0 0 8134.47 2.90 40 8 1 1 0
#CONTAINERS_LOADED
4 1 1 7500.00 2.59 20 22 1 1 0
4 1 -1 7500.00 2.59 20 7 1 1 0
4 2 1 7500.00 2.59 20 11 1 1 0
4 2 -1 7500.00 2.59 20 1 1 1 0
4 3 1 7500.00 2.59 20 7 1 1 0
4 3 -1 7500.00 2.59 20 13 1 1 0
4 4 1 7500.00 2.59 20 17 1 1 0
4 4 -1 7500.00 2.59 20 19 1 1 0
4 5 1 7500.00 2.59 20 1 1 1 0
4 5 -1 7500.00 2.59 20 16 1 1 0
4 6 1 7500.00 2.59 20 5 0 1 0
4 6 -1 7500.00 2.59 20 25 0 1 0
4 7 1 7500.00 2.59 20 7 0 1 0
4 7 -1 7500.00 2.59 20 16 0 1 0
4 8 1 7500.00 2.59 20 8 0 1 0
4 8 -1 7500.00 2.59 20 5 0 1 0
5 1 1 7500.00 2.59 20 16 1 1 0
5 1 -1 7500.00 2.59 20 12 1 1 0
5 2 1 7500.00 2.59 20 3 1 1 0
5 2 -1 7500.00 2.59 20 13 1 1 0
5 3 1 7500.00 2.59 20 10 1 1 0
5 3 -1 7500.00 2.59 20 11 1 1 0
5 4 1 7500.00 2.59 20 19 1 1 0
5 4 -1 7500.00 2.59 20 12 1 1 0
5 5 1 7500.00 2.59 20 3 1 1 0
5 5 -1 7500.00 2.59 20 6 1 1 0
5 6 1 7500.00 2.59 20 4 0 1 0
5 6 -1 7500.00 2.59 20 10 0 1 0
5 7 1 7500.00 2.59 20 9 0 1 0
5 7 -1 7500.00 2.59 20 17 0 1 0
5 8 1 7500.00 2.59 20 21 0 1 0
5 8 -1 7500.00 2.59 20 14 0 1 0
6 1 1 7500.00 2.59 20 16 1 1 0
6 1 -1 7500.00 2.59 20 18 1 1 0
6 2 1 7500.00 2.59 20 4 1 1 0
6 2 -1 7500.00 2.59 20 5 1 1 0
6 3 1 7500.00 2.59 20 3 1 1 0
6 3 -1 7500.00 2.59 20 5 1 1 0
6 4 1 7500.00 2.59 20 20 1 1 0
6 4 -1 7500.00 2.59 20 22 1 1 0
6 5 1 7500.00 2.59 20 2 1 1 0
6 5 -1 7500.00 2.59 20 1 1 1 0
6 6 1 7500.00 2.59 20 24 0 1 0
6 6 -1 7500.00 2.59 20 6 0 1 0
6 7 1 7500.00 2.59 20 23 0 1 0
6 7 -1 7500.00 2.59 20 5 0 1 0
6 8 1 7500.00 2.59 20 6 0 1 0
6 8 -1 7500.00 2.59 20 2 0 1 0
7 1 1 7500.00 2.59 20 5 1 1 0
7 1 -1 7500.00 2.59 20 12 1 1 0
7 2 1 7500.00 2.59 20 11 1 1 0
7 2 -1 7500.00 2.59 20 19 1 1 0
7 3 1 7500.00 2.59 20 18 1 1 0
7 3 -1 7500.00 2.59 20 8 1 1 0
7 4 1 7500.00 2.59 20 10 1 1 0
7 4 -1 7500.00 2.59 20 13 1 1 0
7 5 1 7500.00 2.59 20 9 1 1 0
7 5 -1 7500.00 2.59 20 22 1 1 0
7 6 1 7500.00 2.59 20 3 0 1 0
7 6 -1 7500.00 2.59 20 15 0 1 0
7 7 1 7500.00 2.59 20 4 0 1 0
7 7 -1 7500.00 2.59 20 9 0 1 0
7 8 1 7500.00 2.59 20 11 0 1 0
7 8 -1 7500.00 2.59 20 6 0 1 0
#STACKS
105000.00 18.13 1
120000.00 20.72 1
120000.00 20.72 1
120000.00 20.72 1
120000.00 20.72 1
120000.00 20.72 1
120000.00 20.72 1
120000.00 20.72 1
120000.00 20.72 1
120000.00 20.72 1
105000.00 18.13 1
#CELLS
1 0 0 0 0 0 1
1 1 1 1 1 1 1
1 1 1 1 1 1 1
1 1 1 1 1 1 1
1 1 1 1 1 1 1
1 0 0 1 1 1 1
1 0 0 1 1 1 1
1 0 0 1 1 1 1
2 1 1 1 1 1 1
2 1 1 1 1 1 1
2 1 1 1 1 1 1
2 1 1 1 1 1 1
2 1 1 1 1 1 1
2 0 0 1 1 1 1
2 0 0 1 1 1 1
2 0 0 1 1 1 1
3 1 1 1 1 1 1
3 1 1 1 1 1 1
3 1 1 1 1 1 1
3 1 1 1 1 1 1
3 1 1 1 1 1 1
3 0 0 1 1 1 1
3 0 0 1 1 1 1
3 0 0 1 1 1 1
4 1 1 1 1 1 1
4 1 1 1 1 1 1
4 1 1 1 1 1 1
4 1 1 1 1 1 1
4 1 1 1 1 1 1
4 0 0 1 1 1 1
4 0 0 1 1 1 1
4 0 0 1 1 1 1
5 1 1 1 1 1 1
5 1 1 1 1 1 1
5 1 1 1 1 1 1
5 1 1 1 1 1 1
5 1 1 1 1 1 1
5 0 0 1 1 1 1
5 0 0 1 1 1 1
5 0 0 1 1 1 1
6 1 1 1 1 1 1
6 1 1 1 1 1 1
6 1 1 1 1 1 1
6 1 1 1 1 1 1
6 1 1 1 1 1 1
6 0 0 1 1 1 1
6 0 0 1 1 1 1
6 0 0 1 1 1 1
7 1 1 1 1 1 1
7 1 1 1 1 1 1
7 1 1 1 1 1 1
7 1 1 1 1 1 1
7 1 1 1 1 1 1
7 0 0 1 1 1 1
7 0 0 1 1 1 1
7 0 0 1 1 1 1
8 1 1 1 1 1 1
8 1 1 1 1 1 1
8 1 1 1 1 1 1
8 1 1 1 1 1 1
8 1 1 1 1 1 1
8 0 0 1 1 1 1
8 0 0 1 1 1 1
8 0 0 1 1 1 1
9 1 1 1 1 1 1
9 1 1 1 1 1 1
9 1 1 1 1 1 1
9 1 1 1 1 1 1
9 1 1 1 1 1 1
9 0 0 1 1 1 1
9 0 0 1 1 1 1
9 0 0 1 1 1 1
10 1 1 1 1 1 1
10 1 1 1 1 1 1
10 1 1 1 1 1 1
10 1 1 1 1 1 1
10 1 1 1 1 1 1
10 0 0 1 1 1 1
10 0 0 1 1 1 1
10 0 0 1 1 1 1
11 0 0 0 0 0 1
11 1 1 1 1 1 1
11 1 1 1 1 1 1
11 1 1 1 1 1 1
11 1 1 1 1 1 1
11 0 0 1 1 1 1
11 0 0 1 1 1 1
11 0 0 1 1 1 1
#INFO-GEN
Namespace(bayType=4, francisco=True, meanPort=5, seed=6927, stdPort=13.322726086521277, target40=23, targetCapacity=86, targetHC=10, targetIMO=4, targetPorts=26, targetReefer=87, targetRelease=44, targetWeight=81)
