25 64 62 11 88 1 8
#POD
1 2 3 4 5 6 7 8 9 10 11 12 13 14 15 16 17 18 19 20 21 22 23 24 25
#LOCATIONS
1
#CONTAINERS_TOLOAD
0 0 0 11641.84 2.59 20 13 0 1 0
0 0 0 14927.22 2.59 20 7 0 1 0
0 0 0 5267.59 2.59 20 3 0 1 0
0 0 0 11567.10 2.59 20 8 0 1 0
0 0 0 11843.22 2.59 20 12 0 1 0
0 0 0 13073.23 2.59 20 17 0 1 0
0 0 0 6004.51 2.59 20 3 1 1 0
0 0 0 17442.27 2.59 20 19 1 1 0
0 0 0 3496.18 2.59 20 15 1 1 0
0 0 0 16384.12 2.59 20 2 1 1 0
0 0 0 4821.89 2.59 20 14 1 1 0
0 0 0 17531.99 2.59 20 21 1 1 0
0 0 0 3724.70 2.59 20 4 1 1 0
0 0 0 17415.06 2.59 20 4 1 1 0
0 0 0 3638.26 2.59 20 18 1 1 0
0 0 0 14155.17 2.59 20 20 1 1 0
0 0 0 7627.19 2.59 20 6 0 1 0
0 0 0 16235.34 2.59 20 2 0 1 0
0 0 0 4504.80 2.59 20 11 0 1 0
0 0 0 11013.97 2.59 20 5 0 1 0
0 0 0 11085.68 2.59 20 5 0 1 0
0 0 0 15186.96 2.59 20 10 0 1 0
0 0 0 5692.25 2.59 20 22 0 1 0
0 0 0 11136.74 2.59 20 12 0 1 0
0 0 0 14484.96 2.59 20 8 1 1 0
0 0 0 5595.67 2.59 20 12 1 1 0
0 0 0 10459.80 2.59 20 2 1 1 0
0 0 0 16996.28 2.59 20 6 1 1 0
0 0 0 3587.33 2.59 20 12 1 1 0
0 0 0 17080.85 2.59 20 1 1 1 0
0 0 0 4267.35 2.59 20 5 1 1 0
0 0 0 16844.10 2.59 20 24 1 1 0
0 0 0 4840.94 2.59 20 5 0 1 0
0 0 0 11849.17 2.59 20 15 0 1 0
0 0 0 13183.66 2.59 40 1 0 1 0
0 0 0 6631.95 2.59 20 22 0 1 0
0 0 0 11733.18 2.59 20 14 0 1 0
0 0 0 9405.78 2.59 20 8 0 1 0
0 0 0 13356.26 2.59 20 12 0 1 0
0 0 0 9756.51 2.59 20 11 0 1 0
0 0 0 9882.78 2.59 20 2 0 1 0
0 0 0 12222.30 2.59 20 7 1 1 0
0 0 0 6956.47 2.59 20 10 1 1 0
0 0 0 14213.81 2.59 20 20 1 1 0
0 0 0 9915.37 2.59 20 23 1 1 0
0 0 0 9912.27 2.59 20 7 1 1 0
0 0 0 9871.76 2.59 20 9 1 1 0
0 0 0 9952.81 2.59 20 13 1 1 0
0 0 0 9602.21 2.59 20 3 1 1 0
0 0 0 11113.53 2.59 40 13 0 1 0
0 0 0 14161.38 2.59 40 2 0 1 0
0 0 0 8321.95 2.59 40 22 0 1 0
0 0 0 12522.91 2.90 40 12 0 1 0
0 0 0 8558.22 2.59 40 7 1 1 0
0 0 0 14134.14 2.59 40 10 1 1 0
0 0 0 6157.28 2.59 40 13 1 1 0
0 0 0 10356.42 2.59 40 14 1 1 0
0 0 0 13011.92 2.59 40 1 0 1 0
0 0 0 7604.66 2.90 40 9 0 1 0
0 0 0 13858.86 2.59 40 10 0 1 0
0 0 0 8076.44 2.59 40 3 1 1 0
0 0 0 10644.11 2.59 40 8 1 1 0
0 0 0 9973.57 2.59 40 17 1 1 0
0 0 0 9963.75 2.59 40 2 1 1 0
#CONTAINERS_LOADED
4 1 1 7500.00 2.59 20 17 1 1 0
4 1 -1 7500.00 2.59 20 8 1 1 0
4 2 1 7500.00 2.59 20 22 1 1 0
4 2 -1 7500.00 2.59 20 7 1 1 0
4 3 1 7500.00 2.59 20 11 1 1 0
4 3 -1 7500.00 2.59 20 1 1 1 0
4 4 1 7500.00 2.59 20 7 1 1 0
4 4 -1 7500.00 2.59 20 13 1 1 0
4 5 1 7500.00 2.59 20 17 1 1 0
4 5 -1 7500.00 2.59 20 19 1 1 0
4 6 1 7500.00 2.59 20 1 0 1 0
4 6 -1 7500.00 2.59 20 16 0 1 0
4 7 1 7500.00 2.59 20 5 0 1 0
4 7 -1 7500.00 2.59 20 25 0 1 0
5 1 1 7500.00 2.59 20 7 1 1 1
5 1 -1 7500.00 2.59 20 16 1 1 1
5 2 1 7500.00 2.59 20 8 1 1 0
5 2 -1 7500.00 2.59 20 5 1 1 0
5 3 1 7500.00 2.59 20 16 1 1 0
5 3 -1 7500.00 2.59 20 12 1 1 0
5 4 1 7500.00 2.59 20 3 1 1 0
5 4 -1 7500.00 2.59 20 13 1 1 0
5 5 1 7500.00 2.59 20 10 1 1 0
5 5 -1 7500.00 2.59 20 11 1 1 0
5 6 1 7500.00 2.59 20 19 0 1 0
5 6 -1 7500.00 2.59 20 12 0 1 0
5 7 1 7500.00 2.59 20 3 0 1 0
5 7 -1 7500.00 2.59 20 6 0 1 0
5 8 1 7500.00 2.59 20 4 0 1 0
5 8 -1 7500.00 2.59 20 10 0 1 0
6 1 1 7500.00 2.59 20 9 1 1 0
6 1 -1 7500.00 2.59 20 17 1 1 0
6 2 1 7500.00 2.59 20 21 1 1 0
6 2 -1 7500.00 2.59 20 14 1 1 0
6 3 1 7500.00 2.59 20 16 1 1 0
6 3 -1 7500.00 2.59 20 18 1 1 0
6 4 1 7500.00 2.59 20 4 1 1 0
6 4 -1 7500.00 2.59 20 5 1 1 0
6 5 1 7500.00 2.59 20 3 1 1 0
6 5 -1 7500.00 2.59 20 5 1 1 0
6 6 1 7500.00 2.59 20 20 0 1 0
6 6 -1 7500.00 2.59 20 22 0 1 0
6 7 1 7500.00 2.59 20 2 0 1 0
6 7 -1 7500.00 2.59 20 1 0 1 0
6 8 1 7500.00 2.59 20 24 0 1 0
6 8 -1 7500.00 2.59 20 6 0 1 0
7 1 1 7500.00 2.59 20 23 1 1 0
7 1 -1 7500.00 2.59 20 5 1 1 0
7 2 1 7500.00 2.59 20 6 1 1 0
7 2 -1 7500.00 2.59 20 2 1 1 0
7 3 1 7500.00 2.59 20 5 1 1 1
7 3 -1 7500.00 2.59 20 12 1 1 1
7 4 1 7500.00 2.59 20 11 1 1 0
7 4 -1 7500.00 2.59 20 19 1 1 0
7 5 1 7500.00 2.59 20 18 1 1 0
7 5 -1 7500.00 2.59 20 8 1 1 0
7 6 1 7500.00 2.59 20 10 0 1 0
7 6 -1 7500.00 2.59 20 13 0 1 0
7 7 1 7500.00 2.59 20 9 0 1 0
7 7 -1 7500.00 2.59 20 22 0 1 0
7 8 1 7500.00 2.59 20 3 0 1 0
7 8 -1 7500.00 2.59 20 15 0 1 0
#STACKS
105000.00 18.13 1
120000.00 20.72 1
120000.00 20.72 1
120000.00 20.72 1
120000.00 20.72 1
120000.00 20.72 1
120000.00 20.72 1
120000.00 20.72 1
120000.00 20.72 1
120000.00 20.72 1
105000.00 18.13 1
#CELLS
1 0 0 0 0 0 1
1 1 1 1 1 1 1
1 1 1 1 1 1 1
1 1 1 1 1 1 1
1 1 1 1 1 1 1
1 0 0 1 1 1 1
1 0 0 1 1 1 1
1 0 0 1 1 1 1
2 1 1 1 1 1 1
2 1 1 1 1 1 1
2 1 1 1 1 1 1
2 1 1 1 1 1 1
2 1 1 1 1 1 1
2 0 0 1 1 1 1
2 0 0 1 1 1 1
2 0 0 1 1 1 1
3 1 1 1 1 1 1
3 1 1 1 1 1 1
3 1 1 1 1 1 1
3 1 1 1 1 1 1
3 1 1 1 1 1 1
3 0 0 1 1 1 1
3 0 0 1 1 1 1
3 0 0 1 1 1 1
4 1 1 1 1 1 1
4 1 1 1 1 1 1
4 1 1 1 1 1 1
4 1 1 1 1 1 1
4 1 1 1 1 1 1
4 0 0 1 1 1 1
4 0 0 1 1 1 1
4 0 0 1 1 1 1
5 1 1 1 1 1 1
5 1 1 1 1 1 1
5 1 1 1 1 1 1
5 1 1 1 1 1 1
5 1 1 1 1 1 1
5 0 0 1 1 1 1
5 0 0 1 1 1 1
5 0 0 1 1 1 1
6 1 1 1 1 1 1
6 1 1 1 1 1 1
6 1 1 1 1 1 1
6 1 1 1 1 1 1
6 1 1 1 1 1 1
6 0 0 1 1 1 1
6 0 0 1 1 1 1
6 0 0 1 1 1 1
7 1 1 1 1 1 1
7 1 1 1 1 1 1
7 1 1 1 1 1 1
7 1 1 1 1 1 1
7 1 1 1 1 1 1
7 0 0 1 1 1 1
7 0 0 1 1 1 1
7 0 0 1 1 1 1
8 1 1 1 1 1 1
8 1 1 1 1 1 1
8 1 1 1 1 1 1
8 1 1 1 1 1 1
8 1 1 1 1 1 1
8 0 0 1 1 1 1
8 0 0 1 1 1 1
8 0 0 1 1 1 1
9 1 1 1 1 1 1
9 1 1 1 1 1 1
9 1 1 1 1 1 1
9 1 1 1 1 1 1
9 1 1 1 1 1 1
9 0 0 1 1 1 1
9 0 0 1 1 1 1
9 0 0 1 1 1 1
10 1 1 1 1 1 1
10 1 1 1 1 1 1
10 1 1 1 1 1 1
10 1 1 1 1 1 1
10 1 1 1 1 1 1
10 0 0 1 1 1 1
10 0 0 1 1 1 1
10 0 0 1 1 1 1
11 0 0 0 0 0 1
11 1 1 1 1 1 1
11 1 1 1 1 1 1
11 1 1 1 1 1 1
11 1 1 1 1 1 1
11 0 0 1 1 1 1
11 0 0 1 1 1 1
11 0 0 1 1 1 1
#INFO-GEN
Namespace(bayType=4, francisco=True, meanPort=5, seed=6927, stdPort=13.322726086521277, target40=23, targetCapacity=83, targetHC=20, targetIMO=4, targetPorts=26, targetReefer=87, targetRelease=44, targetWeight=82)
