26 77 72 11 88 1 8
#POD
1 2 3 4 5 6 7 8 9 10 11 12 13 14 15 16 17 18 19 20 21 22 23 24 25 26
#LOCATIONS
1
#CONTAINERS_TOLOAD
0 0 0 8137.16 2.59 20 11 0 1 0
0 0 0 10090.16 2.59 20 6 0 1 0
0 0 0 4347.97 2.59 20 2 0 1 0
0 0 0 8092.73 2.59 20 4 0 1 0
0 0 0 8256.87 2.59 20 4 0 1 0
0 0 0 8988.05 2.59 20 9 0 1 0
0 0 0 4786.04 2.59 20 13 1 1 0
0 0 0 11585.23 2.59 20 16 1 1 0
0 0 0 3294.96 2.59 20 7 1 1 0
0 0 0 10956.21 2.59 20 2 1 1 0
0 0 0 4083.03 2.59 20 7 1 1 0
0 0 0 11638.57 2.59 20 18 1 1 0
0 0 0 3430.80 2.59 20 2 1 1 0
0 0 0 11569.06 2.59 20 3 1 1 0
0 0 0 3379.42 2.59 20 11 0 1 0
0 0 0 9631.21 2.59 20 7 0 1 0
0 0 0 5750.64 2.59 20 14 0 1 0
0 0 0 10867.77 2.59 20 8 0 1 0
0 0 0 3894.53 2.59 20 26 0 1 0
0 0 0 7763.92 2.59 20 22 0 1 0
0 0 0 7806.55 2.59 20 21 1 1 0
0 0 0 10244.56 2.59 20 22 1 1 0
0 0 0 4600.41 2.59 20 10 1 1 0
0 0 0 7836.90 2.59 20 3 1 1 0
0 0 0 9827.26 2.59 20 25 1 1 0
0 0 0 4543.00 2.59 20 12 1 1 0
0 0 0 7434.49 2.59 20 1 1 1 0
0 0 0 11320.12 2.59 20 6 1 1 0
0 0 0 3349.14 2.59 20 5 1 1 0
0 0 0 11370.38 2.59 20 10 1 1 0
0 0 0 3753.38 2.59 20 15 0 1 0
0 0 0 11229.65 2.59 20 16 0 1 0
0 0 0 4094.35 2.59 20 1 0 1 0
0 0 0 8260.41 2.59 20 12 0 1 0
0 0 0 9053.70 2.59 20 10 0 1 0
0 0 0 5159.02 2.59 20 8 0 1 0
0 0 0 8191.46 2.59 20 11 1 1 0
0 0 0 6807.93 2.59 20 1 1 1 0
0 0 0 9156.30 2.59 20 6 1 1 0
0 0 0 7016.42 2.59 20 1 1 1 0
0 0 0 7091.48 2.59 20 14 1 1 0
0 0 0 8482.21 2.59 20 13 1 1 0
0 0 0 5351.93 2.59 20 12 1 1 0
0 0 0 9666.07 2.59 20 10 1 1 0
0 0 0 7110.85 2.59 20 6 1 1 0
0 0 0 7109.01 2.59 20 9 1 1 0
0 0 0 7084.93 2.59 20 21 0 1 0
0 0 0 7133.11 2.59 20 24 0 1 0
0 0 0 6924.70 2.59 20 8 0 1 0
0 0 0 7823.10 2.59 20 13 0 1 0
0 0 0 9634.90 2.59 20 15 0 1 0
0 0 0 6163.64 2.59 20 14 0 1 0
0 0 0 8660.91 2.59 20 4 0 1 0
0 0 0 6304.09 2.59 20 10 0 1 0
0 0 0 9618.71 2.90 40 23 0 1 0
0 0 0 4876.85 2.90 40 7 0 1 0
0 0 0 7373.03 2.59 40 5 0 1 0
0 0 0 8951.60 2.59 40 14 0 1 0
0 0 0 5737.25 2.90 40 10 1 1 0
0 0 0 9455.07 2.90 40 10 1 1 0
0 0 0 6017.70 2.59 20 17 1 1 0
0 0 0 7544.05 2.59 20 18 1 1 0
0 0 0 7145.45 2.59 20 1 1 1 0
0 0 0 9173.96 2.59 20 9 1 1 0
0 0 0 6636.39 2.90 40 11 0 1 0
0 0 0 8160.00 2.59 40 17 0 1 0
0 0 0 7032.77 2.59 40 8 0 1 0
0 0 0 6844.29 2.59 40 5 0 1 0
0 0 0 10236.10 2.90 40 21 1 1 0
0 0 0 4663.68 2.59 40 10 1 1 0
0 0 0 7507.59 2.59 40 13 1 1 0
0 0 0 9265.26 2.90 40 2 1 1 0
0 0 0 5599.67 2.90 40 23 0 1 0
0 0 0 8895.27 2.90 40 16 0 1 0
0 0 0 7979.42 2.90 40 23 1 1 0
0 0 0 6616.23 2.59 40 15 1 1 0
0 0 0 6028.98 2.59 40 14 1 1 0
#CONTAINERS_LOADED
4 1 1 7500.00 2.59 20 9 1 1 0
4 1 -1 7500.00 2.59 20 19 1 1 0
4 2 1 7500.00 2.59 20 13 1 1 0
4 2 -1 7500.00 2.59 20 22 1 1 0
4 3 1 7500.00 2.59 20 8 1 1 0
4 3 -1 7500.00 2.59 20 15 1 1 0
4 4 1 7500.00 2.59 20 2 1 1 0
4 4 -1 7500.00 2.59 20 6 1 1 0
4 5 1 7500.00 2.59 20 12 1 1 0
4 5 -1 7500.00 2.59 20 17 1 1 0
4 6 1 7500.00 2.59 20 12 0 1 0
4 6 -1 7500.00 2.59 20 3 0 1 0
4 7 1 7500.00 2.59 20 3 0 1 0
4 7 -1 7500.00 2.59 20 20 0 1 0
4 8 1 7500.00 2.59 20 8 0 1 0
4 8 -1 7500.00 2.59 20 11 0 1 0
5 1 1 7500.00 2.59 20 22 1 1 0
5 1 -1 7500.00 2.59 20 25 1 1 0
5 2 1 7500.00 2.59 20 6 1 1 0
5 2 -1 7500.00 2.59 20 11 1 1 0
5 3 1 7500.00 2.59 20 4 1 1 0
5 3 -1 7500.00 2.59 20 3 1 1 0
5 4 1 7500.00 2.59 20 7 1 1 0
5 4 -1 7500.00 2.59 20 11 1 1 0
5 5 1 7500.00 2.59 20 9 1 1 0
5 5 -1 7500.00 2.59 20 18 1 1 0
5 6 1 7500.00 2.59 20 12 0 1 0
5 6 -1 7500.00 2.59 20 8 0 1 0
5 7 1 7500.00 2.59 20 21 0 1 0
5 7 -1 7500.00 2.59 20 11 0 1 0
5 8 1 7500.00 2.59 20 13 0 1 0
5 8 -1 7500.00 2.59 20 4 0 1 0
6 1 1 7500.00 2.59 20 1 1 1 0
6 1 -1 7500.00 2.59 20 7 1 1 0
6 2 1 7500.00 2.59 20 8 1 1 0
6 2 -1 7500.00 2.59 20 5 1 1 0
6 3 1 7500.00 2.59 20 7 1 1 0
6 3 -1 7500.00 2.59 20 15 1 1 0
6 4 1 7500.00 2.59 20 4 1 1 0
6 4 -1 7500.00 2.59 20 3 1 1 0
6 5 1 7500.00 2.59 20 3 1 1 0
6 5 -1 7500.00 2.59 20 24 1 1 0
6 6 1 7500.00 2.59 20 16 0 1 0
6 6 -1 7500.00 2.59 20 14 0 1 0
6 7 1 7500.00 2.59 20 4 0 1 0
6 7 -1 7500.00 2.59 20 6 0 1 0
6 8 1 7500.00 2.59 20 24 0 1 0
6 8 -1 7500.00 2.59 20 5 0 1 0
7 1 1 7500.00 2.59 20 20 1 1 0
7 1 -1 7500.00 2.59 20 8 1 1 0
7 2 1 7500.00 2.59 20 5 1 1 0
7 2 -1 7500.00 2.59 20 23 1 1 0
7 3 1 7500.00 2.59 20 2 1 1 0
7 3 -1 7500.00 2.59 20 7 1 1 0
7 4 1 7500.00 2.59 20 10 1 1 0
7 4 -1 7500.00 2.59 20 17 1 1 0
7 5 1 7500.00 2.59 20 12 1 1 0
7 5 -1 7500.00 2.59 20 19 1 1 0
7 6 1 7500.00 2.59 20 9 0 1 0
7 6 -1 7500.00 2.59 20 3 0 1 0
7 7 1 7500.00 2.59 20 17 0 1 0
7 7 -1 7500.00 2.59 20 1 0 1 0
7 8 1 7500.00 2.59 20 6 0 1 0
7 8 -1 7500.00 2.59 20 2 0 1 0
8 1 1 7500.00 2.59 20 9 1 1 0
8 1 -1 7500.00 2.59 20 16 1 1 0
8 2 1 7500.00 2.59 20 4 1 1 0
8 2 -1 7500.00 2.59 20 7 1 1 0
8 3 1 7500.00 2.59 20 15 1 1 0
8 3 -1 7500.00 2.59 20 10 1 1 0
8 4 1 7500.00 2.59 20 2 1 1 0
8 4 -1 7500.00 2.59 20 16 1 1 0
#STACKS
105000.00 18.13 1
120000.00 20.72 1
120000.00 20.72 1
120000.00 20.72 1
120000.00 20.72 1
120000.00 20.72 1
120000.00 20.72 1
120000.00 20.72 1
120000.00 20.72 1
120000.00 20.72 1
105000.00 18.13 1
#CELLS
1 0 0 0 0 0 1
1 1 1 1 1 1 1
1 1 1 1 1 1 1
1 1 1 1 1 1 1
1 1 1 1 1 1 1
1 0 0 1 1 1 1
1 0 0 1 1 1 1
1 0 0 1 1 1 1
2 1 1 1 1 1 1
2 1 1 1 1 1 1
2 1 1 1 1 1 1
2 1 1 1 1 1 1
2 1 1 1 1 1 1
2 0 0 1 1 1 1
2 0 0 1 1 1 1
2 0 0 1 1 1 1
3 1 1 1 1 1 1
3 1 1 1 1 1 1
3 1 1 1 1 1 1
3 1 1 1 1 1 1
3 1 1 1 1 1 1
3 0 0 1 1 1 1
3 0 0 1 1 1 1
3 0 0 1 1 1 1
4 1 1 1 1 1 1
4 1 1 1 1 1 1
4 1 1 1 1 1 1
4 1 1 1 1 1 1
4 1 1 1 1 1 1
4 0 0 1 1 1 1
4 0 0 1 1 1 1
4 0 0 1 1 1 1
5 1 1 1 1 1 1
5 1 1 1 1 1 1
5 1 1 1 1 1 1
5 1 1 1 1 1 1
5 1 1 1 1 1 1
5 0 0 1 1 1 1
5 0 0 1 1 1 1
5 0 0 1 1 1 1
6 1 1 1 1 1 1
6 1 1 1 1 1 1
6 1 1 1 1 1 1
6 1 1 1 1 1 1
6 1 1 1 1 1 1
6 0 0 1 1 1 1
6 0 0 1 1 1 1
6 0 0 1 1 1 1
7 1 1 1 1 1 1
7 1 1 1 1 1 1
7 1 1 1 1 1 1
7 1 1 1 1 1 1
7 1 1 1 1 1 1
7 0 0 1 1 1 1
7 0 0 1 1 1 1
7 0 0 1 1 1 1
8 1 1 1 1 1 1
8 1 1 1 1 1 1
8 1 1 1 1 1 1
8 1 1 1 1 1 1
8 1 1 1 1 1 1
8 0 0 1 1 1 1
8 0 0 1 1 1 1
8 0 0 1 1 1 1
9 1 1 1 1 1 1
9 1 1 1 1 1 1
9 1 1 1 1 1 1
9 1 1 1 1 1 1
9 1 1 1 1 1 1
9 0 0 1 1 1 1
9 0 0 1 1 1 1
9 0 0 1 1 1 1
10 1 1 1 1 1 1
10 1 1 1 1 1 1
10 1 1 1 1 1 1
10 1 1 1 1 1 1
10 1 1 1 1 1 1
10 0 0 1 1 1 1
10 0 0 1 1 1 1
10 0 0 1 1 1 1
11 0 0 0 0 0 1
11 1 1 1 1 1 1
11 1 1 1 1 1 1
11 1 1 1 1 1 1
11 1 1 1 1 1 1
11 0 0 1 1 1 1
11 0 0 1 1 1 1
11 0 0 1 1 1 1
#INFO-GEN
Namespace(bayType=4, francisco=True, meanPort=5, seed=6927, stdPort=13.322726086521277, target40=23, targetCapacity=98, targetHC=40, targetIMO=4, targetPorts=26, targetReefer=87, targetRelease=44, targetWeight=77)
