26 14 42 7 56 1 8
#POD
1 3 4 5 6 7 8 9 10 11 12 13 14 15 16 17 18 19 20 21 22 23 25 26 28 29
#LOCATIONS
1
#CONTAINERS_TOLOAD
0 0 0 15382.27 2.59 20 19 0 1 0
0 0 0 16628.52 2.59 20 10 0 1 0
0 0 0 10426.17 2.59 20 3 0 1 0
0 0 0 17516.83 2.59 20 20 0 1 0
0 0 0 10130.97 2.59 20 28 0 1 0
0 0 0 12248.25 2.59 20 13 0 1 0
0 0 0 13736.34 2.59 20 3 0 1 0
0 0 0 17535.09 2.59 20 20 0 1 0
0 0 0 10682.90 2.59 20 11 0 1 1
0 0 0 15442.45 2.59 20 25 0 1 1
0 0 0 9221.83 2.59 20 1 0 1 1
0 0 0 16137.31 2.59 20 14 0 1 1
0 0 0 13112.71 2.59 20 5 0 1 0
0 0 0 9286.38 2.59 20 17 0 1 0
#CONTAINERS_LOADED
3 1 1 7500.00 2.59 20 17 1 1 0
3 1 -1 7500.00 2.59 20 3 0 1 0
3 2 1 7500.00 2.59 20 8 1 1 0
3 2 -1 7500.00 2.59 20 7 0 1 0
3 3 1 7500.00 2.59 20 15 1 1 0
3 3 -1 7500.00 2.59 20 4 0 1 0
3 4 1 7500.00 2.59 20 23 1 1 0
3 4 -1 7500.00 2.59 20 6 0 1 0
3 5 1 7500.00 2.59 20 1 1 1 0
3 5 -1 7500.00 2.59 20 12 0 1 0
3 6 1 7500.00 2.59 20 9 1 1 0
3 6 -1 7500.00 2.59 20 13 0 1 0
3 7 1 7500.00 2.59 20 13 1 1 0
3 7 -1 7500.00 2.59 20 17 0 1 0
3 8 1 7500.00 2.59 20 5 0 1 0
3 8 -1 7500.00 2.59 20 20 0 1 0
4 1 1 7500.00 2.59 20 25 1 1 0
4 1 -1 7500.00 2.59 20 4 0 1 0
4 2 1 7500.00 2.59 20 25 1 1 0
4 2 -1 7500.00 2.59 20 12 0 1 0
4 3 1 7500.00 2.59 20 16 1 1 0
4 3 -1 7500.00 2.59 20 29 0 1 0
4 4 1 7500.00 2.59 20 21 1 1 0
4 4 -1 7500.00 2.59 20 29 0 1 0
4 5 1 7500.00 2.59 20 26 1 1 0
4 5 -1 7500.00 2.59 20 18 0 1 0
4 6 1 7500.00 2.59 20 21 1 1 0
4 6 -1 7500.00 2.59 20 14 0 1 0
4 7 1 7500.00 2.59 20 23 1 1 0
4 7 -1 7500.00 2.59 20 13 0 1 0
4 8 1 7500.00 2.59 20 1 0 1 0
4 8 -1 7500.00 2.59 20 20 0 1 0
5 1 1 7500.00 2.59 20 22 1 1 0
5 1 -1 7500.00 2.59 20 8 0 1 0
5 2 1 7500.00 2.59 20 5 1 1 0
5 2 -1 7500.00 2.59 20 21 0 1 0
5 3 1 7500.00 2.59 20 13 1 1 0
5 3 -1 7500.00 2.59 20 9 0 1 0
5 4 1 7500.00 2.59 20 22 1 1 4
5 4 -1 7500.00 2.59 20 6 0 1 4
5 5 1 7500.00 2.59 20 6 1 1 4
5 5 -1 7500.00 2.59 20 13 0 1 4
#STACKS
75000.00 12.95 1
90000.00 15.54 1
120000.00 20.72 1
120000.00 20.72 1
120000.00 20.72 1
90000.00 15.54 1
75000.00 12.95 1
#CELLS
1 0 0 0 0 0 1
1 0 0 0 0 0 1
1 0 0 0 0 0 1
1 0 0 1 1 1 1
1 0 0 1 1 1 1
1 0 0 1 1 1 1
1 0 0 1 1 1 1
1 0 0 1 1 1 1
2 0 0 0 0 0 1
2 0 0 0 0 0 1
2 0 0 1 1 1 1
2 0 0 1 1 1 1
2 0 0 1 1 1 1
2 0 0 1 1 1 1
2 0 0 1 1 1 1
2 0 0 1 1 1 1
3 0 1 1 1 1 1
3 0 1 1 1 1 1
3 0 1 1 1 1 1
3 0 1 1 1 1 1
3 0 1 1 1 1 1
3 0 1 1 1 1 1
3 0 1 1 1 1 1
3 0 0 1 1 1 1
4 0 1 1 1 1 1
4 0 1 1 1 1 1
4 0 1 1 1 1 1
4 0 1 1 1 1 1
4 0 1 1 1 1 1
4 0 1 1 1 1 1
4 0 1 1 1 1 1
4 0 0 1 1 1 1
5 0 1 1 1 1 1
5 0 1 1 1 1 1
5 0 1 1 1 1 1
5 0 1 1 1 1 1
5 0 1 1 1 1 1
5 0 1 1 1 1 1
5 0 1 1 1 1 1
5 0 0 1 1 1 1
6 0 0 0 0 0 1
6 0 0 0 0 0 1
6 0 0 1 1 1 1
6 0 0 1 1 1 1
6 0 0 1 1 1 1
6 0 0 1 1 1 1
6 0 0 1 1 1 1
6 0 0 1 1 1 1
7 0 0 0 0 0 1
7 0 0 0 0 0 1
7 0 0 0 0 0 1
7 0 0 1 1 1 1
7 0 0 1 1 1 1
7 0 0 1 1 1 1
7 0 0 1 1 1 1
7 0 0 1 1 1 1
#INFO-GEN
Namespace(bayType=2, francisco=True, meanPort=17, seed=1234, stdPort=19.80377748166358, target40=0, targetCapacity=63, targetHC=55, targetIMO=8, targetPorts=29, targetReefer=44, targetRelease=78, targetWeight=50)
