26 71 66 11 88 1 8
#POD
1 2 3 4 5 6 7 8 9 10 11 12 13 14 15 16 17 18 19 20 21 22 23 24 25 26
#LOCATIONS
1
#CONTAINERS_TOLOAD
0 0 0 10567.60 2.59 20 9 0 1 0
0 0 0 13444.59 2.59 20 2 0 1 0
0 0 0 4985.71 2.59 20 9 1 1 0
0 0 0 10502.16 2.59 20 13 1 1 0
0 0 0 10743.95 2.59 20 11 1 1 0
0 0 0 11821.07 2.59 20 6 1 1 0
0 0 0 5631.03 2.59 20 2 1 1 0
0 0 0 15647.00 2.59 20 4 1 1 0
0 0 0 3434.51 2.59 20 4 1 1 0
0 0 0 14720.38 2.59 20 9 1 1 0
0 0 0 4595.42 2.59 20 13 0 1 0
0 0 0 15725.57 2.59 20 16 0 1 0
0 0 0 3634.61 2.59 20 7 0 1 0
0 0 0 15623.18 2.59 20 2 0 1 0
0 0 0 3558.92 2.59 20 7 0 1 0
0 0 0 12768.51 2.59 20 18 0 1 0
0 0 0 7052.00 2.59 20 2 1 1 0
0 0 0 14590.10 2.59 20 3 1 1 0
0 0 0 4317.74 2.59 20 11 1 1 0
0 0 0 10017.78 2.59 20 7 1 1 0
0 0 0 10080.58 2.59 20 14 1 1 0
0 0 0 13672.04 2.59 20 8 1 1 0
0 0 0 5357.58 2.59 20 26 1 1 0
0 0 0 10125.29 2.59 20 22 1 1 0
0 0 0 13057.31 2.59 20 21 1 1 0
0 0 0 5273.01 2.59 20 22 1 1 0
0 0 0 9532.50 2.59 20 10 0 1 0
0 0 0 15256.45 2.59 20 3 0 1 0
0 0 0 3514.32 2.59 20 25 0 1 0
0 0 0 15330.51 2.59 20 12 0 1 0
0 0 0 4109.81 2.59 20 1 0 1 0
0 0 0 15123.19 2.59 20 6 0 1 0
0 0 0 4612.10 2.59 20 5 0 1 0
0 0 0 10749.16 2.59 20 10 0 1 0
0 0 0 11917.77 2.59 20 15 1 1 0
0 0 0 6180.47 2.59 20 16 1 1 0
0 0 0 10647.59 2.59 20 1 1 1 0
0 0 0 8609.50 2.59 20 12 1 1 0
0 0 0 12068.91 2.59 20 10 1 1 0
0 0 0 8916.63 2.59 20 8 1 1 0
0 0 0 9027.21 2.59 20 11 1 1 0
0 0 0 11075.91 2.59 20 1 1 1 0
0 0 0 6464.65 2.59 40 6 0 1 0
0 0 0 12819.86 2.59 20 1 0 1 0
0 0 0 9055.75 2.59 20 14 0 1 0
0 0 0 9053.03 2.59 20 13 0 1 0
0 0 0 9017.56 2.59 20 12 0 1 0
0 0 0 9088.53 2.59 20 10 0 1 0
0 0 0 8781.51 2.59 20 6 0 1 0
0 0 0 10104.96 2.59 20 9 1 1 0
0 0 0 12773.95 2.59 20 21 1 1 0
0 0 0 7660.39 2.59 20 24 1 1 0
0 0 0 11339.15 2.59 20 8 1 1 0
0 0 0 7867.29 2.59 20 13 1 1 0
0 0 0 12750.10 2.59 20 15 1 1 0
0 0 0 5764.81 2.90 40 14 0 1 0
0 0 0 9441.97 2.90 40 4 0 1 0
0 0 0 11767.37 2.90 40 10 0 1 0
0 0 0 7032.27 2.59 40 23 0 1 0
0 0 0 12509.04 2.90 40 7 1 1 0
0 0 0 7445.41 2.59 40 5 1 1 0
0 0 0 9693.89 2.59 40 14 1 1 0
0 0 0 9106.71 2.59 40 10 1 1 0
0 0 0 12094.92 2.59 40 10 0 1 0
0 0 0 8356.80 2.90 40 17 0 1 0
0 0 0 10601.26 2.90 40 18 0 1 0
0 0 0 8940.73 2.59 40 1 0 1 0
0 0 0 8663.06 2.59 40 9 1 1 0
0 0 0 13659.58 2.90 40 11 1 1 0
0 0 0 5450.78 2.59 40 17 1 1 0
0 0 0 8733.97 2.59 40 8 1 1 0
#CONTAINERS_LOADED
4 1 1 7500.00 2.59 20 5 1 1 0
4 1 -1 7500.00 2.59 20 21 1 1 0
4 2 1 7500.00 2.59 20 10 1 1 0
4 2 -1 7500.00 2.59 20 13 1 1 0
4 3 1 7500.00 2.59 20 2 1 1 0
4 3 -1 7500.00 2.59 20 23 1 1 0
4 4 1 7500.00 2.59 20 16 1 1 0
4 4 -1 7500.00 2.59 20 23 1 1 0
4 5 1 7500.00 2.59 20 15 1 1 0
4 5 -1 7500.00 2.59 20 14 1 1 0
4 6 1 7500.00 2.59 20 9 0 1 0
4 6 -1 7500.00 2.59 20 19 0 1 0
4 7 1 7500.00 2.59 20 13 0 1 0
4 7 -1 7500.00 2.59 20 22 0 1 0
4 8 1 7500.00 2.59 20 8 0 1 0
4 8 -1 7500.00 2.59 20 15 0 1 0
5 1 1 7500.00 2.59 20 2 1 1 0
5 1 -1 7500.00 2.59 20 6 1 1 0
5 2 1 7500.00 2.59 20 12 1 1 0
5 2 -1 7500.00 2.59 20 17 1 1 0
5 3 1 7500.00 2.59 20 12 1 1 0
5 3 -1 7500.00 2.59 20 3 1 1 0
5 4 1 7500.00 2.59 20 3 1 1 0
5 4 -1 7500.00 2.59 20 20 1 1 0
5 5 1 7500.00 2.59 20 8 1 1 0
5 5 -1 7500.00 2.59 20 11 1 1 0
5 6 1 7500.00 2.59 20 22 0 1 0
5 6 -1 7500.00 2.59 20 25 0 1 0
5 7 1 7500.00 2.59 20 6 0 1 0
5 7 -1 7500.00 2.59 20 11 0 1 0
5 8 1 7500.00 2.59 20 4 0 1 0
5 8 -1 7500.00 2.59 20 3 0 1 0
6 1 1 7500.00 2.59 20 7 1 1 0
6 1 -1 7500.00 2.59 20 11 1 1 0
6 2 1 7500.00 2.59 20 9 1 1 0
6 2 -1 7500.00 2.59 20 18 1 1 0
6 3 1 7500.00 2.59 20 12 1 1 0
6 3 -1 7500.00 2.59 20 8 1 1 0
6 4 1 7500.00 2.59 20 21 1 1 0
6 4 -1 7500.00 2.59 20 11 1 1 0
6 5 1 7500.00 2.59 20 13 1 1 0
6 5 -1 7500.00 2.59 20 4 1 1 0
6 6 1 7500.00 2.59 20 1 0 1 0
6 6 -1 7500.00 2.59 20 7 0 1 0
6 7 1 7500.00 2.59 20 8 0 1 0
6 7 -1 7500.00 2.59 20 5 0 1 0
6 8 1 7500.00 2.59 20 7 0 1 0
6 8 -1 7500.00 2.59 20 15 0 1 0
7 1 1 7500.00 2.59 20 4 1 1 0
7 1 -1 7500.00 2.59 20 3 1 1 0
7 2 1 7500.00 2.59 20 3 1 1 0
7 2 -1 7500.00 2.59 20 24 1 1 0
7 3 1 7500.00 2.59 20 16 1 1 0
7 3 -1 7500.00 2.59 20 14 1 1 0
7 4 1 7500.00 2.59 20 4 1 1 0
7 4 -1 7500.00 2.59 20 6 1 1 0
7 5 1 7500.00 2.59 20 24 1 1 0
7 5 -1 7500.00 2.59 20 5 1 1 0
7 6 1 7500.00 2.59 20 20 0 1 0
7 6 -1 7500.00 2.59 20 8 0 1 0
7 7 1 7500.00 2.59 20 5 0 1 0
7 7 -1 7500.00 2.59 20 23 0 1 0
7 8 1 7500.00 2.59 20 2 0 1 0
7 8 -1 7500.00 2.59 20 7 0 1 0
8 1 1 7500.00 2.59 20 10 1 1 0
8 1 -1 7500.00 2.59 20 17 1 1 0
#STACKS
105000.00 18.13 1
120000.00 20.72 1
120000.00 20.72 1
120000.00 20.72 1
120000.00 20.72 1
120000.00 20.72 1
120000.00 20.72 1
120000.00 20.72 1
120000.00 20.72 1
120000.00 20.72 1
105000.00 18.13 1
#CELLS
1 0 0 0 0 0 1
1 1 1 1 1 1 1
1 1 1 1 1 1 1
1 1 1 1 1 1 1
1 1 1 1 1 1 1
1 0 0 1 1 1 1
1 0 0 1 1 1 1
1 0 0 1 1 1 1
2 1 1 1 1 1 1
2 1 1 1 1 1 1
2 1 1 1 1 1 1
2 1 1 1 1 1 1
2 1 1 1 1 1 1
2 0 0 1 1 1 1
2 0 0 1 1 1 1
2 0 0 1 1 1 1
3 1 1 1 1 1 1
3 1 1 1 1 1 1
3 1 1 1 1 1 1
3 1 1 1 1 1 1
3 1 1 1 1 1 1
3 0 0 1 1 1 1
3 0 0 1 1 1 1
3 0 0 1 1 1 1
4 1 1 1 1 1 1
4 1 1 1 1 1 1
4 1 1 1 1 1 1
4 1 1 1 1 1 1
4 1 1 1 1 1 1
4 0 0 1 1 1 1
4 0 0 1 1 1 1
4 0 0 1 1 1 1
5 1 1 1 1 1 1
5 1 1 1 1 1 1
5 1 1 1 1 1 1
5 1 1 1 1 1 1
5 1 1 1 1 1 1
5 0 0 1 1 1 1
5 0 0 1 1 1 1
5 0 0 1 1 1 1
6 1 1 1 1 1 1
6 1 1 1 1 1 1
6 1 1 1 1 1 1
6 1 1 1 1 1 1
6 1 1 1 1 1 1
6 0 0 1 1 1 1
6 0 0 1 1 1 1
6 0 0 1 1 1 1
7 1 1 1 1 1 1
7 1 1 1 1 1 1
7 1 1 1 1 1 1
7 1 1 1 1 1 1
7 1 1 1 1 1 1
7 0 0 1 1 1 1
7 0 0 1 1 1 1
7 0 0 1 1 1 1
8 1 1 1 1 1 1
8 1 1 1 1 1 1
8 1 1 1 1 1 1
8 1 1 1 1 1 1
8 1 1 1 1 1 1
8 0 0 1 1 1 1
8 0 0 1 1 1 1
8 0 0 1 1 1 1
9 1 1 1 1 1 1
9 1 1 1 1 1 1
9 1 1 1 1 1 1
9 1 1 1 1 1 1
9 1 1 1 1 1 1
9 0 0 1 1 1 1
9 0 0 1 1 1 1
9 0 0 1 1 1 1
10 1 1 1 1 1 1
10 1 1 1 1 1 1
10 1 1 1 1 1 1
10 1 1 1 1 1 1
10 1 1 1 1 1 1
10 0 0 1 1 1 1
10 0 0 1 1 1 1
10 0 0 1 1 1 1
11 0 0 0 0 0 1
11 1 1 1 1 1 1
11 1 1 1 1 1 1
11 1 1 1 1 1 1
11 1 1 1 1 1 1
11 0 0 1 1 1 1
11 0 0 1 1 1 1
11 0 0 1 1 1 1
#INFO-GEN
Namespace(bayType=4, francisco=True, meanPort=5, seed=6927, stdPort=13.322726086521277, target40=23, targetCapacity=90, targetHC=50, targetIMO=4, targetPorts=26, targetReefer=87, targetRelease=44, targetWeight=86)
