25 31 100 11 88 1 8
#POD
1 2 3 4 5 7 8 9 10 11 12 13 14 15 16 17 18 19 20 21 22 23 24 25 26
#LOCATIONS
1
#CONTAINERS_TOLOAD
0 0 0 20651.72 2.59 20 16 0 1 0
0 0 0 4949.85 2.59 20 18 0 1 0
0 0 0 19600.50 2.59 20 20 0 1 0
0 0 0 5162.54 2.59 20 9 0 1 0
0 0 0 12370.84 2.59 20 26 0 1 0
0 0 0 12832.18 2.59 20 8 0 1 0
0 0 0 17797.07 2.59 20 20 0 1 0
0 0 0 7683.18 2.59 20 22 0 1 0
0 0 0 16840.68 2.59 20 24 0 1 0
0 0 0 6613.35 2.59 20 17 0 1 0
0 0 0 17698.63 2.59 20 26 0 1 0
0 0 0 8186.01 2.59 20 8 0 1 0
0 0 0 13508.04 2.59 20 2 0 1 0
0 0 0 14538.24 2.59 20 22 0 1 0
0 0 0 10639.21 2.59 20 22 1 1 0
0 0 0 9146.32 2.59 20 21 1 1 0
0 0 0 12531.03 2.59 20 8 0 1 1
0 0 0 20142.81 2.59 20 22 0 1 1
0 0 0 4934.92 2.59 20 17 0 1 1
0 0 0 12196.61 2.59 20 18 0 1 1
0 0 0 14441.58 2.59 20 13 0 1 1
0 0 0 14585.59 2.59 20 9 0 1 1
0 0 0 8580.39 2.59 20 4 0 1 0
0 0 0 15687.17 2.59 20 13 0 1 0
0 0 0 12222.10 2.59 20 24 0 1 4
0 0 0 8838.67 2.59 20 20 0 1 4
0 0 0 19319.65 2.59 20 10 0 1 4
0 0 0 4978.92 2.59 20 20 0 1 4
0 0 0 18493.47 2.59 40 21 0 1 0
0 0 0 7241.74 2.59 20 23 1 1 0
0 0 0 10964.02 2.59 20 17 1 1 0
#CONTAINERS_LOADED
3 1 1 7500.00 2.59 20 26 1 1 3
3 1 -1 7500.00 2.59 20 24 1 1 3
3 2 1 7500.00 2.59 20 9 1 1 3
3 2 -1 7500.00 2.59 20 14 1 1 3
3 3 1 7500.00 2.59 20 5 1 1 0
3 3 -1 7500.00 2.59 20 15 1 1 0
3 4 1 7500.00 2.59 20 25 1 1 0
3 4 -1 7500.00 2.59 20 20 1 1 0
3 5 1 7500.00 2.59 20 10 1 1 4
3 5 -1 7500.00 2.59 20 23 1 1 4
3 6 1 7500.00 2.59 20 20 0 1 3
3 6 -1 7500.00 2.59 20 26 0 1 3
3 7 1 7500.00 2.59 20 18 0 1 3
3 7 -1 7500.00 2.59 20 15 0 1 3
3 8 1 7500.00 2.59 20 22 0 1 4
3 8 -1 7500.00 2.59 20 26 0 1 4
4 1 1 7500.00 2.59 20 26 1 1 0
4 1 -1 7500.00 2.59 20 7 1 1 0
4 2 1 7500.00 2.59 20 15 1 1 0
4 2 -1 7500.00 2.59 20 20 1 1 0
4 3 1 7500.00 2.59 20 23 1 1 0
4 3 -1 7500.00 2.59 20 23 1 1 0
4 4 1 7500.00 2.59 20 21 1 1 0
4 4 -1 7500.00 2.59 20 12 1 1 0
4 5 1 7500.00 2.59 20 24 1 1 0
4 5 -1 7500.00 2.59 20 21 1 1 0
4 6 1 7500.00 2.59 20 12 0 1 0
4 6 -1 7500.00 2.59 20 17 0 1 0
4 7 1 7500.00 2.59 20 9 0 1 0
4 7 -1 7500.00 2.59 20 25 0 1 0
4 8 1 7500.00 2.59 20 10 0 1 0
4 8 -1 7500.00 2.59 20 11 0 1 0
5 1 1 7500.00 2.59 20 22 1 1 1
5 1 -1 7500.00 2.59 20 19 1 1 1
5 2 1 7500.00 2.59 20 15 1 1 1
5 2 -1 7500.00 2.59 20 20 1 1 1
5 3 1 7500.00 2.59 20 21 1 1 0
5 3 -1 7500.00 2.59 20 7 1 1 0
5 4 1 7500.00 2.59 20 21 1 1 1
5 4 -1 7500.00 2.59 20 22 1 1 1
5 5 1 7500.00 2.59 20 23 1 1 0
5 5 -1 7500.00 2.59 20 19 1 1 0
5 6 1 7500.00 2.59 20 26 0 1 4
5 6 -1 7500.00 2.59 20 21 0 1 4
5 7 1 7500.00 2.59 20 24 0 1 1
5 7 -1 7500.00 2.59 20 17 0 1 1
5 8 1 7500.00 2.59 20 20 0 1 1
5 8 -1 7500.00 2.59 20 17 0 1 1
6 1 1 7500.00 2.59 20 24 1 1 0
6 1 -1 7500.00 2.59 20 14 1 1 0
6 2 1 7500.00 2.59 20 2 1 1 0
6 2 -1 7500.00 2.59 20 14 1 1 0
6 3 1 7500.00 2.59 20 11 1 1 0
6 3 -1 7500.00 2.59 20 10 1 1 0
6 4 1 7500.00 2.59 20 26 1 1 0
6 4 -1 7500.00 2.59 20 11 1 1 0
6 5 1 7500.00 2.59 20 11 1 1 0
6 5 -1 7500.00 2.59 20 25 1 1 0
6 6 1 7500.00 2.59 20 25 0 1 0
6 6 -1 7500.00 2.59 20 26 0 1 0
6 7 1 7500.00 2.59 20 13 0 1 0
6 7 -1 7500.00 2.59 20 19 0 1 0
6 8 1 7500.00 2.59 20 26 0 1 0
6 8 -1 7500.00 2.59 20 16 0 1 0
7 1 1 7500.00 2.59 20 16 1 1 1
7 1 -1 7500.00 2.59 20 16 1 1 1
7 2 1 7500.00 2.59 20 26 1 1 1
7 2 -1 7500.00 2.59 20 20 1 1 1
7 3 1 7500.00 2.59 20 13 1 1 1
7 3 -1 7500.00 2.59 20 22 1 1 1
7 4 1 7500.00 2.59 20 25 1 1 1
7 4 -1 7500.00 2.59 20 17 1 1 1
7 5 1 7500.00 2.59 20 22 1 1 4
7 5 -1 7500.00 2.59 20 22 1 1 4
7 6 1 7500.00 2.59 20 8 0 1 1
7 6 -1 7500.00 2.59 20 20 0 1 1
7 7 1 7500.00 2.59 20 12 0 1 1
7 7 -1 7500.00 2.59 20 10 0 1 1
7 8 1 7500.00 2.59 20 22 0 1 1
7 8 -1 7500.00 2.59 20 14 0 1 1
8 1 1 7500.00 2.59 20 13 1 1 0
8 1 -1 7500.00 2.59 20 13 1 1 0
8 2 1 7500.00 2.59 20 11 1 1 0
8 2 -1 7500.00 2.59 20 15 1 1 0
8 3 1 7500.00 2.59 20 1 1 1 0
8 3 -1 7500.00 2.59 20 14 1 1 0
8 4 1 7500.00 2.59 20 18 1 1 0
8 4 -1 7500.00 2.59 20 2 1 1 0
8 5 1 7500.00 2.59 20 26 1 1 0
8 5 -1 7500.00 2.59 20 3 1 1 0
8 6 1 7500.00 2.59 20 7 0 1 0
8 6 -1 7500.00 2.59 20 8 0 1 0
8 7 1 7500.00 2.59 20 9 0 1 0
8 7 -1 7500.00 2.59 20 11 0 1 0
8 8 1 7500.00 2.59 20 13 0 1 0
8 8 -1 7500.00 2.59 20 16 0 1 0
9 1 1 7500.00 2.59 20 14 1 1 4
9 1 -1 7500.00 2.59 20 17 1 1 4
9 2 1 7500.00 2.59 20 11 1 1 1
9 2 -1 7500.00 2.59 20 18 1 1 1
#STACKS
105000.00 18.13 1
120000.00 20.72 1
120000.00 20.72 1
120000.00 20.72 1
120000.00 20.72 1
120000.00 20.72 1
120000.00 20.72 1
120000.00 20.72 1
120000.00 20.72 1
120000.00 20.72 1
105000.00 18.13 1
#CELLS
1 0 0 0 0 0 1
1 1 1 1 1 1 1
1 1 1 1 1 1 1
1 1 1 1 1 1 1
1 1 1 1 1 1 1
1 0 0 1 1 1 1
1 0 0 1 1 1 1
1 0 0 1 1 1 1
2 1 1 1 1 1 1
2 1 1 1 1 1 1
2 1 1 1 1 1 1
2 1 1 1 1 1 1
2 1 1 1 1 1 1
2 0 0 1 1 1 1
2 0 0 1 1 1 1
2 0 0 1 1 1 1
3 1 1 1 1 1 1
3 1 1 1 1 1 1
3 1 1 1 1 1 1
3 1 1 1 1 1 1
3 1 1 1 1 1 1
3 0 0 1 1 1 1
3 0 0 1 1 1 1
3 0 0 1 1 1 1
4 1 1 1 1 1 1
4 1 1 1 1 1 1
4 1 1 1 1 1 1
4 1 1 1 1 1 1
4 1 1 1 1 1 1
4 0 0 1 1 1 1
4 0 0 1 1 1 1
4 0 0 1 1 1 1
5 1 1 1 1 1 1
5 1 1 1 1 1 1
5 1 1 1 1 1 1
5 1 1 1 1 1 1
5 1 1 1 1 1 1
5 0 0 1 1 1 1
5 0 0 1 1 1 1
5 0 0 1 1 1 1
6 1 1 1 1 1 1
6 1 1 1 1 1 1
6 1 1 1 1 1 1
6 1 1 1 1 1 1
6 1 1 1 1 1 1
6 0 0 1 1 1 1
6 0 0 1 1 1 1
6 0 0 1 1 1 1
7 1 1 1 1 1 1
7 1 1 1 1 1 1
7 1 1 1 1 1 1
7 1 1 1 1 1 1
7 1 1 1 1 1 1
7 0 0 1 1 1 1
7 0 0 1 1 1 1
7 0 0 1 1 1 1
8 1 1 1 1 1 1
8 1 1 1 1 1 1
8 1 1 1 1 1 1
8 1 1 1 1 1 1
8 1 1 1 1 1 1
8 0 0 1 1 1 1
8 0 0 1 1 1 1
8 0 0 1 1 1 1
9 1 1 1 1 1 1
9 1 1 1 1 1 1
9 1 1 1 1 1 1
9 1 1 1 1 1 1
9 1 1 1 1 1 1
9 0 0 1 1 1 1
9 0 0 1 1 1 1
9 0 0 1 1 1 1
10 1 1 1 1 1 1
10 1 1 1 1 1 1
10 1 1 1 1 1 1
10 1 1 1 1 1 1
10 1 1 1 1 1 1
10 0 0 1 1 1 1
10 0 0 1 1 1 1
10 0 0 1 1 1 1
11 0 0 0 0 0 1
11 1 1 1 1 1 1
11 1 1 1 1 1 1
11 1 1 1 1 1 1
11 1 1 1 1 1 1
11 0 0 1 1 1 1
11 0 0 1 1 1 1
11 0 0 1 1 1 1
#INFO-GEN
Namespace(bayType=4, francisco=True, meanPort=24, seed=4527, stdPort=13.556894137474838, target40=3, targetCapacity=77, targetHC=10, targetIMO=84, targetPorts=26, targetReefer=21, targetRelease=77, targetWeight=71)
