25 32 102 11 88 1 8
#POD
2 3 4 5 6 7 8 9 10 11 12 13 14 15 16 17 18 19 20 21 22 23 24 25 26
#LOCATIONS
1
#CONTAINERS_TOLOAD
0 0 0 23934.44 2.59 20 5 0 1 0
0 0 0 5312.47 2.59 20 14 0 1 0
0 0 0 22687.73 2.59 20 26 0 1 0
0 0 0 5564.71 2.59 20 8 0 1 0
0 0 0 14113.55 2.59 20 19 0 1 0
0 0 0 14660.69 2.59 20 2 0 1 0
0 0 0 20548.92 2.59 20 25 0 1 0
0 0 0 8554.12 2.59 20 10 0 1 0
0 0 0 19414.66 2.59 20 13 0 1 0
0 0 0 7285.33 2.59 20 24 0 1 0
0 0 0 20432.17 2.59 20 21 0 1 0
0 0 0 9150.46 2.59 20 26 0 1 0
0 0 0 15462.24 2.59 20 19 0 1 0
0 0 0 16684.04 2.59 20 22 0 1 0
0 0 0 12059.89 2.59 20 20 1 1 0
0 0 0 10289.36 2.59 20 20 1 1 0
0 0 0 14303.54 2.59 20 26 0 1 3
0 0 0 23330.89 2.59 20 13 0 1 3
0 0 0 5294.76 2.59 20 17 0 1 3
0 0 0 13906.92 2.59 20 19 0 1 3
0 0 0 16569.39 2.59 20 13 0 1 4
0 0 0 16740.19 2.59 20 13 0 1 4
0 0 0 9618.19 2.59 20 7 0 1 0
0 0 0 18046.63 2.59 20 17 0 1 0
0 0 0 13937.15 2.59 20 18 0 1 3
0 0 0 9924.50 2.59 20 12 0 1 3
0 0 0 22354.65 2.59 40 11 0 1 0
0 0 0 5346.94 2.90 40 24 0 1 0
0 0 0 21374.82 2.59 20 15 0 1 0
0 0 0 8030.58 2.59 20 19 0 1 0
0 0 0 16888.46 2.59 20 11 1 1 0
0 0 0 9665.64 2.59 20 4 1 1 0
#CONTAINERS_LOADED
3 1 1 7500.00 2.59 20 19 1 1 1
3 1 -1 7500.00 2.59 20 20 1 1 1
3 2 1 7500.00 2.59 20 22 1 1 1
3 2 -1 7500.00 2.59 20 6 1 1 1
3 3 1 7500.00 2.59 20 19 1 1 0
3 3 -1 7500.00 2.59 20 15 1 1 0
3 4 1 7500.00 2.59 20 13 1 1 1
3 4 -1 7500.00 2.59 20 25 1 1 1
3 5 1 7500.00 2.59 20 23 1 1 1
3 5 -1 7500.00 2.59 20 10 1 1 1
3 6 1 7500.00 2.59 20 25 0 1 1
3 6 -1 7500.00 2.59 20 8 0 1 1
3 7 1 7500.00 2.59 20 26 0 1 1
3 7 -1 7500.00 2.59 20 8 0 1 1
3 8 1 7500.00 2.59 20 24 0 1 1
3 8 -1 7500.00 2.59 20 6 0 1 1
4 1 1 7500.00 2.59 20 26 1 1 0
4 1 -1 7500.00 2.59 20 5 1 1 0
4 2 1 7500.00 2.59 20 26 1 1 0
4 2 -1 7500.00 2.59 20 24 1 1 0
4 3 1 7500.00 2.59 20 16 1 1 0
4 3 -1 7500.00 2.59 20 26 1 1 0
4 4 1 7500.00 2.59 20 20 1 1 0
4 4 -1 7500.00 2.59 20 26 1 1 0
4 5 1 7500.00 2.59 20 3 1 1 0
4 5 -1 7500.00 2.59 20 18 1 1 0
4 6 1 7500.00 2.59 20 23 0 1 0
4 6 -1 7500.00 2.59 20 17 0 1 0
4 7 1 7500.00 2.59 20 8 0 1 0
4 7 -1 7500.00 2.59 20 20 0 1 0
4 8 1 7500.00 2.59 20 26 0 1 0
4 8 -1 7500.00 2.59 20 10 0 1 0
5 1 1 7500.00 2.59 20 26 1 1 2
5 1 -1 7500.00 2.59 20 23 1 1 2
5 2 1 7500.00 2.59 20 19 1 1 0
5 2 -1 7500.00 2.59 20 22 1 1 0
5 3 1 7500.00 2.59 20 21 1 1 2
5 3 -1 7500.00 2.59 20 25 1 1 2
5 4 1 7500.00 2.59 20 18 1 1 2
5 4 -1 7500.00 2.59 20 5 1 1 2
5 5 1 7500.00 2.59 20 21 1 1 2
5 5 -1 7500.00 2.59 20 22 1 1 2
5 6 1 7500.00 2.59 20 19 0 1 0
5 6 -1 7500.00 2.59 20 13 0 1 0
5 7 1 7500.00 2.59 20 18 0 1 2
5 7 -1 7500.00 2.59 20 12 0 1 2
5 8 1 7500.00 2.59 20 8 0 1 2
5 8 -1 7500.00 2.59 20 24 0 1 2
6 1 1 7500.00 2.59 20 16 1 1 0
6 1 -1 7500.00 2.59 20 16 1 1 0
6 2 1 7500.00 2.59 20 4 1 1 0
6 2 -1 7500.00 2.59 20 10 1 1 0
6 3 1 7500.00 2.59 20 11 1 1 0
6 3 -1 7500.00 2.59 20 25 1 1 0
6 4 1 7500.00 2.59 20 9 1 1 0
6 4 -1 7500.00 2.59 20 6 1 1 0
6 5 1 7500.00 2.59 20 20 1 1 0
6 5 -1 7500.00 2.59 20 18 1 1 0
6 6 1 7500.00 2.59 20 16 0 1 0
6 6 -1 7500.00 2.59 20 26 0 1 0
6 7 1 7500.00 2.59 20 12 0 1 0
6 7 -1 7500.00 2.59 20 22 0 1 0
6 8 1 7500.00 2.59 20 15 0 1 0
6 8 -1 7500.00 2.59 20 9 0 1 0
7 1 1 7500.00 2.59 20 9 1 1 0
7 1 -1 7500.00 2.59 20 23 1 1 0
7 2 1 7500.00 2.59 20 18 1 1 1
7 2 -1 7500.00 2.59 20 10 1 1 1
7 3 1 7500.00 2.59 20 20 1 1 1
7 3 -1 7500.00 2.59 20 19 1 1 1
7 4 1 7500.00 2.59 20 18 1 1 1
7 4 -1 7500.00 2.59 20 11 1 1 1
7 5 1 7500.00 2.59 20 2 1 1 1
7 5 -1 7500.00 2.59 20 26 1 1 1
7 6 1 7500.00 2.59 20 22 0 1 1
7 6 -1 7500.00 2.59 20 17 0 1 1
7 7 1 7500.00 2.59 20 15 0 1 1
7 7 -1 7500.00 2.59 20 13 0 1 1
7 8 1 7500.00 2.59 20 10 0 1 4
7 8 -1 7500.00 2.59 20 14 0 1 4
8 1 1 7500.00 2.59 20 5 1 1 0
8 1 -1 7500.00 2.59 20 9 1 1 0
8 2 1 7500.00 2.59 20 11 1 1 0
8 2 -1 7500.00 2.59 20 24 1 1 0
8 3 1 7500.00 2.59 20 17 1 1 0
8 3 -1 7500.00 2.59 20 19 1 1 0
8 4 1 7500.00 2.59 20 13 1 1 0
8 4 -1 7500.00 2.59 20 13 1 1 0
8 5 1 7500.00 2.59 20 5 1 1 0
8 5 -1 7500.00 2.59 20 9 1 1 0
8 6 1 7500.00 2.59 20 11 0 1 0
8 6 -1 7500.00 2.59 20 16 0 1 0
8 7 1 7500.00 2.59 20 18 0 1 0
8 7 -1 7500.00 2.59 20 20 0 1 0
8 8 1 7500.00 2.59 20 20 0 1 0
8 8 -1 7500.00 2.59 20 14 0 1 0
9 1 1 7500.00 2.59 20 7 1 1 3
9 1 -1 7500.00 2.59 20 23 1 1 3
9 2 1 7500.00 2.59 20 19 1 1 4
9 2 -1 7500.00 2.59 20 14 1 1 4
9 3 1 7500.00 2.59 20 9 1 1 0
9 3 -1 7500.00 2.59 20 16 1 1 0
#STACKS
105000.00 18.13 1
120000.00 20.72 1
120000.00 20.72 1
120000.00 20.72 1
120000.00 20.72 1
120000.00 20.72 1
120000.00 20.72 1
120000.00 20.72 1
120000.00 20.72 1
120000.00 20.72 1
105000.00 18.13 1
#CELLS
1 0 0 0 0 0 1
1 1 1 1 1 1 1
1 1 1 1 1 1 1
1 1 1 1 1 1 1
1 1 1 1 1 1 1
1 0 0 1 1 1 1
1 0 0 1 1 1 1
1 0 0 1 1 1 1
2 1 1 1 1 1 1
2 1 1 1 1 1 1
2 1 1 1 1 1 1
2 1 1 1 1 1 1
2 1 1 1 1 1 1
2 0 0 1 1 1 1
2 0 0 1 1 1 1
2 0 0 1 1 1 1
3 1 1 1 1 1 1
3 1 1 1 1 1 1
3 1 1 1 1 1 1
3 1 1 1 1 1 1
3 1 1 1 1 1 1
3 0 0 1 1 1 1
3 0 0 1 1 1 1
3 0 0 1 1 1 1
4 1 1 1 1 1 1
4 1 1 1 1 1 1
4 1 1 1 1 1 1
4 1 1 1 1 1 1
4 1 1 1 1 1 1
4 0 0 1 1 1 1
4 0 0 1 1 1 1
4 0 0 1 1 1 1
5 1 1 1 1 1 1
5 1 1 1 1 1 1
5 1 1 1 1 1 1
5 1 1 1 1 1 1
5 1 1 1 1 1 1
5 0 0 1 1 1 1
5 0 0 1 1 1 1
5 0 0 1 1 1 1
6 1 1 1 1 1 1
6 1 1 1 1 1 1
6 1 1 1 1 1 1
6 1 1 1 1 1 1
6 1 1 1 1 1 1
6 0 0 1 1 1 1
6 0 0 1 1 1 1
6 0 0 1 1 1 1
7 1 1 1 1 1 1
7 1 1 1 1 1 1
7 1 1 1 1 1 1
7 1 1 1 1 1 1
7 1 1 1 1 1 1
7 0 0 1 1 1 1
7 0 0 1 1 1 1
7 0 0 1 1 1 1
8 1 1 1 1 1 1
8 1 1 1 1 1 1
8 1 1 1 1 1 1
8 1 1 1 1 1 1
8 1 1 1 1 1 1
8 0 0 1 1 1 1
8 0 0 1 1 1 1
8 0 0 1 1 1 1
9 1 1 1 1 1 1
9 1 1 1 1 1 1
9 1 1 1 1 1 1
9 1 1 1 1 1 1
9 1 1 1 1 1 1
9 0 0 1 1 1 1
9 0 0 1 1 1 1
9 0 0 1 1 1 1
10 1 1 1 1 1 1
10 1 1 1 1 1 1
10 1 1 1 1 1 1
10 1 1 1 1 1 1
10 1 1 1 1 1 1
10 0 0 1 1 1 1
10 0 0 1 1 1 1
10 0 0 1 1 1 1
11 0 0 0 0 0 1
11 1 1 1 1 1 1
11 1 1 1 1 1 1
11 1 1 1 1 1 1
11 1 1 1 1 1 1
11 0 0 1 1 1 1
11 0 0 1 1 1 1
11 0 0 1 1 1 1
#INFO-GEN
Namespace(bayType=4, francisco=True, meanPort=24, seed=4527, stdPort=13.556894137474838, target40=3, targetCapacity=80, targetHC=20, targetIMO=84, targetPorts=26, targetReefer=21, targetRelease=77, targetWeight=86)
