25 34 110 11 88 1 8
#POD
2 3 4 5 6 7 8 9 10 11 12 13 14 15 16 17 18 19 20 21 22 23 24 25 26
#LOCATIONS
1
#CONTAINERS_TOLOAD
0 0 0 17189.97 2.59 20 26 0 1 1
0 0 0 4567.46 2.59 20 8 0 1 1
0 0 0 16344.91 2.59 20 19 0 1 0
0 0 0 4738.43 2.59 20 2 0 1 0
0 0 0 10533.09 2.59 20 25 0 1 0
0 0 0 10903.95 2.59 20 10 0 1 0
0 0 0 14895.16 2.59 20 13 0 1 0
0 0 0 6764.74 2.59 20 24 0 1 0
0 0 0 14126.33 2.59 20 21 0 1 0
0 0 0 5904.72 2.59 20 26 0 1 0
0 0 0 14816.02 2.59 20 19 0 1 0
0 0 0 7168.96 2.59 20 22 0 1 0
0 0 0 11447.27 2.59 20 20 0 1 0
0 0 0 12275.43 2.59 20 20 0 1 0
0 0 0 9141.05 2.59 20 26 0 1 0
0 0 0 7940.94 2.59 20 13 0 1 0
0 0 0 10661.86 2.59 20 17 1 1 0
0 0 0 16780.86 2.59 20 19 1 1 0
0 0 0 4555.45 2.59 20 13 0 1 3
0 0 0 10393.03 2.59 20 13 0 1 3
0 0 0 12197.72 2.59 40 7 0 1 0
0 0 0 12313.49 2.90 40 17 0 1 0
0 0 0 7486.00 2.59 20 18 0 1 0
0 0 0 13199.04 2.59 20 12 0 1 0
0 0 0 10413.51 2.59 20 11 0 1 0
0 0 0 7693.63 2.59 20 24 0 1 0
0 0 0 16119.14 2.59 20 15 0 1 0
0 0 0 4590.83 2.59 20 19 0 1 0
0 0 0 15454.98 2.59 20 11 0 1 0
0 0 0 6409.87 2.59 20 4 0 1 0
0 0 0 12414.00 2.59 20 19 0 1 0
0 0 0 9206.63 2.59 20 20 0 1 0
0 0 0 10366.01 2.59 20 22 1 1 0
0 0 0 9005.52 2.59 20 6 1 1 0
#CONTAINERS_LOADED
3 1 1 7500.00 2.59 20 19 1 1 1
3 1 -1 7500.00 2.59 20 15 1 1 1
3 2 1 7500.00 2.59 20 13 1 1 1
3 2 -1 7500.00 2.59 20 25 1 1 1
3 3 1 7500.00 2.59 20 23 1 1 1
3 3 -1 7500.00 2.59 20 10 1 1 1
3 4 1 7500.00 2.59 20 25 1 1 1
3 4 -1 7500.00 2.59 20 8 1 1 1
3 5 1 7500.00 2.59 20 26 1 1 4
3 5 -1 7500.00 2.59 20 8 1 1 4
3 6 1 7500.00 2.59 20 24 0 1 1
3 6 -1 7500.00 2.59 20 6 0 1 1
3 7 1 7500.00 2.59 20 26 0 1 1
3 7 -1 7500.00 2.59 20 5 0 1 1
3 8 1 7500.00 2.59 20 26 0 1 0
3 8 -1 7500.00 2.59 20 24 0 1 0
4 1 1 7500.00 2.59 20 16 1 1 0
4 1 -1 7500.00 2.59 20 26 1 1 0
4 2 1 7500.00 2.59 20 20 1 1 0
4 2 -1 7500.00 2.59 20 26 1 1 0
4 3 1 7500.00 2.59 20 3 1 1 0
4 3 -1 7500.00 2.59 20 18 1 1 0
4 4 1 7500.00 2.59 20 23 1 1 0
4 4 -1 7500.00 2.59 20 17 1 1 0
4 5 1 7500.00 2.59 20 8 1 1 0
4 5 -1 7500.00 2.59 20 20 1 1 0
4 6 1 7500.00 2.59 20 26 0 1 0
4 6 -1 7500.00 2.59 20 10 0 1 0
4 7 1 7500.00 2.59 20 26 0 1 0
4 7 -1 7500.00 2.59 20 23 0 1 0
4 8 1 7500.00 2.59 20 19 0 1 0
4 8 -1 7500.00 2.59 20 22 0 1 0
5 1 1 7500.00 2.59 20 21 1 1 4
5 1 -1 7500.00 2.59 20 25 1 1 4
5 2 1 7500.00 2.59 20 18 1 1 0
5 2 -1 7500.00 2.59 20 5 1 1 0
5 3 1 7500.00 2.59 20 21 1 1 4
5 3 -1 7500.00 2.59 20 22 1 1 4
5 4 1 7500.00 2.59 20 19 1 1 4
5 4 -1 7500.00 2.59 20 13 1 1 4
5 5 1 7500.00 2.59 20 18 1 1 4
5 5 -1 7500.00 2.59 20 12 1 1 4
5 6 1 7500.00 2.59 20 8 0 1 1
5 6 -1 7500.00 2.59 20 24 0 1 1
5 7 1 7500.00 2.59 20 16 0 1 1
5 7 -1 7500.00 2.59 20 16 0 1 1
5 8 1 7500.00 2.59 20 4 0 1 1
5 8 -1 7500.00 2.59 20 10 0 1 1
6 1 1 7500.00 2.59 20 11 1 1 0
6 1 -1 7500.00 2.59 20 25 1 1 0
6 2 1 7500.00 2.59 20 9 1 1 0
6 2 -1 7500.00 2.59 20 6 1 1 0
6 3 1 7500.00 2.59 20 20 1 1 0
6 3 -1 7500.00 2.59 20 18 1 1 0
6 4 1 7500.00 2.59 20 16 1 1 0
6 4 -1 7500.00 2.59 20 26 1 1 0
6 5 1 7500.00 2.59 20 12 1 1 0
6 5 -1 7500.00 2.59 20 22 1 1 0
6 6 1 7500.00 2.59 20 15 0 1 0
6 6 -1 7500.00 2.59 20 9 0 1 0
6 7 1 7500.00 2.59 20 9 0 1 0
6 7 -1 7500.00 2.59 20 23 0 1 0
6 8 1 7500.00 2.59 20 18 0 1 0
6 8 -1 7500.00 2.59 20 10 0 1 0
7 1 1 7500.00 2.59 20 20 1 1 1
7 1 -1 7500.00 2.59 20 19 1 1 1
7 2 1 7500.00 2.59 20 18 1 1 1
7 2 -1 7500.00 2.59 20 11 1 1 1
7 3 1 7500.00 2.59 20 2 1 1 4
7 3 -1 7500.00 2.59 20 26 1 1 4
7 4 1 7500.00 2.59 20 22 1 1 1
7 4 -1 7500.00 2.59 20 17 1 1 1
7 5 1 7500.00 2.59 20 15 1 1 4
7 5 -1 7500.00 2.59 20 13 1 1 4
7 6 1 7500.00 2.59 20 10 0 1 1
7 6 -1 7500.00 2.59 20 14 0 1 1
7 7 1 7500.00 2.59 20 5 0 1 1
7 7 -1 7500.00 2.59 20 9 0 1 1
7 8 1 7500.00 2.59 20 11 0 1 1
7 8 -1 7500.00 2.59 20 24 0 1 1
8 1 1 7500.00 2.59 20 17 1 1 0
8 1 -1 7500.00 2.59 20 19 1 1 0
8 2 1 7500.00 2.59 20 13 1 1 0
8 2 -1 7500.00 2.59 20 13 1 1 0
8 3 1 7500.00 2.59 20 5 1 1 0
8 3 -1 7500.00 2.59 20 9 1 1 0
8 4 1 7500.00 2.59 20 11 1 1 0
8 4 -1 7500.00 2.59 20 16 1 1 0
8 5 1 7500.00 2.59 20 18 1 1 0
8 5 -1 7500.00 2.59 20 20 1 1 0
8 6 1 7500.00 2.59 20 20 0 1 0
8 6 -1 7500.00 2.59 20 14 0 1 0
8 7 1 7500.00 2.59 20 7 0 1 0
8 7 -1 7500.00 2.59 20 23 0 1 0
8 8 1 7500.00 2.59 20 19 0 1 0
8 8 -1 7500.00 2.59 20 14 0 1 0
9 1 1 7500.00 2.59 20 9 1 1 4
9 1 -1 7500.00 2.59 20 16 1 1 4
9 2 1 7500.00 2.59 20 22 1 1 4
9 2 -1 7500.00 2.59 20 23 1 1 4
9 3 1 7500.00 2.59 20 22 1 1 3
9 3 -1 7500.00 2.59 20 19 1 1 3
9 4 1 7500.00 2.59 20 20 1 1 4
9 4 -1 7500.00 2.59 20 3 1 1 4
9 5 1 7500.00 2.59 20 14 1 1 4
9 5 -1 7500.00 2.59 20 23 1 1 4
9 6 1 7500.00 2.59 20 9 0 1 3
9 6 -1 7500.00 2.59 20 4 0 1 3
9 7 1 7500.00 2.59 20 20 0 1 4
9 7 -1 7500.00 2.59 20 16 0 1 4
#STACKS
105000.00 18.13 1
120000.00 20.72 1
120000.00 20.72 1
120000.00 20.72 1
120000.00 20.72 1
120000.00 20.72 1
120000.00 20.72 1
120000.00 20.72 1
120000.00 20.72 1
120000.00 20.72 1
105000.00 18.13 1
#CELLS
1 0 0 0 0 0 1
1 1 1 1 1 1 1
1 1 1 1 1 1 1
1 1 1 1 1 1 1
1 1 1 1 1 1 1
1 0 0 1 1 1 1
1 0 0 1 1 1 1
1 0 0 1 1 1 1
2 1 1 1 1 1 1
2 1 1 1 1 1 1
2 1 1 1 1 1 1
2 1 1 1 1 1 1
2 1 1 1 1 1 1
2 0 0 1 1 1 1
2 0 0 1 1 1 1
2 0 0 1 1 1 1
3 1 1 1 1 1 1
3 1 1 1 1 1 1
3 1 1 1 1 1 1
3 1 1 1 1 1 1
3 1 1 1 1 1 1
3 0 0 1 1 1 1
3 0 0 1 1 1 1
3 0 0 1 1 1 1
4 1 1 1 1 1 1
4 1 1 1 1 1 1
4 1 1 1 1 1 1
4 1 1 1 1 1 1
4 1 1 1 1 1 1
4 0 0 1 1 1 1
4 0 0 1 1 1 1
4 0 0 1 1 1 1
5 1 1 1 1 1 1
5 1 1 1 1 1 1
5 1 1 1 1 1 1
5 1 1 1 1 1 1
5 1 1 1 1 1 1
5 0 0 1 1 1 1
5 0 0 1 1 1 1
5 0 0 1 1 1 1
6 1 1 1 1 1 1
6 1 1 1 1 1 1
6 1 1 1 1 1 1
6 1 1 1 1 1 1
6 1 1 1 1 1 1
6 0 0 1 1 1 1
6 0 0 1 1 1 1
6 0 0 1 1 1 1
7 1 1 1 1 1 1
7 1 1 1 1 1 1
7 1 1 1 1 1 1
7 1 1 1 1 1 1
7 1 1 1 1 1 1
7 0 0 1 1 1 1
7 0 0 1 1 1 1
7 0 0 1 1 1 1
8 1 1 1 1 1 1
8 1 1 1 1 1 1
8 1 1 1 1 1 1
8 1 1 1 1 1 1
8 1 1 1 1 1 1
8 0 0 1 1 1 1
8 0 0 1 1 1 1
8 0 0 1 1 1 1
9 1 1 1 1 1 1
9 1 1 1 1 1 1
9 1 1 1 1 1 1
9 1 1 1 1 1 1
9 1 1 1 1 1 1
9 0 0 1 1 1 1
9 0 0 1 1 1 1
9 0 0 1 1 1 1
10 1 1 1 1 1 1
10 1 1 1 1 1 1
10 1 1 1 1 1 1
10 1 1 1 1 1 1
10 1 1 1 1 1 1
10 0 0 1 1 1 1
10 0 0 1 1 1 1
10 0 0 1 1 1 1
11 0 0 0 0 0 1
11 1 1 1 1 1 1
11 1 1 1 1 1 1
11 1 1 1 1 1 1
11 1 1 1 1 1 1
11 0 0 1 1 1 1
11 0 0 1 1 1 1
11 0 0 1 1 1 1
#INFO-GEN
Namespace(bayType=4, francisco=True, meanPort=24, seed=4527, stdPort=13.556894137474838, target40=3, targetCapacity=85, targetHC=50, targetIMO=84, targetPorts=26, targetReefer=21, targetRelease=77, targetWeight=77)
