27 44 154 12 120 1 10
#POD
2 3 4 5 6 7 8 9 10 11 12 13 14 15 16 17 18 19 20 21 22 23 24 25 26 27 28
#LOCATIONS
1
#CONTAINERS_TOLOAD
0 0 0 11825.58 2.59 20 17 0 1 0
0 0 0 12713.86 2.59 20 27 0 1 0
0 0 0 8293.07 2.59 20 10 0 1 0
0 0 0 13347.01 2.59 20 27 0 1 0
0 0 0 8082.67 2.59 20 15 0 1 0
0 0 0 9591.78 2.59 20 20 0 1 0
0 0 0 10652.43 2.59 20 19 0 1 0
0 0 0 13360.03 2.59 20 6 0 1 0
0 0 0 8476.06 2.59 20 25 0 1 0
0 0 0 11868.48 2.59 20 16 0 1 0
0 0 0 7434.67 2.59 20 17 0 1 0
0 0 0 12363.75 2.59 20 13 0 1 0
0 0 0 10207.94 2.59 20 22 0 1 0
0 0 0 10674.06 2.59 20 21 0 1 0
0 0 0 8773.71 2.59 20 23 0 1 0
0 0 0 12128.17 2.59 20 23 0 1 0
0 0 0 9201.33 2.59 20 27 0 1 0
0 0 0 8404.82 2.59 20 17 0 1 0
0 0 0 16001.19 2.59 20 16 0 1 0
0 0 0 6274.67 2.59 20 7 0 1 0
0 0 0 11014.24 2.59 20 23 0 1 3
0 0 0 11504.23 2.59 20 26 0 1 3
0 0 0 7481.39 2.59 20 28 0 1 3
0 0 0 12708.89 2.59 20 11 0 1 3
0 0 0 12261.64 2.59 20 24 0 1 2
0 0 0 7849.01 2.59 20 23 0 1 2
0 0 0 10676.69 2.59 20 4 0 1 2
0 0 0 12345.47 2.59 20 14 0 1 2
0 0 0 7327.35 2.59 20 5 0 1 2
0 0 0 12982.24 2.59 20 19 0 1 2
0 0 0 10085.09 2.59 20 11 0 1 2
0 0 0 8906.26 2.59 20 17 0 1 2
0 0 0 13115.88 2.59 20 24 0 1 2
0 0 0 6321.90 2.59 20 20 0 1 2
0 0 0 14911.85 2.59 20 13 0 1 0
0 0 0 7235.21 2.59 20 17 0 1 0
0 0 0 9893.97 2.59 20 17 0 1 2
0 0 0 14875.33 2.59 20 10 0 1 2
0 0 0 5453.22 2.59 20 23 0 1 2
0 0 0 15706.26 2.59 20 27 0 1 2
0 0 0 4436.69 2.59 20 13 0 1 2
0 0 0 11675.99 2.59 20 28 0 1 2
0 0 0 9343.75 2.59 20 12 0 1 2
0 0 0 10120.17 2.59 20 8 0 1 2
#CONTAINERS_LOADED
3 1 1 7500.00 2.59 20 7 0 1 4
3 1 -1 7500.00 2.59 20 21 0 1 4
3 2 1 7500.00 2.59 20 4 0 1 0
3 2 -1 7500.00 2.59 20 28 0 1 0
3 3 1 7500.00 2.59 20 24 0 1 3
3 3 -1 7500.00 2.59 20 28 0 1 3
3 4 1 7500.00 2.59 20 2 0 1 0
3 4 -1 7500.00 2.59 20 8 0 1 0
3 5 1 7500.00 2.59 20 21 0 1 3
3 5 -1 7500.00 2.59 20 13 0 1 3
3 6 1 7500.00 2.59 20 26 0 1 0
3 6 -1 7500.00 2.59 20 19 0 1 0
3 7 1 7500.00 2.59 20 25 0 1 4
3 7 -1 7500.00 2.59 20 22 0 1 4
4 1 1 7500.00 2.59 20 23 1 1 0
4 1 -1 7500.00 2.59 20 3 1 1 0
4 2 1 7500.00 2.59 20 25 1 1 0
4 2 -1 7500.00 2.59 20 25 1 1 0
4 3 1 7500.00 2.59 20 17 1 1 0
4 3 -1 7500.00 2.59 20 27 1 1 0
4 4 1 7500.00 2.59 20 25 1 1 0
4 4 -1 7500.00 2.59 20 19 1 1 0
4 5 1 7500.00 2.59 20 16 1 1 0
4 5 -1 7500.00 2.59 20 22 1 1 0
4 6 1 7500.00 2.59 20 27 1 1 0
4 6 -1 7500.00 2.59 20 12 1 1 0
4 7 1 7500.00 2.59 20 17 1 1 0
4 7 -1 7500.00 2.59 20 26 1 1 0
4 8 1 7500.00 2.59 20 27 1 1 0
4 8 -1 7500.00 2.59 20 21 1 1 0
4 9 1 7500.00 2.59 20 2 1 1 0
4 9 -1 7500.00 2.59 20 15 1 1 0
4 10 1 7500.00 2.59 20 15 1 1 0
4 10 -1 7500.00 2.59 20 14 1 1 0
5 1 1 7500.00 2.59 20 24 1 1 3
5 1 -1 7500.00 2.59 20 23 1 1 3
5 2 1 7500.00 2.59 20 11 1 1 3
5 2 -1 7500.00 2.59 20 2 1 1 3
5 3 1 7500.00 2.59 20 12 1 1 0
5 3 -1 7500.00 2.59 20 21 1 1 0
5 4 1 7500.00 2.59 20 24 1 1 4
5 4 -1 7500.00 2.59 20 23 1 1 4
5 5 1 7500.00 2.59 20 28 1 1 0
5 5 -1 7500.00 2.59 20 19 1 1 0
5 6 1 7500.00 2.59 20 28 1 1 4
5 6 -1 7500.00 2.59 20 18 1 1 4
5 7 1 7500.00 2.59 20 9 1 1 0
5 7 -1 7500.00 2.59 20 8 1 1 0
5 8 1 7500.00 2.59 20 25 1 1 3
5 8 -1 7500.00 2.59 20 6 1 1 3
5 9 1 7500.00 2.59 20 28 1 1 4
5 9 -1 7500.00 2.59 20 19 1 1 4
5 10 1 7500.00 2.59 20 18 1 1 3
5 10 -1 7500.00 2.59 20 18 1 1 3
6 1 1 7500.00 2.59 20 25 1 1 0
6 1 -1 7500.00 2.59 20 6 1 1 0
6 2 1 7500.00 2.59 20 6 1 1 0
6 2 -1 7500.00 2.59 20 27 1 1 0
6 3 1 7500.00 2.59 20 11 1 1 0
6 3 -1 7500.00 2.59 20 12 1 1 0
6 4 1 7500.00 2.59 20 21 1 1 0
6 4 -1 7500.00 2.59 20 16 1 1 0
6 5 1 7500.00 2.59 20 26 1 1 0
6 5 -1 7500.00 2.59 20 19 1 1 0
6 6 1 7500.00 2.59 20 19 1 1 0
6 6 -1 7500.00 2.59 20 27 1 1 0
6 7 1 7500.00 2.59 20 14 1 1 0
6 7 -1 7500.00 2.59 20 22 1 1 0
6 8 1 7500.00 2.59 20 22 1 1 0
6 8 -1 7500.00 2.59 20 28 1 1 0
6 9 1 7500.00 2.59 20 22 1 1 0
6 9 -1 7500.00 2.59 20 28 1 1 0
6 10 1 7500.00 2.59 20 2 1 1 0
6 10 -1 7500.00 2.59 20 28 1 1 0
7 1 1 7500.00 2.59 20 21 1 1 2
7 1 -1 7500.00 2.59 20 15 1 1 2
7 2 1 7500.00 2.59 20 27 1 1 0
7 2 -1 7500.00 2.59 20 20 1 1 0
7 3 1 7500.00 2.59 20 26 1 1 2
7 3 -1 7500.00 2.59 20 28 1 1 2
7 4 1 7500.00 2.59 20 7 1 1 0
7 4 -1 7500.00 2.59 20 7 1 1 0
7 5 1 7500.00 2.59 20 16 1 1 2
7 5 -1 7500.00 2.59 20 17 1 1 2
7 6 1 7500.00 2.59 20 20 1 1 2
7 6 -1 7500.00 2.59 20 27 1 1 2
7 7 1 7500.00 2.59 20 18 1 1 0
7 7 -1 7500.00 2.59 20 2 1 1 0
7 8 1 7500.00 2.59 20 13 1 1 0
7 8 -1 7500.00 2.59 20 11 1 1 0
7 9 1 7500.00 2.59 20 27 1 1 2
7 9 -1 7500.00 2.59 20 28 1 1 2
7 10 1 7500.00 2.59 20 27 1 1 0
7 10 -1 7500.00 2.59 20 25 1 1 0
8 1 1 7500.00 2.59 20 25 1 1 0
8 1 -1 7500.00 2.59 20 23 1 1 0
8 2 1 7500.00 2.59 20 10 1 1 0
8 2 -1 7500.00 2.59 20 23 1 1 0
8 3 1 7500.00 2.59 20 27 1 1 0
8 3 -1 7500.00 2.59 20 9 1 1 0
8 4 1 7500.00 2.59 20 9 1 1 0
8 4 -1 7500.00 2.59 20 14 1 1 0
8 5 1 7500.00 2.59 20 26 1 1 0
8 5 -1 7500.00 2.59 20 24 1 1 0
8 6 1 7500.00 2.59 20 28 1 1 0
8 6 -1 7500.00 2.59 20 19 1 1 0
8 7 1 7500.00 2.59 20 26 1 1 0
8 7 -1 7500.00 2.59 20 25 1 1 0
8 8 1 7500.00 2.59 20 25 1 1 0
8 8 -1 7500.00 2.59 20 8 1 1 0
8 9 1 7500.00 2.59 20 23 1 1 0
8 9 -1 7500.00 2.59 20 14 1 1 0
8 10 1 7500.00 2.59 20 26 1 1 0
8 10 -1 7500.00 2.59 20 15 1 1 0
9 1 1 7500.00 2.59 20 8 1 1 0
9 1 -1 7500.00 2.59 20 12 1 1 0
9 2 1 7500.00 2.59 20 9 1 1 2
9 2 -1 7500.00 2.59 20 28 1 1 2
9 3 1 7500.00 2.59 20 5 1 1 0
9 3 -1 7500.00 2.59 20 6 1 1 0
9 4 1 7500.00 2.59 20 28 1 1 2
9 4 -1 7500.00 2.59 20 16 1 1 2
9 5 1 7500.00 2.59 20 26 1 1 2
9 5 -1 7500.00 2.59 20 28 1 1 2
9 6 1 7500.00 2.59 20 9 1 1 2
9 6 -1 7500.00 2.59 20 22 1 1 2
9 7 1 7500.00 2.59 20 23 1 1 2
9 7 -1 7500.00 2.59 20 10 1 1 2
9 8 1 7500.00 2.59 20 10 1 1 2
9 8 -1 7500.00 2.59 20 25 1 1 2
9 9 1 7500.00 2.59 20 14 1 1 2
9 9 -1 7500.00 2.59 20 26 1 1 2
9 10 1 7500.00 2.59 20 21 1 1 2
9 10 -1 7500.00 2.59 20 20 1 1 2
10 1 1 7500.00 2.59 20 7 0 1 0
10 1 -1 7500.00 2.59 20 3 0 1 0
10 2 1 7500.00 2.59 20 24 0 1 0
10 2 -1 7500.00 2.59 20 22 0 1 0
10 3 1 7500.00 2.59 20 28 0 1 0
10 3 -1 7500.00 2.59 20 28 0 1 0
10 4 1 7500.00 2.59 20 27 0 1 0
10 4 -1 7500.00 2.59 20 26 0 1 0
10 5 1 7500.00 2.59 20 5 0 1 0
10 5 -1 7500.00 2.59 20 25 0 1 0
10 6 1 7500.00 2.59 20 19 0 1 0
10 6 -1 7500.00 2.59 20 22 0 1 0
10 7 1 7500.00 2.59 20 18 0 1 0
10 7 -1 7500.00 2.59 20 25 0 1 0
10 8 1 7500.00 2.59 20 18 0 1 0
10 8 -1 7500.00 2.59 20 9 0 1 0
10 9 1 7500.00 2.59 20 10 0 1 0
10 9 -1 7500.00 2.59 20 18 0 1 0
10 10 1 7500.00 2.59 20 15 0 1 0
10 10 -1 7500.00 2.59 20 19 0 1 0
#STACKS
150000.00 25.90 1
150000.00 25.90 1
150000.00 25.90 1
150000.00 25.90 1
150000.00 25.90 1
150000.00 25.90 1
150000.00 25.90 1
150000.00 25.90 1
150000.00 25.90 1
150000.00 25.90 1
150000.00 25.90 1
150000.00 25.90 1
#CELLS
1 0 0 1 1 1 1
1 0 0 1 1 1 1
1 0 0 1 1 1 1
1 0 0 1 1 1 1
1 0 0 1 1 1 1
1 0 0 1 1 1 1
1 0 0 1 1 1 1
1 0 0 1 1 1 1
1 0 0 1 1 1 1
1 0 0 1 1 1 1
2 0 0 1 1 1 1
2 0 0 1 1 1 1
2 0 0 1 1 1 1
2 0 0 1 1 1 1
2 0 0 1 1 1 1
2 0 0 1 1 1 1
2 0 0 1 1 1 1
2 0 0 1 1 1 1
2 0 0 1 1 1 1
2 0 0 1 1 1 1
3 0 0 1 1 1 1
3 0 0 1 1 1 1
3 0 0 1 1 1 1
3 0 0 1 1 1 1
3 0 0 1 1 1 1
3 0 0 1 1 1 1
3 0 0 1 1 1 1
3 0 0 1 1 1 1
3 0 0 1 1 1 1
3 0 0 1 1 1 1
4 1 1 1 1 1 1
4 1 1 1 1 1 1
4 1 1 1 1 1 1
4 1 1 1 1 1 1
4 1 1 1 1 1 1
4 1 1 1 1 1 1
4 1 1 1 1 1 1
4 1 1 1 1 1 1
4 1 1 1 1 1 1
4 1 1 1 1 1 1
5 1 1 1 1 1 1
5 1 1 1 1 1 1
5 1 1 1 1 1 1
5 1 1 1 1 1 1
5 1 1 1 1 1 1
5 1 1 1 1 1 1
5 1 1 1 1 1 1
5 1 1 1 1 1 1
5 1 1 1 1 1 1
5 1 1 1 1 1 1
6 1 1 1 1 1 1
6 1 1 1 1 1 1
6 1 1 1 1 1 1
6 1 1 1 1 1 1
6 1 1 1 1 1 1
6 1 1 1 1 1 1
6 1 1 1 1 1 1
6 1 1 1 1 1 1
6 1 1 1 1 1 1
6 1 1 1 1 1 1
7 1 1 1 1 1 1
7 1 1 1 1 1 1
7 1 1 1 1 1 1
7 1 1 1 1 1 1
7 1 1 1 1 1 1
7 1 1 1 1 1 1
7 1 1 1 1 1 1
7 1 1 1 1 1 1
7 1 1 1 1 1 1
7 1 1 1 1 1 1
8 1 1 1 1 1 1
8 1 1 1 1 1 1
8 1 1 1 1 1 1
8 1 1 1 1 1 1
8 1 1 1 1 1 1
8 1 1 1 1 1 1
8 1 1 1 1 1 1
8 1 1 1 1 1 1
8 1 1 1 1 1 1
8 1 1 1 1 1 1
9 1 1 1 1 1 1
9 1 1 1 1 1 1
9 1 1 1 1 1 1
9 1 1 1 1 1 1
9 1 1 1 1 1 1
9 1 1 1 1 1 1
9 1 1 1 1 1 1
9 1 1 1 1 1 1
9 1 1 1 1 1 1
9 1 1 1 1 1 1
10 0 0 1 1 1 1
10 0 0 1 1 1 1
10 0 0 1 1 1 1
10 0 0 1 1 1 1
10 0 0 1 1 1 1
10 0 0 1 1 1 1
10 0 0 1 1 1 1
10 0 0 1 1 1 1
10 0 0 1 1 1 1
10 0 0 1 1 1 1
11 0 0 1 1 1 1
11 0 0 1 1 1 1
11 0 0 1 1 1 1
11 0 0 1 1 1 1
11 0 0 1 1 1 1
11 0 0 1 1 1 1
11 0 0 1 1 1 1
11 0 0 1 1 1 1
11 0 0 1 1 1 1
11 0 0 1 1 1 1
12 0 0 1 1 1 1
12 0 0 1 1 1 1
12 0 0 1 1 1 1
12 0 0 1 1 1 1
12 0 0 1 1 1 1
12 0 0 1 1 1 1
12 0 0 1 1 1 1
12 0 0 1 1 1 1
12 0 0 1 1 1 1
12 0 0 1 1 1 1
#INFO-GEN
Namespace(bayType=5, francisco=True, meanPort=27, seed=1234, stdPort=16.720144472591628, target40=0, targetCapacity=83, targetHC=0, targetIMO=67, targetPorts=28, targetReefer=44, targetRelease=78, targetWeight=71)
