27 42 146 12 120 1 10
#POD
2 3 4 5 6 7 8 9 10 11 12 13 14 15 16 17 18 19 20 21 22 23 24 25 26 27 28
#LOCATIONS
1
#CONTAINERS_TOLOAD
0 0 0 13624.78 2.59 20 17 0 1 0
0 0 0 14694.14 2.59 20 27 0 1 0
0 0 0 9372.12 2.59 20 10 0 1 0
0 0 0 15456.37 2.59 20 27 0 1 0
0 0 0 9118.82 2.59 20 15 0 1 0
0 0 0 10935.59 2.59 20 20 0 1 0
0 0 0 12212.47 2.59 20 19 0 1 0
0 0 0 15472.03 2.59 20 6 0 1 0
0 0 0 9592.42 2.59 20 25 0 1 4
0 0 0 13676.41 2.59 20 16 0 1 4
0 0 0 8338.72 2.59 20 17 0 1 0
0 0 0 14272.65 2.59 20 13 0 1 0
0 0 0 11677.35 2.59 20 22 0 1 3
0 0 0 12238.51 2.59 20 21 0 1 3
0 0 0 9950.74 2.59 20 23 0 1 0
0 0 0 13989.05 2.59 20 23 0 1 0
0 0 0 10465.54 2.59 20 27 0 1 0
0 0 0 9506.65 2.59 20 17 0 1 0
0 0 0 18651.63 2.59 20 16 0 1 0
0 0 0 6942.25 2.59 20 7 0 1 0
0 0 0 12648.04 2.59 20 23 0 1 3
0 0 0 13237.92 2.59 20 26 0 1 3
0 0 0 8394.97 2.59 20 28 0 1 2
0 0 0 14688.15 2.59 20 11 0 1 2
0 0 0 14149.72 2.59 20 24 0 1 2
0 0 0 8837.54 2.59 20 23 0 1 2
0 0 0 12241.67 2.59 20 4 0 1 2
0 0 0 14250.65 2.59 20 14 0 1 2
0 0 0 8209.53 2.59 20 5 0 1 2
0 0 0 15017.23 2.59 20 19 0 1 2
0 0 0 11529.46 2.59 20 11 0 1 2
0 0 0 10110.32 2.59 20 17 0 1 2
0 0 0 15178.12 2.59 20 24 0 1 2
0 0 0 6999.11 2.59 20 20 0 1 2
0 0 0 17340.21 2.59 20 13 0 1 0
0 0 0 8098.60 2.59 20 17 0 1 0
0 0 0 11299.38 2.59 20 17 0 1 2
0 0 0 17296.25 2.59 20 10 0 1 2
0 0 0 5953.34 2.59 20 23 0 1 2
0 0 0 18296.57 2.59 20 27 0 1 2
0 0 0 4729.58 2.59 20 13 0 1 2
0 0 0 11819.39 2.59 20 28 0 1 2
#CONTAINERS_LOADED
3 1 1 7500.00 2.59 20 12 0 1 4
3 1 -1 7500.00 2.59 20 8 0 1 4
3 2 1 7500.00 2.59 20 7 0 1 3
3 2 -1 7500.00 2.59 20 21 0 1 3
3 3 1 7500.00 2.59 20 4 0 1 0
3 3 -1 7500.00 2.59 20 28 0 1 0
4 1 1 7500.00 2.59 20 24 1 1 0
4 1 -1 7500.00 2.59 20 28 1 1 0
4 2 1 7500.00 2.59 20 2 1 1 0
4 2 -1 7500.00 2.59 20 8 1 1 0
4 3 1 7500.00 2.59 20 21 1 1 0
4 3 -1 7500.00 2.59 20 13 1 1 0
4 4 1 7500.00 2.59 20 26 1 1 0
4 4 -1 7500.00 2.59 20 19 1 1 0
4 5 1 7500.00 2.59 20 25 1 1 0
4 5 -1 7500.00 2.59 20 22 1 1 0
4 6 1 7500.00 2.59 20 23 1 1 0
4 6 -1 7500.00 2.59 20 3 1 1 0
4 7 1 7500.00 2.59 20 25 1 1 0
4 7 -1 7500.00 2.59 20 25 1 1 0
4 8 1 7500.00 2.59 20 17 1 1 0
4 8 -1 7500.00 2.59 20 27 1 1 0
4 9 1 7500.00 2.59 20 25 1 1 0
4 9 -1 7500.00 2.59 20 19 1 1 0
4 10 1 7500.00 2.59 20 16 1 1 0
4 10 -1 7500.00 2.59 20 22 1 1 0
5 1 1 7500.00 2.59 20 27 1 1 3
5 1 -1 7500.00 2.59 20 12 1 1 3
5 2 1 7500.00 2.59 20 17 1 1 0
5 2 -1 7500.00 2.59 20 26 1 1 0
5 3 1 7500.00 2.59 20 27 1 1 4
5 3 -1 7500.00 2.59 20 21 1 1 4
5 4 1 7500.00 2.59 20 2 1 1 4
5 4 -1 7500.00 2.59 20 15 1 1 4
5 5 1 7500.00 2.59 20 15 1 1 3
5 5 -1 7500.00 2.59 20 14 1 1 3
5 6 1 7500.00 2.59 20 24 1 1 4
5 6 -1 7500.00 2.59 20 23 1 1 4
5 7 1 7500.00 2.59 20 11 1 1 4
5 7 -1 7500.00 2.59 20 2 1 1 4
5 8 1 7500.00 2.59 20 12 1 1 0
5 8 -1 7500.00 2.59 20 21 1 1 0
5 9 1 7500.00 2.59 20 24 1 1 4
5 9 -1 7500.00 2.59 20 23 1 1 4
5 10 1 7500.00 2.59 20 28 1 1 0
5 10 -1 7500.00 2.59 20 19 1 1 0
6 1 1 7500.00 2.59 20 28 1 1 0
6 1 -1 7500.00 2.59 20 18 1 1 0
6 2 1 7500.00 2.59 20 9 1 1 0
6 2 -1 7500.00 2.59 20 8 1 1 0
6 3 1 7500.00 2.59 20 25 1 1 0
6 3 -1 7500.00 2.59 20 6 1 1 0
6 4 1 7500.00 2.59 20 28 1 1 0
6 4 -1 7500.00 2.59 20 19 1 1 0
6 5 1 7500.00 2.59 20 18 1 1 0
6 5 -1 7500.00 2.59 20 18 1 1 0
6 6 1 7500.00 2.59 20 25 1 1 0
6 6 -1 7500.00 2.59 20 6 1 1 0
6 7 1 7500.00 2.59 20 6 1 1 0
6 7 -1 7500.00 2.59 20 27 1 1 0
6 8 1 7500.00 2.59 20 11 1 1 0
6 8 -1 7500.00 2.59 20 12 1 1 0
6 9 1 7500.00 2.59 20 21 1 1 0
6 9 -1 7500.00 2.59 20 16 1 1 0
6 10 1 7500.00 2.59 20 26 1 1 0
6 10 -1 7500.00 2.59 20 19 1 1 0
7 1 1 7500.00 2.59 20 19 1 1 0
7 1 -1 7500.00 2.59 20 27 1 1 0
7 2 1 7500.00 2.59 20 14 1 1 0
7 2 -1 7500.00 2.59 20 22 1 1 0
7 3 1 7500.00 2.59 20 22 1 1 2
7 3 -1 7500.00 2.59 20 28 1 1 2
7 4 1 7500.00 2.59 20 22 1 1 0
7 4 -1 7500.00 2.59 20 28 1 1 0
7 5 1 7500.00 2.59 20 2 1 1 2
7 5 -1 7500.00 2.59 20 28 1 1 2
7 6 1 7500.00 2.59 20 21 1 1 2
7 6 -1 7500.00 2.59 20 15 1 1 2
7 7 1 7500.00 2.59 20 27 1 1 0
7 7 -1 7500.00 2.59 20 20 1 1 0
7 8 1 7500.00 2.59 20 26 1 1 2
7 8 -1 7500.00 2.59 20 28 1 1 2
7 9 1 7500.00 2.59 20 7 1 1 0
7 9 -1 7500.00 2.59 20 7 1 1 0
7 10 1 7500.00 2.59 20 16 1 1 2
7 10 -1 7500.00 2.59 20 17 1 1 2
8 1 1 7500.00 2.59 20 20 1 1 0
8 1 -1 7500.00 2.59 20 27 1 1 0
8 2 1 7500.00 2.59 20 18 1 1 0
8 2 -1 7500.00 2.59 20 2 1 1 0
8 3 1 7500.00 2.59 20 13 1 1 0
8 3 -1 7500.00 2.59 20 11 1 1 0
8 4 1 7500.00 2.59 20 27 1 1 0
8 4 -1 7500.00 2.59 20 28 1 1 0
8 5 1 7500.00 2.59 20 27 1 1 0
8 5 -1 7500.00 2.59 20 25 1 1 0
8 6 1 7500.00 2.59 20 25 1 1 0
8 6 -1 7500.00 2.59 20 23 1 1 0
8 7 1 7500.00 2.59 20 10 1 1 0
8 7 -1 7500.00 2.59 20 23 1 1 0
8 8 1 7500.00 2.59 20 27 1 1 0
8 8 -1 7500.00 2.59 20 9 1 1 0
8 9 1 7500.00 2.59 20 9 1 1 0
8 9 -1 7500.00 2.59 20 14 1 1 0
8 10 1 7500.00 2.59 20 26 1 1 0
8 10 -1 7500.00 2.59 20 24 1 1 0
9 1 1 7500.00 2.59 20 28 1 1 2
9 1 -1 7500.00 2.59 20 19 1 1 2
9 2 1 7500.00 2.59 20 26 1 1 0
9 2 -1 7500.00 2.59 20 25 1 1 0
9 3 1 7500.00 2.59 20 25 1 1 2
9 3 -1 7500.00 2.59 20 8 1 1 2
9 4 1 7500.00 2.59 20 23 1 1 0
9 4 -1 7500.00 2.59 20 14 1 1 0
9 5 1 7500.00 2.59 20 26 1 1 0
9 5 -1 7500.00 2.59 20 15 1 1 0
9 6 1 7500.00 2.59 20 8 1 1 0
9 6 -1 7500.00 2.59 20 12 1 1 0
9 7 1 7500.00 2.59 20 9 1 1 2
9 7 -1 7500.00 2.59 20 28 1 1 2
9 8 1 7500.00 2.59 20 5 1 1 0
9 8 -1 7500.00 2.59 20 6 1 1 0
9 9 1 7500.00 2.59 20 28 1 1 2
9 9 -1 7500.00 2.59 20 16 1 1 2
9 10 1 7500.00 2.59 20 26 1 1 2
9 10 -1 7500.00 2.59 20 28 1 1 2
10 1 1 7500.00 2.59 20 9 0 1 0
10 1 -1 7500.00 2.59 20 22 0 1 0
10 2 1 7500.00 2.59 20 23 0 1 0
10 2 -1 7500.00 2.59 20 10 0 1 0
10 3 1 7500.00 2.59 20 10 0 1 0
10 3 -1 7500.00 2.59 20 25 0 1 0
10 4 1 7500.00 2.59 20 14 0 1 0
10 4 -1 7500.00 2.59 20 26 0 1 0
10 5 1 7500.00 2.59 20 21 0 1 0
10 5 -1 7500.00 2.59 20 20 0 1 0
10 6 1 7500.00 2.59 20 7 0 1 0
10 6 -1 7500.00 2.59 20 3 0 1 0
10 7 1 7500.00 2.59 20 24 0 1 0
10 7 -1 7500.00 2.59 20 22 0 1 0
10 8 1 7500.00 2.59 20 28 0 1 0
10 8 -1 7500.00 2.59 20 28 0 1 0
10 9 1 7500.00 2.59 20 27 0 1 0
10 9 -1 7500.00 2.59 20 26 0 1 0
10 10 1 7500.00 2.59 20 5 0 1 0
10 10 -1 7500.00 2.59 20 25 0 1 0
#STACKS
150000.00 25.90 1
150000.00 25.90 1
150000.00 25.90 1
150000.00 25.90 1
150000.00 25.90 1
150000.00 25.90 1
150000.00 25.90 1
150000.00 25.90 1
150000.00 25.90 1
150000.00 25.90 1
150000.00 25.90 1
150000.00 25.90 1
#CELLS
1 0 0 1 1 1 1
1 0 0 1 1 1 1
1 0 0 1 1 1 1
1 0 0 1 1 1 1
1 0 0 1 1 1 1
1 0 0 1 1 1 1
1 0 0 1 1 1 1
1 0 0 1 1 1 1
1 0 0 1 1 1 1
1 0 0 1 1 1 1
2 0 0 1 1 1 1
2 0 0 1 1 1 1
2 0 0 1 1 1 1
2 0 0 1 1 1 1
2 0 0 1 1 1 1
2 0 0 1 1 1 1
2 0 0 1 1 1 1
2 0 0 1 1 1 1
2 0 0 1 1 1 1
2 0 0 1 1 1 1
3 0 0 1 1 1 1
3 0 0 1 1 1 1
3 0 0 1 1 1 1
3 0 0 1 1 1 1
3 0 0 1 1 1 1
3 0 0 1 1 1 1
3 0 0 1 1 1 1
3 0 0 1 1 1 1
3 0 0 1 1 1 1
3 0 0 1 1 1 1
4 1 1 1 1 1 1
4 1 1 1 1 1 1
4 1 1 1 1 1 1
4 1 1 1 1 1 1
4 1 1 1 1 1 1
4 1 1 1 1 1 1
4 1 1 1 1 1 1
4 1 1 1 1 1 1
4 1 1 1 1 1 1
4 1 1 1 1 1 1
5 1 1 1 1 1 1
5 1 1 1 1 1 1
5 1 1 1 1 1 1
5 1 1 1 1 1 1
5 1 1 1 1 1 1
5 1 1 1 1 1 1
5 1 1 1 1 1 1
5 1 1 1 1 1 1
5 1 1 1 1 1 1
5 1 1 1 1 1 1
6 1 1 1 1 1 1
6 1 1 1 1 1 1
6 1 1 1 1 1 1
6 1 1 1 1 1 1
6 1 1 1 1 1 1
6 1 1 1 1 1 1
6 1 1 1 1 1 1
6 1 1 1 1 1 1
6 1 1 1 1 1 1
6 1 1 1 1 1 1
7 1 1 1 1 1 1
7 1 1 1 1 1 1
7 1 1 1 1 1 1
7 1 1 1 1 1 1
7 1 1 1 1 1 1
7 1 1 1 1 1 1
7 1 1 1 1 1 1
7 1 1 1 1 1 1
7 1 1 1 1 1 1
7 1 1 1 1 1 1
8 1 1 1 1 1 1
8 1 1 1 1 1 1
8 1 1 1 1 1 1
8 1 1 1 1 1 1
8 1 1 1 1 1 1
8 1 1 1 1 1 1
8 1 1 1 1 1 1
8 1 1 1 1 1 1
8 1 1 1 1 1 1
8 1 1 1 1 1 1
9 1 1 1 1 1 1
9 1 1 1 1 1 1
9 1 1 1 1 1 1
9 1 1 1 1 1 1
9 1 1 1 1 1 1
9 1 1 1 1 1 1
9 1 1 1 1 1 1
9 1 1 1 1 1 1
9 1 1 1 1 1 1
9 1 1 1 1 1 1
10 0 0 1 1 1 1
10 0 0 1 1 1 1
10 0 0 1 1 1 1
10 0 0 1 1 1 1
10 0 0 1 1 1 1
10 0 0 1 1 1 1
10 0 0 1 1 1 1
10 0 0 1 1 1 1
10 0 0 1 1 1 1
10 0 0 1 1 1 1
11 0 0 1 1 1 1
11 0 0 1 1 1 1
11 0 0 1 1 1 1
11 0 0 1 1 1 1
11 0 0 1 1 1 1
11 0 0 1 1 1 1
11 0 0 1 1 1 1
11 0 0 1 1 1 1
11 0 0 1 1 1 1
11 0 0 1 1 1 1
12 0 0 1 1 1 1
12 0 0 1 1 1 1
12 0 0 1 1 1 1
12 0 0 1 1 1 1
12 0 0 1 1 1 1
12 0 0 1 1 1 1
12 0 0 1 1 1 1
12 0 0 1 1 1 1
12 0 0 1 1 1 1
12 0 0 1 1 1 1
#INFO-GEN
Namespace(bayType=5, francisco=True, meanPort=27, seed=1234, stdPort=16.720144472591628, target40=0, targetCapacity=79, targetHC=10, targetIMO=67, targetPorts=28, targetReefer=44, targetRelease=78, targetWeight=71)
