27 48 168 12 120 1 10
#POD
2 3 4 5 6 7 8 9 10 11 12 13 14 15 16 17 18 19 20 21 22 23 24 25 26 27 28
#LOCATIONS
1
#CONTAINERS_TOLOAD
0 0 0 10685.30 2.59 20 10 0 1 0
0 0 0 11458.81 2.59 20 27 0 1 0
0 0 0 7609.20 2.59 20 15 0 1 0
0 0 0 12010.16 2.59 20 20 0 1 0
0 0 0 7425.97 2.59 20 19 0 1 0
0 0 0 8740.11 2.59 20 6 0 1 0
0 0 0 9663.72 2.59 20 25 0 1 0
0 0 0 12021.49 2.59 20 16 0 1 0
0 0 0 7768.54 2.59 20 17 0 1 0
0 0 0 10722.65 2.59 20 13 0 1 0
0 0 0 6861.70 2.59 20 22 0 1 0
0 0 0 11153.93 2.59 20 21 0 1 0
0 0 0 9276.66 2.59 20 23 0 1 0
0 0 0 9682.56 2.59 20 23 0 1 0
0 0 0 8027.73 2.59 20 27 0 1 0
0 0 0 10948.79 2.59 20 17 0 1 0
0 0 0 8400.10 2.59 20 16 0 1 0
0 0 0 7706.50 2.59 20 7 0 1 0
0 0 0 14321.41 2.59 20 23 0 1 0
0 0 0 5851.58 2.59 20 26 0 1 0
0 0 0 9978.79 2.59 20 28 0 1 1
0 0 0 10405.47 2.59 20 11 0 1 1
0 0 0 6902.38 2.59 20 24 0 1 1
0 0 0 11454.48 2.59 20 23 0 1 1
0 0 0 11065.01 2.59 20 4 0 1 4
0 0 0 7222.51 2.59 20 14 0 1 4
0 0 0 9684.85 2.59 20 5 0 1 0
0 0 0 11138.01 2.59 20 19 0 1 0
0 0 0 6768.25 2.59 20 11 0 1 4
0 0 0 11692.51 2.59 20 17 0 1 4
0 0 0 9169.68 2.59 20 24 0 1 0
0 0 0 8143.16 2.59 20 20 0 1 0
0 0 0 11808.89 2.59 20 13 0 1 0
0 0 0 5892.71 2.59 20 17 0 1 0
0 0 0 13372.81 2.59 20 17 0 1 0
0 0 0 6688.01 2.59 20 10 0 1 0
0 0 0 9003.25 2.59 20 23 0 1 0
0 0 0 13341.01 2.59 20 27 0 1 0
0 0 0 5136.26 2.59 20 13 0 1 0
0 0 0 14064.58 2.59 20 28 0 1 0
0 0 0 4251.07 2.59 20 12 0 1 0
0 0 0 10555.04 2.59 20 8 0 1 0
0 0 0 8524.13 2.59 20 7 0 1 0
0 0 0 13384.65 2.59 20 21 0 1 0
0 0 0 6612.75 2.59 20 4 0 1 0
0 0 0 10824.22 2.59 20 28 0 1 0
0 0 0 6890.15 2.59 20 24 0 1 0
0 0 0 9288.46 2.59 20 28 0 1 0
#CONTAINERS_LOADED
3 1 1 7500.00 2.59 20 2 0 1 1
3 1 -1 7500.00 2.59 20 8 0 1 1
3 2 1 7500.00 2.59 20 21 0 1 4
3 2 -1 7500.00 2.59 20 13 0 1 4
3 3 1 7500.00 2.59 20 26 0 1 1
3 3 -1 7500.00 2.59 20 19 0 1 1
3 4 1 7500.00 2.59 20 25 0 1 1
3 4 -1 7500.00 2.59 20 22 0 1 1
3 5 1 7500.00 2.59 20 23 0 1 4
3 5 -1 7500.00 2.59 20 3 0 1 4
3 6 1 7500.00 2.59 20 25 0 1 4
3 6 -1 7500.00 2.59 20 25 0 1 4
3 7 1 7500.00 2.59 20 17 0 1 1
3 7 -1 7500.00 2.59 20 27 0 1 1
3 8 1 7500.00 2.59 20 25 0 1 0
3 8 -1 7500.00 2.59 20 19 0 1 0
3 9 1 7500.00 2.59 20 16 0 1 0
3 9 -1 7500.00 2.59 20 22 0 1 0
3 10 1 7500.00 2.59 20 27 0 1 1
3 10 -1 7500.00 2.59 20 12 0 1 1
4 1 1 7500.00 2.59 20 17 1 1 0
4 1 -1 7500.00 2.59 20 26 1 1 0
4 2 1 7500.00 2.59 20 27 1 1 0
4 2 -1 7500.00 2.59 20 21 1 1 0
4 3 1 7500.00 2.59 20 2 1 1 0
4 3 -1 7500.00 2.59 20 15 1 1 0
4 4 1 7500.00 2.59 20 15 1 1 0
4 4 -1 7500.00 2.59 20 14 1 1 0
4 5 1 7500.00 2.59 20 24 1 1 0
4 5 -1 7500.00 2.59 20 23 1 1 0
4 6 1 7500.00 2.59 20 11 1 1 0
4 6 -1 7500.00 2.59 20 2 1 1 0
4 7 1 7500.00 2.59 20 12 1 1 0
4 7 -1 7500.00 2.59 20 21 1 1 0
4 8 1 7500.00 2.59 20 24 1 1 0
4 8 -1 7500.00 2.59 20 23 1 1 0
4 9 1 7500.00 2.59 20 28 1 1 0
4 9 -1 7500.00 2.59 20 19 1 1 0
4 10 1 7500.00 2.59 20 28 1 1 0
4 10 -1 7500.00 2.59 20 18 1 1 0
5 1 1 7500.00 2.59 20 9 1 1 3
5 1 -1 7500.00 2.59 20 8 1 1 3
5 2 1 7500.00 2.59 20 25 1 1 3
5 2 -1 7500.00 2.59 20 6 1 1 3
5 3 1 7500.00 2.59 20 28 1 1 4
5 3 -1 7500.00 2.59 20 19 1 1 4
5 4 1 7500.00 2.59 20 18 1 1 3
5 4 -1 7500.00 2.59 20 18 1 1 3
5 5 1 7500.00 2.59 20 25 1 1 4
5 5 -1 7500.00 2.59 20 6 1 1 4
5 6 1 7500.00 2.59 20 6 1 1 0
5 6 -1 7500.00 2.59 20 27 1 1 0
5 7 1 7500.00 2.59 20 11 1 1 0
5 7 -1 7500.00 2.59 20 12 1 1 0
5 8 1 7500.00 2.59 20 21 1 1 4
5 8 -1 7500.00 2.59 20 16 1 1 4
5 9 1 7500.00 2.59 20 26 1 1 0
5 9 -1 7500.00 2.59 20 19 1 1 0
5 10 1 7500.00 2.59 20 19 1 1 4
5 10 -1 7500.00 2.59 20 27 1 1 4
6 1 1 7500.00 2.59 20 14 1 1 0
6 1 -1 7500.00 2.59 20 22 1 1 0
6 2 1 7500.00 2.59 20 22 1 1 0
6 2 -1 7500.00 2.59 20 28 1 1 0
6 3 1 7500.00 2.59 20 22 1 1 0
6 3 -1 7500.00 2.59 20 28 1 1 0
6 4 1 7500.00 2.59 20 2 1 1 0
6 4 -1 7500.00 2.59 20 28 1 1 0
6 5 1 7500.00 2.59 20 21 1 1 0
6 5 -1 7500.00 2.59 20 15 1 1 0
6 6 1 7500.00 2.59 20 27 1 1 0
6 6 -1 7500.00 2.59 20 20 1 1 0
6 7 1 7500.00 2.59 20 26 1 1 0
6 7 -1 7500.00 2.59 20 28 1 1 0
6 8 1 7500.00 2.59 20 7 1 1 0
6 8 -1 7500.00 2.59 20 7 1 1 0
6 9 1 7500.00 2.59 20 16 1 1 0
6 9 -1 7500.00 2.59 20 17 1 1 0
6 10 1 7500.00 2.59 20 20 1 1 0
6 10 -1 7500.00 2.59 20 27 1 1 0
7 1 1 7500.00 2.59 20 18 1 1 0
7 1 -1 7500.00 2.59 20 2 1 1 0
7 2 1 7500.00 2.59 20 13 1 1 0
7 2 -1 7500.00 2.59 20 11 1 1 0
7 3 1 7500.00 2.59 20 27 1 1 2
7 3 -1 7500.00 2.59 20 28 1 1 2
7 4 1 7500.00 2.59 20 27 1 1 2
7 4 -1 7500.00 2.59 20 25 1 1 2
7 5 1 7500.00 2.59 20 25 1 1 2
7 5 -1 7500.00 2.59 20 23 1 1 2
7 6 1 7500.00 2.59 20 10 1 1 2
7 6 -1 7500.00 2.59 20 23 1 1 2
7 7 1 7500.00 2.59 20 27 1 1 0
7 7 -1 7500.00 2.59 20 9 1 1 0
7 8 1 7500.00 2.59 20 9 1 1 2
7 8 -1 7500.00 2.59 20 14 1 1 2
7 9 1 7500.00 2.59 20 26 1 1 0
7 9 -1 7500.00 2.59 20 24 1 1 0
7 10 1 7500.00 2.59 20 28 1 1 2
7 10 -1 7500.00 2.59 20 19 1 1 2
8 1 1 7500.00 2.59 20 26 1 1 0
8 1 -1 7500.00 2.59 20 25 1 1 0
8 2 1 7500.00 2.59 20 25 1 1 0
8 2 -1 7500.00 2.59 20 8 1 1 0
8 3 1 7500.00 2.59 20 23 1 1 0
8 3 -1 7500.00 2.59 20 14 1 1 0
8 4 1 7500.00 2.59 20 26 1 1 0
8 4 -1 7500.00 2.59 20 15 1 1 0
8 5 1 7500.00 2.59 20 8 1 1 0
8 5 -1 7500.00 2.59 20 12 1 1 0
8 6 1 7500.00 2.59 20 9 1 1 0
8 6 -1 7500.00 2.59 20 28 1 1 0
8 7 1 7500.00 2.59 20 5 1 1 0
8 7 -1 7500.00 2.59 20 6 1 1 0
8 8 1 7500.00 2.59 20 28 1 1 0
8 8 -1 7500.00 2.59 20 16 1 1 0
8 9 1 7500.00 2.59 20 26 1 1 0
8 9 -1 7500.00 2.59 20 28 1 1 0
8 10 1 7500.00 2.59 20 9 1 1 0
8 10 -1 7500.00 2.59 20 22 1 1 0
9 1 1 7500.00 2.59 20 23 1 1 1
9 1 -1 7500.00 2.59 20 10 1 1 1
9 2 1 7500.00 2.59 20 10 1 1 4
9 2 -1 7500.00 2.59 20 25 1 1 4
9 3 1 7500.00 2.59 20 14 1 1 0
9 3 -1 7500.00 2.59 20 26 1 1 0
9 4 1 7500.00 2.59 20 21 1 1 4
9 4 -1 7500.00 2.59 20 20 1 1 4
9 5 1 7500.00 2.59 20 7 1 1 4
9 5 -1 7500.00 2.59 20 3 1 1 4
9 6 1 7500.00 2.59 20 24 1 1 0
9 6 -1 7500.00 2.59 20 22 1 1 0
9 7 1 7500.00 2.59 20 28 1 1 0
9 7 -1 7500.00 2.59 20 28 1 1 0
9 8 1 7500.00 2.59 20 27 1 1 1
9 8 -1 7500.00 2.59 20 26 1 1 1
9 9 1 7500.00 2.59 20 5 1 1 0
9 9 -1 7500.00 2.59 20 25 1 1 0
9 10 1 7500.00 2.59 20 19 1 1 0
9 10 -1 7500.00 2.59 20 22 1 1 0
10 1 1 7500.00 2.59 20 18 0 1 0
10 1 -1 7500.00 2.59 20 25 0 1 0
10 2 1 7500.00 2.59 20 18 0 1 0
10 2 -1 7500.00 2.59 20 9 0 1 0
10 3 1 7500.00 2.59 20 10 0 1 0
10 3 -1 7500.00 2.59 20 18 0 1 0
10 4 1 7500.00 2.59 20 15 0 1 0
10 4 -1 7500.00 2.59 20 19 0 1 0
10 5 1 7500.00 2.59 20 21 0 1 0
10 5 -1 7500.00 2.59 20 6 0 1 0
10 6 1 7500.00 2.59 20 21 0 1 0
10 6 -1 7500.00 2.59 20 24 0 1 0
10 7 1 7500.00 2.59 20 24 0 1 0
10 7 -1 7500.00 2.59 20 10 0 1 0
10 8 1 7500.00 2.59 20 22 0 1 0
10 8 -1 7500.00 2.59 20 4 0 1 0
10 9 1 7500.00 2.59 20 20 0 1 0
10 9 -1 7500.00 2.59 20 19 0 1 0
10 10 1 7500.00 2.59 20 9 0 1 0
10 10 -1 7500.00 2.59 20 4 0 1 0
11 1 1 7500.00 2.59 20 25 0 1 0
11 1 -1 7500.00 2.59 20 15 0 1 0
11 2 1 7500.00 2.59 20 22 0 1 1
11 2 -1 7500.00 2.59 20 18 0 1 1
11 3 1 7500.00 2.59 20 21 0 1 4
11 3 -1 7500.00 2.59 20 19 0 1 4
11 4 1 7500.00 2.59 20 19 0 1 0
11 4 -1 7500.00 2.59 20 5 0 1 0
#STACKS
150000.00 25.90 1
150000.00 25.90 1
150000.00 25.90 1
150000.00 25.90 1
150000.00 25.90 1
150000.00 25.90 1
150000.00 25.90 1
150000.00 25.90 1
150000.00 25.90 1
150000.00 25.90 1
150000.00 25.90 1
150000.00 25.90 1
#CELLS
1 0 0 1 1 1 1
1 0 0 1 1 1 1
1 0 0 1 1 1 1
1 0 0 1 1 1 1
1 0 0 1 1 1 1
1 0 0 1 1 1 1
1 0 0 1 1 1 1
1 0 0 1 1 1 1
1 0 0 1 1 1 1
1 0 0 1 1 1 1
2 0 0 1 1 1 1
2 0 0 1 1 1 1
2 0 0 1 1 1 1
2 0 0 1 1 1 1
2 0 0 1 1 1 1
2 0 0 1 1 1 1
2 0 0 1 1 1 1
2 0 0 1 1 1 1
2 0 0 1 1 1 1
2 0 0 1 1 1 1
3 0 0 1 1 1 1
3 0 0 1 1 1 1
3 0 0 1 1 1 1
3 0 0 1 1 1 1
3 0 0 1 1 1 1
3 0 0 1 1 1 1
3 0 0 1 1 1 1
3 0 0 1 1 1 1
3 0 0 1 1 1 1
3 0 0 1 1 1 1
4 1 1 1 1 1 1
4 1 1 1 1 1 1
4 1 1 1 1 1 1
4 1 1 1 1 1 1
4 1 1 1 1 1 1
4 1 1 1 1 1 1
4 1 1 1 1 1 1
4 1 1 1 1 1 1
4 1 1 1 1 1 1
4 1 1 1 1 1 1
5 1 1 1 1 1 1
5 1 1 1 1 1 1
5 1 1 1 1 1 1
5 1 1 1 1 1 1
5 1 1 1 1 1 1
5 1 1 1 1 1 1
5 1 1 1 1 1 1
5 1 1 1 1 1 1
5 1 1 1 1 1 1
5 1 1 1 1 1 1
6 1 1 1 1 1 1
6 1 1 1 1 1 1
6 1 1 1 1 1 1
6 1 1 1 1 1 1
6 1 1 1 1 1 1
6 1 1 1 1 1 1
6 1 1 1 1 1 1
6 1 1 1 1 1 1
6 1 1 1 1 1 1
6 1 1 1 1 1 1
7 1 1 1 1 1 1
7 1 1 1 1 1 1
7 1 1 1 1 1 1
7 1 1 1 1 1 1
7 1 1 1 1 1 1
7 1 1 1 1 1 1
7 1 1 1 1 1 1
7 1 1 1 1 1 1
7 1 1 1 1 1 1
7 1 1 1 1 1 1
8 1 1 1 1 1 1
8 1 1 1 1 1 1
8 1 1 1 1 1 1
8 1 1 1 1 1 1
8 1 1 1 1 1 1
8 1 1 1 1 1 1
8 1 1 1 1 1 1
8 1 1 1 1 1 1
8 1 1 1 1 1 1
8 1 1 1 1 1 1
9 1 1 1 1 1 1
9 1 1 1 1 1 1
9 1 1 1 1 1 1
9 1 1 1 1 1 1
9 1 1 1 1 1 1
9 1 1 1 1 1 1
9 1 1 1 1 1 1
9 1 1 1 1 1 1
9 1 1 1 1 1 1
9 1 1 1 1 1 1
10 0 0 1 1 1 1
10 0 0 1 1 1 1
10 0 0 1 1 1 1
10 0 0 1 1 1 1
10 0 0 1 1 1 1
10 0 0 1 1 1 1
10 0 0 1 1 1 1
10 0 0 1 1 1 1
10 0 0 1 1 1 1
10 0 0 1 1 1 1
11 0 0 1 1 1 1
11 0 0 1 1 1 1
11 0 0 1 1 1 1
11 0 0 1 1 1 1
11 0 0 1 1 1 1
11 0 0 1 1 1 1
11 0 0 1 1 1 1
11 0 0 1 1 1 1
11 0 0 1 1 1 1
11 0 0 1 1 1 1
12 0 0 1 1 1 1
12 0 0 1 1 1 1
12 0 0 1 1 1 1
12 0 0 1 1 1 1
12 0 0 1 1 1 1
12 0 0 1 1 1 1
12 0 0 1 1 1 1
12 0 0 1 1 1 1
12 0 0 1 1 1 1
12 0 0 1 1 1 1
#INFO-GEN
Namespace(bayType=5, francisco=True, meanPort=27, seed=1234, stdPort=16.720144472591628, target40=0, targetCapacity=90, targetHC=40, targetIMO=67, targetPorts=28, targetReefer=44, targetRelease=78, targetWeight=84)
