27 50 174 12 120 1 10
#POD
2 3 4 5 6 7 8 9 10 11 12 13 14 15 16 17 18 19 20 21 22 23 24 25 26 27 28
#LOCATIONS
1
#CONTAINERS_TOLOAD
0 0 0 9334.12 2.59 20 10 0 1 2
0 0 0 9971.63 2.59 20 27 0 1 2
0 0 0 6798.84 2.59 20 15 0 1 2
0 0 0 10426.05 2.59 20 20 0 1 2
0 0 0 6647.83 2.59 20 19 0 1 0
0 0 0 7730.92 2.59 20 6 0 1 0
0 0 0 8492.15 2.59 20 25 0 1 0
0 0 0 10435.39 2.59 20 16 0 1 0
0 0 0 6930.17 2.59 20 17 0 1 0
0 0 0 9364.90 2.59 20 13 0 1 0
0 0 0 6182.76 2.59 20 22 0 1 0
0 0 0 9720.36 2.59 20 21 0 1 0
0 0 0 8173.13 2.59 20 23 0 1 0
0 0 0 8507.67 2.59 20 23 0 1 0
0 0 0 7143.79 2.59 20 27 0 1 0
0 0 0 9551.28 2.59 20 17 0 1 0
0 0 0 7450.69 2.59 20 16 0 1 0
0 0 0 6879.03 2.59 20 7 0 1 0
0 0 0 12330.95 2.59 20 23 0 1 0
0 0 0 5350.23 2.59 20 26 0 1 0
0 0 0 8751.82 2.59 20 28 0 1 0
0 0 0 9103.48 2.59 20 11 0 1 0
0 0 0 6216.29 2.59 20 24 0 1 0
0 0 0 9968.06 2.59 20 23 0 1 0
0 0 0 9647.07 2.59 20 4 0 1 0
0 0 0 6480.14 2.59 20 14 0 1 0
0 0 0 8509.56 2.59 20 5 0 1 4
0 0 0 9707.24 2.59 20 19 0 1 4
0 0 0 6105.74 2.59 20 11 0 1 3
0 0 0 10164.25 2.59 20 17 0 1 3
0 0 0 8084.96 2.59 20 24 0 1 0
0 0 0 7238.92 2.59 20 20 0 1 0
0 0 0 10260.16 2.59 20 13 0 1 0
0 0 0 5384.13 2.59 20 17 0 1 0
0 0 0 11549.13 2.59 20 17 0 1 0
0 0 0 6039.61 2.59 20 10 0 1 0
0 0 0 7947.80 2.59 20 23 0 1 0
0 0 0 11522.92 2.59 20 27 0 1 0
0 0 0 4760.68 2.59 20 13 0 1 0
0 0 0 12119.28 2.59 20 28 0 1 0
0 0 0 4031.11 2.59 20 12 0 1 0
0 0 0 9226.76 2.59 20 8 0 1 0
0 0 0 7552.91 2.59 20 7 0 1 0
0 0 0 11558.88 2.59 20 21 0 1 0
0 0 0 5977.58 2.59 20 4 0 1 0
0 0 0 9448.61 2.59 20 28 0 1 0
0 0 0 6206.21 2.59 20 24 0 1 0
0 0 0 11092.69 2.59 20 28 0 1 0
0 0 0 6199.41 2.59 20 2 0 1 0
0 0 0 7522.76 2.59 20 8 0 1 0
#CONTAINERS_LOADED
3 1 1 7500.00 2.59 20 21 0 1 4
3 1 -1 7500.00 2.59 20 13 0 1 4
3 2 1 7500.00 2.59 20 26 0 1 4
3 2 -1 7500.00 2.59 20 19 0 1 4
3 3 1 7500.00 2.59 20 25 0 1 1
3 3 -1 7500.00 2.59 20 22 0 1 1
3 4 1 7500.00 2.59 20 23 0 1 0
3 4 -1 7500.00 2.59 20 3 0 1 0
3 5 1 7500.00 2.59 20 25 0 1 0
3 5 -1 7500.00 2.59 20 25 0 1 0
3 6 1 7500.00 2.59 20 17 0 1 1
3 6 -1 7500.00 2.59 20 27 0 1 1
3 7 1 7500.00 2.59 20 25 0 1 4
3 7 -1 7500.00 2.59 20 19 0 1 4
3 8 1 7500.00 2.59 20 16 0 1 4
3 8 -1 7500.00 2.59 20 22 0 1 4
3 9 1 7500.00 2.59 20 27 0 1 1
3 9 -1 7500.00 2.59 20 12 0 1 1
3 10 1 7500.00 2.59 20 17 0 1 4
3 10 -1 7500.00 2.59 20 26 0 1 4
4 1 1 7500.00 2.59 20 27 1 1 0
4 1 -1 7500.00 2.59 20 21 1 1 0
4 2 1 7500.00 2.59 20 2 1 1 0
4 2 -1 7500.00 2.59 20 15 1 1 0
4 3 1 7500.00 2.59 20 15 1 1 0
4 3 -1 7500.00 2.59 20 14 1 1 0
4 4 1 7500.00 2.59 20 24 1 1 0
4 4 -1 7500.00 2.59 20 23 1 1 0
4 5 1 7500.00 2.59 20 11 1 1 0
4 5 -1 7500.00 2.59 20 2 1 1 0
4 6 1 7500.00 2.59 20 12 1 1 0
4 6 -1 7500.00 2.59 20 21 1 1 0
4 7 1 7500.00 2.59 20 24 1 1 0
4 7 -1 7500.00 2.59 20 23 1 1 0
4 8 1 7500.00 2.59 20 28 1 1 0
4 8 -1 7500.00 2.59 20 19 1 1 0
4 9 1 7500.00 2.59 20 28 1 1 0
4 9 -1 7500.00 2.59 20 18 1 1 0
4 10 1 7500.00 2.59 20 9 1 1 0
4 10 -1 7500.00 2.59 20 8 1 1 0
5 1 1 7500.00 2.59 20 25 1 1 4
5 1 -1 7500.00 2.59 20 6 1 1 4
5 2 1 7500.00 2.59 20 28 1 1 0
5 2 -1 7500.00 2.59 20 19 1 1 0
5 3 1 7500.00 2.59 20 18 1 1 0
5 3 -1 7500.00 2.59 20 18 1 1 0
5 4 1 7500.00 2.59 20 25 1 1 4
5 4 -1 7500.00 2.59 20 6 1 1 4
5 5 1 7500.00 2.59 20 6 1 1 0
5 5 -1 7500.00 2.59 20 27 1 1 0
5 6 1 7500.00 2.59 20 11 1 1 3
5 6 -1 7500.00 2.59 20 12 1 1 3
5 7 1 7500.00 2.59 20 21 1 1 3
5 7 -1 7500.00 2.59 20 16 1 1 3
5 8 1 7500.00 2.59 20 26 1 1 4
5 8 -1 7500.00 2.59 20 19 1 1 4
5 9 1 7500.00 2.59 20 19 1 1 3
5 9 -1 7500.00 2.59 20 27 1 1 3
5 10 1 7500.00 2.59 20 14 1 1 0
5 10 -1 7500.00 2.59 20 22 1 1 0
6 1 1 7500.00 2.59 20 22 1 1 0
6 1 -1 7500.00 2.59 20 28 1 1 0
6 2 1 7500.00 2.59 20 22 1 1 0
6 2 -1 7500.00 2.59 20 28 1 1 0
6 3 1 7500.00 2.59 20 2 1 1 0
6 3 -1 7500.00 2.59 20 28 1 1 0
6 4 1 7500.00 2.59 20 21 1 1 0
6 4 -1 7500.00 2.59 20 15 1 1 0
6 5 1 7500.00 2.59 20 27 1 1 0
6 5 -1 7500.00 2.59 20 20 1 1 0
6 6 1 7500.00 2.59 20 26 1 1 0
6 6 -1 7500.00 2.59 20 28 1 1 0
6 7 1 7500.00 2.59 20 7 1 1 0
6 7 -1 7500.00 2.59 20 7 1 1 0
6 8 1 7500.00 2.59 20 16 1 1 0
6 8 -1 7500.00 2.59 20 17 1 1 0
6 9 1 7500.00 2.59 20 20 1 1 0
6 9 -1 7500.00 2.59 20 27 1 1 0
6 10 1 7500.00 2.59 20 18 1 1 0
6 10 -1 7500.00 2.59 20 2 1 1 0
7 1 1 7500.00 2.59 20 13 1 1 4
7 1 -1 7500.00 2.59 20 11 1 1 4
7 2 1 7500.00 2.59 20 27 1 1 1
7 2 -1 7500.00 2.59 20 28 1 1 1
7 3 1 7500.00 2.59 20 27 1 1 0
7 3 -1 7500.00 2.59 20 25 1 1 0
7 4 1 7500.00 2.59 20 25 1 1 1
7 4 -1 7500.00 2.59 20 23 1 1 1
7 5 1 7500.00 2.59 20 10 1 1 0
7 5 -1 7500.00 2.59 20 23 1 1 0
7 6 1 7500.00 2.59 20 27 1 1 1
7 6 -1 7500.00 2.59 20 9 1 1 1
7 7 1 7500.00 2.59 20 9 1 1 1
7 7 -1 7500.00 2.59 20 14 1 1 1
7 8 1 7500.00 2.59 20 26 1 1 1
7 8 -1 7500.00 2.59 20 24 1 1 1
7 9 1 7500.00 2.59 20 28 1 1 4
7 9 -1 7500.00 2.59 20 19 1 1 4
7 10 1 7500.00 2.59 20 26 1 1 1
7 10 -1 7500.00 2.59 20 25 1 1 1
8 1 1 7500.00 2.59 20 25 1 1 0
8 1 -1 7500.00 2.59 20 8 1 1 0
8 2 1 7500.00 2.59 20 23 1 1 0
8 2 -1 7500.00 2.59 20 14 1 1 0
8 3 1 7500.00 2.59 20 26 1 1 0
8 3 -1 7500.00 2.59 20 15 1 1 0
8 4 1 7500.00 2.59 20 8 1 1 0
8 4 -1 7500.00 2.59 20 12 1 1 0
8 5 1 7500.00 2.59 20 9 1 1 0
8 5 -1 7500.00 2.59 20 28 1 1 0
8 6 1 7500.00 2.59 20 5 1 1 0
8 6 -1 7500.00 2.59 20 6 1 1 0
8 7 1 7500.00 2.59 20 28 1 1 0
8 7 -1 7500.00 2.59 20 16 1 1 0
8 8 1 7500.00 2.59 20 26 1 1 0
8 8 -1 7500.00 2.59 20 28 1 1 0
8 9 1 7500.00 2.59 20 9 1 1 0
8 9 -1 7500.00 2.59 20 22 1 1 0
8 10 1 7500.00 2.59 20 23 1 1 0
8 10 -1 7500.00 2.59 20 10 1 1 0
9 1 1 7500.00 2.59 20 10 1 1 1
9 1 -1 7500.00 2.59 20 25 1 1 1
9 2 1 7500.00 2.59 20 14 1 1 0
9 2 -1 7500.00 2.59 20 26 1 1 0
9 3 1 7500.00 2.59 20 21 1 1 0
9 3 -1 7500.00 2.59 20 20 1 1 0
9 4 1 7500.00 2.59 20 7 1 1 4
9 4 -1 7500.00 2.59 20 3 1 1 4
9 5 1 7500.00 2.59 20 24 1 1 0
9 5 -1 7500.00 2.59 20 22 1 1 0
9 6 1 7500.00 2.59 20 28 1 1 0
9 6 -1 7500.00 2.59 20 28 1 1 0
9 7 1 7500.00 2.59 20 27 1 1 1
9 7 -1 7500.00 2.59 20 26 1 1 1
9 8 1 7500.00 2.59 20 5 1 1 4
9 8 -1 7500.00 2.59 20 25 1 1 4
9 9 1 7500.00 2.59 20 19 1 1 1
9 9 -1 7500.00 2.59 20 22 1 1 1
9 10 1 7500.00 2.59 20 18 1 1 4
9 10 -1 7500.00 2.59 20 25 1 1 4
10 1 1 7500.00 2.59 20 18 0 1 0
10 1 -1 7500.00 2.59 20 9 0 1 0
10 2 1 7500.00 2.59 20 10 0 1 0
10 2 -1 7500.00 2.59 20 18 0 1 0
10 3 1 7500.00 2.59 20 15 0 1 0
10 3 -1 7500.00 2.59 20 19 0 1 0
10 4 1 7500.00 2.59 20 21 0 1 0
10 4 -1 7500.00 2.59 20 6 0 1 0
10 5 1 7500.00 2.59 20 21 0 1 0
10 5 -1 7500.00 2.59 20 24 0 1 0
10 6 1 7500.00 2.59 20 24 0 1 0
10 6 -1 7500.00 2.59 20 10 0 1 0
10 7 1 7500.00 2.59 20 22 0 1 0
10 7 -1 7500.00 2.59 20 4 0 1 0
10 8 1 7500.00 2.59 20 20 0 1 0
10 8 -1 7500.00 2.59 20 19 0 1 0
10 9 1 7500.00 2.59 20 9 0 1 0
10 9 -1 7500.00 2.59 20 4 0 1 0
10 10 1 7500.00 2.59 20 25 0 1 0
10 10 -1 7500.00 2.59 20 15 0 1 0
11 1 1 7500.00 2.59 20 22 0 1 4
11 1 -1 7500.00 2.59 20 18 0 1 4
11 2 1 7500.00 2.59 20 21 0 1 3
11 2 -1 7500.00 2.59 20 19 0 1 3
11 3 1 7500.00 2.59 20 19 0 1 0
11 3 -1 7500.00 2.59 20 5 0 1 0
11 4 1 7500.00 2.59 20 6 0 1 0
11 4 -1 7500.00 2.59 20 14 0 1 0
11 5 1 7500.00 2.59 20 23 0 1 0
11 5 -1 7500.00 2.59 20 13 0 1 0
11 6 1 7500.00 2.59 20 9 0 1 0
11 6 -1 7500.00 2.59 20 13 0 1 0
11 7 1 7500.00 2.59 20 6 0 1 4
11 7 -1 7500.00 2.59 20 26 0 1 4
#STACKS
150000.00 25.90 1
150000.00 25.90 1
150000.00 25.90 1
150000.00 25.90 1
150000.00 25.90 1
150000.00 25.90 1
150000.00 25.90 1
150000.00 25.90 1
150000.00 25.90 1
150000.00 25.90 1
150000.00 25.90 1
150000.00 25.90 1
#CELLS
1 0 0 1 1 1 1
1 0 0 1 1 1 1
1 0 0 1 1 1 1
1 0 0 1 1 1 1
1 0 0 1 1 1 1
1 0 0 1 1 1 1
1 0 0 1 1 1 1
1 0 0 1 1 1 1
1 0 0 1 1 1 1
1 0 0 1 1 1 1
2 0 0 1 1 1 1
2 0 0 1 1 1 1
2 0 0 1 1 1 1
2 0 0 1 1 1 1
2 0 0 1 1 1 1
2 0 0 1 1 1 1
2 0 0 1 1 1 1
2 0 0 1 1 1 1
2 0 0 1 1 1 1
2 0 0 1 1 1 1
3 0 0 1 1 1 1
3 0 0 1 1 1 1
3 0 0 1 1 1 1
3 0 0 1 1 1 1
3 0 0 1 1 1 1
3 0 0 1 1 1 1
3 0 0 1 1 1 1
3 0 0 1 1 1 1
3 0 0 1 1 1 1
3 0 0 1 1 1 1
4 1 1 1 1 1 1
4 1 1 1 1 1 1
4 1 1 1 1 1 1
4 1 1 1 1 1 1
4 1 1 1 1 1 1
4 1 1 1 1 1 1
4 1 1 1 1 1 1
4 1 1 1 1 1 1
4 1 1 1 1 1 1
4 1 1 1 1 1 1
5 1 1 1 1 1 1
5 1 1 1 1 1 1
5 1 1 1 1 1 1
5 1 1 1 1 1 1
5 1 1 1 1 1 1
5 1 1 1 1 1 1
5 1 1 1 1 1 1
5 1 1 1 1 1 1
5 1 1 1 1 1 1
5 1 1 1 1 1 1
6 1 1 1 1 1 1
6 1 1 1 1 1 1
6 1 1 1 1 1 1
6 1 1 1 1 1 1
6 1 1 1 1 1 1
6 1 1 1 1 1 1
6 1 1 1 1 1 1
6 1 1 1 1 1 1
6 1 1 1 1 1 1
6 1 1 1 1 1 1
7 1 1 1 1 1 1
7 1 1 1 1 1 1
7 1 1 1 1 1 1
7 1 1 1 1 1 1
7 1 1 1 1 1 1
7 1 1 1 1 1 1
7 1 1 1 1 1 1
7 1 1 1 1 1 1
7 1 1 1 1 1 1
7 1 1 1 1 1 1
8 1 1 1 1 1 1
8 1 1 1 1 1 1
8 1 1 1 1 1 1
8 1 1 1 1 1 1
8 1 1 1 1 1 1
8 1 1 1 1 1 1
8 1 1 1 1 1 1
8 1 1 1 1 1 1
8 1 1 1 1 1 1
8 1 1 1 1 1 1
9 1 1 1 1 1 1
9 1 1 1 1 1 1
9 1 1 1 1 1 1
9 1 1 1 1 1 1
9 1 1 1 1 1 1
9 1 1 1 1 1 1
9 1 1 1 1 1 1
9 1 1 1 1 1 1
9 1 1 1 1 1 1
9 1 1 1 1 1 1
10 0 0 1 1 1 1
10 0 0 1 1 1 1
10 0 0 1 1 1 1
10 0 0 1 1 1 1
10 0 0 1 1 1 1
10 0 0 1 1 1 1
10 0 0 1 1 1 1
10 0 0 1 1 1 1
10 0 0 1 1 1 1
10 0 0 1 1 1 1
11 0 0 1 1 1 1
11 0 0 1 1 1 1
11 0 0 1 1 1 1
11 0 0 1 1 1 1
11 0 0 1 1 1 1
11 0 0 1 1 1 1
11 0 0 1 1 1 1
11 0 0 1 1 1 1
11 0 0 1 1 1 1
11 0 0 1 1 1 1
12 0 0 1 1 1 1
12 0 0 1 1 1 1
12 0 0 1 1 1 1
12 0 0 1 1 1 1
12 0 0 1 1 1 1
12 0 0 1 1 1 1
12 0 0 1 1 1 1
12 0 0 1 1 1 1
12 0 0 1 1 1 1
12 0 0 1 1 1 1
#INFO-GEN
Namespace(bayType=5, francisco=True, meanPort=27, seed=1234, stdPort=16.720144472591628, target40=0, targetCapacity=94, targetHC=50, targetIMO=67, targetPorts=28, targetReefer=44, targetRelease=78, targetWeight=84)
