23 52 106 12 120 1 10
#POD
1 2 3 4 5 6 7 8 9 10 11 12 13 14 15 16 17 18 19 20 22 23 24
#LOCATIONS
1
#CONTAINERS_TOLOAD
0 0 0 22262.89 2.59 20 9 0 1 0
0 0 0 9119.76 2.59 20 15 0 1 0
0 0 0 13399.91 2.59 20 9 0 1 0
0 0 0 23829.83 2.59 20 15 0 1 0
0 0 0 6960.14 2.59 20 12 0 1 0
0 0 0 20820.88 2.59 20 13 0 1 0
0 0 0 7083.48 2.59 20 18 0 1 0
0 0 0 17797.93 2.59 20 2 0 1 0
0 0 0 13496.60 2.59 20 6 0 1 0
0 0 0 14486.74 2.59 20 4 0 1 0
0 0 0 14858.80 2.59 20 6 0 1 0
0 0 0 20333.04 2.59 20 16 0 1 0
0 0 0 8762.32 2.59 20 12 0 1 0
0 0 0 17256.02 2.59 20 8 0 1 0
0 0 0 10445.75 2.59 20 11 0 1 4
0 0 0 20924.17 2.59 20 14 0 1 4
0 0 0 11766.26 2.59 20 17 0 1 4
0 0 0 12057.22 2.59 20 18 0 1 4
0 0 0 24319.18 2.59 20 19 0 1 3
0 0 0 5648.48 2.59 20 18 0 1 3
0 0 0 22821.75 2.59 20 11 0 1 4
0 0 0 6040.43 2.59 20 20 0 1 4
0 0 0 19268.00 2.59 20 12 0 1 3
0 0 0 14742.07 2.59 20 17 0 1 3
0 0 0 15754.87 2.59 20 7 0 1 3
0 0 0 13807.13 2.59 20 15 0 1 3
0 0 0 15456.28 2.59 20 16 0 1 3
0 0 0 9488.34 2.59 20 17 0 1 3
0 0 0 24629.91 2.59 20 12 0 1 3
0 0 0 4760.60 2.59 20 19 0 1 3
0 0 0 14153.68 2.59 20 12 0 1 0
0 0 0 18896.13 2.59 20 2 0 1 0
0 0 0 12041.06 2.59 20 16 0 1 3
0 0 0 13269.79 2.59 20 19 0 1 3
0 0 0 19740.92 2.59 40 7 0 1 0
0 0 0 15838.11 2.59 40 19 0 1 0
0 0 0 10695.96 2.59 40 6 0 1 0
0 0 0 19575.50 2.59 40 11 0 1 0
0 0 0 8842.86 2.59 40 7 0 1 0
0 0 0 20514.80 2.59 40 6 0 1 0
0 0 0 7689.34 2.59 40 7 0 1 0
0 0 0 17434.97 2.59 40 13 0 1 0
0 0 0 18764.85 2.59 40 8 0 1 2
0 0 0 12186.65 2.59 40 9 0 1 2
0 0 0 12328.39 2.59 40 15 0 1 0
0 0 0 22358.04 2.59 40 13 0 1 0
0 0 0 6038.64 2.59 40 12 0 1 2
0 0 0 17983.04 2.59 40 8 0 1 2
0 0 0 15234.00 2.59 40 14 0 1 2
0 0 0 12763.24 2.59 40 2 0 1 2
0 0 0 16244.28 2.59 40 18 0 1 2
0 0 0 10602.98 2.59 40 17 0 1 2
#CONTAINERS_LOADED
4 1 1 7500.00 2.59 20 15 1 1 0
4 1 -1 7500.00 2.59 20 6 1 1 0
4 2 1 7500.00 2.59 20 13 1 1 0
4 2 -1 7500.00 2.59 20 9 1 1 0
4 3 1 7500.00 2.59 20 9 1 1 0
4 3 -1 7500.00 2.59 20 9 1 1 0
4 4 1 7500.00 2.59 20 8 1 1 0
4 4 -1 7500.00 2.59 20 22 1 1 0
4 5 1 7500.00 2.59 20 18 1 1 0
4 5 -1 7500.00 2.59 20 12 1 1 0
4 6 1 7500.00 2.59 20 12 1 1 0
4 6 -1 7500.00 2.59 20 23 1 1 0
4 7 1 7500.00 2.59 20 3 1 1 0
4 7 -1 7500.00 2.59 20 9 1 1 0
4 8 1 7500.00 2.59 20 15 1 1 0
4 8 -1 7500.00 2.59 20 15 1 1 0
4 9 1 7500.00 2.59 20 6 1 1 0
4 9 -1 7500.00 2.59 20 16 1 1 0
4 10 1 7500.00 2.59 20 13 1 1 0
4 10 -1 7500.00 2.59 20 19 1 1 0
5 1 1 7500.00 2.59 20 6 1 1 1
5 1 -1 7500.00 2.59 20 10 1 1 1
5 2 1 7500.00 2.59 20 11 1 1 4
5 2 -1 7500.00 2.59 20 12 1 1 4
5 3 1 7500.00 2.59 20 3 1 1 1
5 3 -1 7500.00 2.59 20 14 1 1 1
5 4 1 7500.00 2.59 20 7 1 1 4
5 4 -1 7500.00 2.59 20 12 1 1 4
5 5 1 7500.00 2.59 20 20 1 1 4
5 5 -1 7500.00 2.59 20 15 1 1 4
5 6 1 7500.00 2.59 20 8 1 1 0
5 6 -1 7500.00 2.59 20 13 1 1 0
5 7 1 7500.00 2.59 20 6 1 1 4
5 7 -1 7500.00 2.59 20 13 1 1 4
5 8 1 7500.00 2.59 20 14 1 1 1
5 8 -1 7500.00 2.59 20 20 1 1 1
5 9 1 7500.00 2.59 20 6 1 1 0
5 9 -1 7500.00 2.59 20 1 1 1 0
5 10 1 7500.00 2.59 20 17 1 1 1
5 10 -1 7500.00 2.59 20 10 1 1 1
6 1 1 7500.00 2.59 20 16 1 1 0
6 1 -1 7500.00 2.59 20 6 1 1 0
6 2 1 7500.00 2.59 20 8 1 1 0
6 2 -1 7500.00 2.59 20 18 1 1 0
6 3 1 7500.00 2.59 20 8 1 1 0
6 3 -1 7500.00 2.59 20 19 1 1 0
6 4 1 7500.00 2.59 20 13 1 1 0
6 4 -1 7500.00 2.59 20 16 1 1 0
6 5 1 7500.00 2.59 20 18 1 1 0
6 5 -1 7500.00 2.59 20 11 1 1 0
6 6 1 7500.00 2.59 20 14 1 1 0
6 6 -1 7500.00 2.59 20 15 1 1 0
6 7 1 7500.00 2.59 20 12 1 1 0
6 7 -1 7500.00 2.59 20 18 1 1 0
6 8 1 7500.00 2.59 20 12 1 1 0
6 8 -1 7500.00 2.59 20 15 1 1 0
6 9 1 7500.00 2.59 20 7 1 1 0
6 9 -1 7500.00 2.59 20 16 1 1 0
6 10 1 7500.00 2.59 20 19 1 1 0
6 10 -1 7500.00 2.59 20 12 1 1 0
7 1 1 7500.00 2.59 20 24 1 1 3
7 1 -1 7500.00 2.59 20 12 1 1 3
7 2 1 7500.00 2.59 20 13 1 1 3
7 2 -1 7500.00 2.59 20 13 1 1 3
7 3 1 7500.00 2.59 20 5 1 1 3
7 3 -1 7500.00 2.59 20 8 1 1 3
7 4 1 7500.00 2.59 20 14 1 1 4
7 4 -1 7500.00 2.59 20 9 1 1 4
7 5 1 7500.00 2.59 20 18 1 1 3
7 5 -1 7500.00 2.59 20 23 1 1 3
7 6 1 7500.00 2.59 20 8 1 1 3
7 6 -1 7500.00 2.59 20 12 1 1 3
7 7 1 7500.00 2.59 20 13 1 1 3
7 7 -1 7500.00 2.59 20 19 1 1 3
7 8 1 7500.00 2.59 20 16 1 1 3
7 8 -1 7500.00 2.59 20 16 1 1 3
7 9 1 7500.00 2.59 20 14 1 1 3
7 9 -1 7500.00 2.59 20 12 1 1 3
7 10 1 7500.00 2.59 20 11 1 1 4
7 10 -1 7500.00 2.59 20 19 1 1 4
8 1 1 7500.00 2.59 20 11 1 1 0
8 1 -1 7500.00 2.59 20 17 1 1 0
8 2 1 7500.00 2.59 20 11 1 1 0
8 2 -1 7500.00 2.59 20 13 1 1 0
8 3 1 7500.00 2.59 20 11 1 1 0
8 3 -1 7500.00 2.59 20 11 1 1 0
8 4 1 7500.00 2.59 20 10 1 1 0
8 4 -1 7500.00 2.59 20 12 1 1 0
8 5 0 15000.00 2.59 40 11 1 1 0
8 6 0 15000.00 2.59 40 13 1 1 0
8 7 0 15000.00 2.59 40 15 1 1 0
8 8 0 15000.00 2.59 40 7 1 1 0
8 9 0 15000.00 2.59 40 12 1 1 0
8 10 0 15000.00 2.59 40 12 1 1 0
9 1 0 15000.00 2.59 40 3 1 1 4
9 2 0 15000.00 2.59 40 11 1 1 3
9 3 0 15000.00 2.59 40 7 1 1 4
9 4 0 15000.00 2.59 40 10 1 1 0
9 5 0 15000.00 2.59 40 8 1 1 3
9 6 0 15000.00 2.59 40 13 1 1 4
9 7 0 15000.00 2.59 40 10 1 1 0
9 8 0 15000.00 2.59 40 15 1 1 3
9 9 0 15000.00 2.59 40 20 1 1 3
9 10 0 15000.00 2.59 40 11 1 1 3
10 1 0 15000.00 2.59 40 10 0 1 0
10 2 0 15000.00 2.59 40 8 0 1 0
#STACKS
150000.00 25.90 1
150000.00 25.90 1
150000.00 25.90 1
150000.00 25.90 1
150000.00 25.90 1
150000.00 25.90 1
150000.00 25.90 1
150000.00 25.90 1
150000.00 25.90 1
150000.00 25.90 1
150000.00 25.90 1
150000.00 25.90 1
#CELLS
1 0 0 1 1 1 1
1 0 0 1 1 1 1
1 0 0 1 1 1 1
1 0 0 1 1 1 1
1 0 0 1 1 1 1
1 0 0 1 1 1 1
1 0 0 1 1 1 1
1 0 0 1 1 1 1
1 0 0 1 1 1 1
1 0 0 1 1 1 1
2 0 0 1 1 1 1
2 0 0 1 1 1 1
2 0 0 1 1 1 1
2 0 0 1 1 1 1
2 0 0 1 1 1 1
2 0 0 1 1 1 1
2 0 0 1 1 1 1
2 0 0 1 1 1 1
2 0 0 1 1 1 1
2 0 0 1 1 1 1
3 0 0 1 1 1 1
3 0 0 1 1 1 1
3 0 0 1 1 1 1
3 0 0 1 1 1 1
3 0 0 1 1 1 1
3 0 0 1 1 1 1
3 0 0 1 1 1 1
3 0 0 1 1 1 1
3 0 0 1 1 1 1
3 0 0 1 1 1 1
4 1 1 1 1 1 1
4 1 1 1 1 1 1
4 1 1 1 1 1 1
4 1 1 1 1 1 1
4 1 1 1 1 1 1
4 1 1 1 1 1 1
4 1 1 1 1 1 1
4 1 1 1 1 1 1
4 1 1 1 1 1 1
4 1 1 1 1 1 1
5 1 1 1 1 1 1
5 1 1 1 1 1 1
5 1 1 1 1 1 1
5 1 1 1 1 1 1
5 1 1 1 1 1 1
5 1 1 1 1 1 1
5 1 1 1 1 1 1
5 1 1 1 1 1 1
5 1 1 1 1 1 1
5 1 1 1 1 1 1
6 1 1 1 1 1 1
6 1 1 1 1 1 1
6 1 1 1 1 1 1
6 1 1 1 1 1 1
6 1 1 1 1 1 1
6 1 1 1 1 1 1
6 1 1 1 1 1 1
6 1 1 1 1 1 1
6 1 1 1 1 1 1
6 1 1 1 1 1 1
7 1 1 1 1 1 1
7 1 1 1 1 1 1
7 1 1 1 1 1 1
7 1 1 1 1 1 1
7 1 1 1 1 1 1
7 1 1 1 1 1 1
7 1 1 1 1 1 1
7 1 1 1 1 1 1
7 1 1 1 1 1 1
7 1 1 1 1 1 1
8 1 1 1 1 1 1
8 1 1 1 1 1 1
8 1 1 1 1 1 1
8 1 1 1 1 1 1
8 1 1 1 1 1 1
8 1 1 1 1 1 1
8 1 1 1 1 1 1
8 1 1 1 1 1 1
8 1 1 1 1 1 1
8 1 1 1 1 1 1
9 1 1 1 1 1 1
9 1 1 1 1 1 1
9 1 1 1 1 1 1
9 1 1 1 1 1 1
9 1 1 1 1 1 1
9 1 1 1 1 1 1
9 1 1 1 1 1 1
9 1 1 1 1 1 1
9 1 1 1 1 1 1
9 1 1 1 1 1 1
10 0 0 1 1 1 1
10 0 0 1 1 1 1
10 0 0 1 1 1 1
10 0 0 1 1 1 1
10 0 0 1 1 1 1
10 0 0 1 1 1 1
10 0 0 1 1 1 1
10 0 0 1 1 1 1
10 0 0 1 1 1 1
10 0 0 1 1 1 1
11 0 0 1 1 1 1
11 0 0 1 1 1 1
11 0 0 1 1 1 1
11 0 0 1 1 1 1
11 0 0 1 1 1 1
11 0 0 1 1 1 1
11 0 0 1 1 1 1
11 0 0 1 1 1 1
11 0 0 1 1 1 1
11 0 0 1 1 1 1
12 0 0 1 1 1 1
12 0 0 1 1 1 1
12 0 0 1 1 1 1
12 0 0 1 1 1 1
12 0 0 1 1 1 1
12 0 0 1 1 1 1
12 0 0 1 1 1 1
12 0 0 1 1 1 1
12 0 0 1 1 1 1
12 0 0 1 1 1 1
#INFO-GEN
Namespace(bayType=5, francisco=True, meanPort=13, seed=3456, stdPort=5.199924608022632, target40=38, targetCapacity=81, targetHC=0, targetIMO=78, targetPorts=26, targetReefer=79, targetRelease=64, targetWeight=88)
