23 48 98 12 120 1 10
#POD
1 2 3 4 5 6 7 8 9 10 11 12 13 14 15 16 17 18 19 20 22 23 24
#LOCATIONS
1
#CONTAINERS_TOLOAD
0 0 0 23375.31 2.59 20 19 0 1 1
0 0 0 9473.17 2.59 20 4 0 1 1
0 0 0 14000.50 2.59 20 9 0 1 0
0 0 0 25032.75 2.59 20 2 0 1 0
0 0 0 7188.84 2.59 20 9 0 1 1
0 0 0 21850.03 2.59 20 15 0 1 1
0 0 0 7319.30 2.59 20 9 0 1 0
0 0 0 18652.50 2.59 20 15 0 1 0
0 0 0 14102.78 2.59 20 12 0 1 0
0 0 0 15150.10 2.59 20 13 0 1 0
0 0 0 15543.64 2.59 20 18 0 1 0
0 0 0 21334.02 2.59 20 2 0 1 0
0 0 0 9095.09 2.59 20 6 0 1 0
0 0 0 18079.31 2.59 20 4 0 1 0
0 0 0 10875.74 2.59 20 6 0 1 4
0 0 0 21959.29 2.59 20 16 0 1 4
0 0 0 12272.51 2.59 20 12 0 1 1
0 0 0 12580.27 2.59 20 8 0 1 1
0 0 0 25550.36 2.59 20 11 0 1 4
0 0 0 5801.43 2.59 20 14 0 1 4
0 0 0 23966.46 2.59 20 17 0 1 0
0 0 0 6216.01 2.59 20 18 0 1 0
0 0 0 20207.47 2.59 20 19 1 1 0
0 0 0 15420.17 2.59 20 18 1 1 0
0 0 0 16491.46 2.59 20 11 1 1 0
0 0 0 14431.23 2.59 20 20 1 1 0
0 0 0 16175.62 2.59 20 12 1 1 0
0 0 0 9863.04 2.59 20 17 1 1 0
0 0 0 25879.04 2.90 40 7 0 1 0
0 0 0 4862.27 2.59 40 15 0 1 0
0 0 0 14797.80 2.59 40 16 0 1 0
0 0 0 19814.13 2.59 40 17 0 1 0
0 0 0 12563.18 2.59 40 12 0 1 0
0 0 0 13862.87 2.59 40 19 0 1 0
0 0 0 20707.71 2.59 40 12 0 1 0
0 0 0 16579.50 2.59 40 2 0 1 0
0 0 0 11140.40 2.59 40 16 0 1 0
0 0 0 20532.73 2.59 40 19 0 1 0
0 0 0 9180.29 2.59 40 7 0 1 4
0 0 0 21526.28 2.59 40 19 0 1 0
0 0 0 7960.15 2.59 40 6 0 1 0
0 0 0 18268.59 2.59 40 11 0 1 0
0 0 0 19675.26 2.59 40 7 0 1 1
0 0 0 12717.17 2.59 40 6 0 1 1
0 0 0 12867.10 2.59 40 7 0 1 1
0 0 0 23475.97 2.59 40 13 0 1 4
0 0 0 6214.12 2.59 40 8 0 1 0
0 0 0 14567.06 2.59 40 9 0 1 1
#CONTAINERS_LOADED
4 1 1 7500.00 2.59 20 15 1 1 0
4 1 -1 7500.00 2.59 20 13 1 1 0
4 2 1 7500.00 2.59 20 12 1 1 0
4 2 -1 7500.00 2.59 20 8 1 1 0
4 3 1 7500.00 2.59 20 14 1 1 0
4 3 -1 7500.00 2.59 20 2 1 1 0
4 4 1 7500.00 2.59 20 18 1 1 0
4 4 -1 7500.00 2.59 20 17 1 1 0
4 5 1 7500.00 2.59 20 15 1 1 0
4 5 -1 7500.00 2.59 20 6 1 1 0
4 6 1 7500.00 2.59 20 13 1 1 0
4 6 -1 7500.00 2.59 20 9 1 1 0
5 1 1 7500.00 2.59 20 9 1 1 0
5 1 -1 7500.00 2.59 20 9 1 1 0
5 2 1 7500.00 2.59 20 8 1 1 0
5 2 -1 7500.00 2.59 20 22 1 1 0
5 3 1 7500.00 2.59 20 18 1 1 0
5 3 -1 7500.00 2.59 20 12 1 1 0
5 4 1 7500.00 2.59 20 12 1 1 4
5 4 -1 7500.00 2.59 20 23 1 1 4
5 5 1 7500.00 2.59 20 3 1 1 4
5 5 -1 7500.00 2.59 20 9 1 1 4
5 6 1 7500.00 2.59 20 15 1 1 1
5 6 -1 7500.00 2.59 20 15 1 1 1
5 7 1 7500.00 2.59 20 6 1 1 0
5 7 -1 7500.00 2.59 20 16 1 1 0
5 8 1 7500.00 2.59 20 13 1 1 0
5 8 -1 7500.00 2.59 20 19 1 1 0
5 9 1 7500.00 2.59 20 6 1 1 1
5 9 -1 7500.00 2.59 20 10 1 1 1
5 10 1 7500.00 2.59 20 11 1 1 1
5 10 -1 7500.00 2.59 20 12 1 1 1
6 1 1 7500.00 2.59 20 3 1 1 0
6 1 -1 7500.00 2.59 20 14 1 1 0
6 2 1 7500.00 2.59 20 7 1 1 0
6 2 -1 7500.00 2.59 20 12 1 1 0
6 3 1 7500.00 2.59 20 20 1 1 0
6 3 -1 7500.00 2.59 20 15 1 1 0
6 4 1 7500.00 2.59 20 8 1 1 0
6 4 -1 7500.00 2.59 20 13 1 1 0
6 5 1 7500.00 2.59 20 6 1 1 0
6 5 -1 7500.00 2.59 20 13 1 1 0
6 6 1 7500.00 2.59 20 14 1 1 0
6 6 -1 7500.00 2.59 20 20 1 1 0
6 7 1 7500.00 2.59 20 6 1 1 0
6 7 -1 7500.00 2.59 20 1 1 1 0
6 8 1 7500.00 2.59 20 17 1 1 0
6 8 -1 7500.00 2.59 20 10 1 1 0
6 9 1 7500.00 2.59 20 16 1 1 0
6 9 -1 7500.00 2.59 20 6 1 1 0
6 10 1 7500.00 2.59 20 8 1 1 0
6 10 -1 7500.00 2.59 20 18 1 1 0
7 1 1 7500.00 2.59 20 8 1 1 3
7 1 -1 7500.00 2.59 20 19 1 1 3
7 2 1 7500.00 2.59 20 13 1 1 3
7 2 -1 7500.00 2.59 20 16 1 1 3
7 3 1 7500.00 2.59 20 18 1 1 3
7 3 -1 7500.00 2.59 20 11 1 1 3
7 4 1 7500.00 2.59 20 14 1 1 4
7 4 -1 7500.00 2.59 20 15 1 1 4
7 5 1 7500.00 2.59 20 12 1 1 3
7 5 -1 7500.00 2.59 20 18 1 1 3
7 6 1 7500.00 2.59 20 12 1 1 0
7 6 -1 7500.00 2.59 20 15 1 1 0
7 7 1 7500.00 2.59 20 7 1 1 4
7 7 -1 7500.00 2.59 20 16 1 1 4
7 8 1 7500.00 2.59 20 19 1 1 4
7 8 -1 7500.00 2.59 20 12 1 1 4
7 9 1 7500.00 2.59 20 24 1 1 4
7 9 -1 7500.00 2.59 20 12 1 1 4
7 10 1 7500.00 2.59 20 13 1 1 4
7 10 -1 7500.00 2.59 20 13 1 1 4
8 1 1 7500.00 2.59 20 5 1 1 0
8 1 -1 7500.00 2.59 20 8 1 1 0
8 2 1 7500.00 2.59 20 14 1 1 0
8 2 -1 7500.00 2.59 20 9 1 1 0
8 3 1 7500.00 2.59 20 18 1 1 0
8 3 -1 7500.00 2.59 20 23 1 1 0
8 4 1 7500.00 2.59 20 8 1 1 0
8 4 -1 7500.00 2.59 20 12 1 1 0
8 5 1 7500.00 2.59 20 13 1 1 0
8 5 -1 7500.00 2.59 20 19 1 1 0
8 6 1 7500.00 2.59 20 16 1 1 0
8 6 -1 7500.00 2.59 20 16 1 1 0
8 7 0 15000.00 2.59 40 14 1 1 0
8 8 0 15000.00 2.59 40 12 1 1 0
8 9 0 15000.00 2.59 40 11 1 1 0
8 10 0 15000.00 2.59 40 19 1 1 0
9 1 0 15000.00 2.59 40 11 1 1 4
9 2 0 15000.00 2.59 40 17 1 1 4
9 3 0 15000.00 2.59 40 11 1 1 3
9 4 0 15000.00 2.59 40 13 1 1 4
9 5 0 15000.00 2.59 40 11 1 1 4
9 6 0 15000.00 2.59 40 11 1 1 4
9 7 0 15000.00 2.59 40 10 1 1 4
9 8 0 15000.00 2.59 40 12 1 1 0
9 9 0 15000.00 2.59 40 11 1 1 4
9 10 0 15000.00 2.59 40 13 1 1 4
#STACKS
150000.00 25.90 1
150000.00 25.90 1
150000.00 25.90 1
150000.00 25.90 1
150000.00 25.90 1
150000.00 25.90 1
150000.00 25.90 1
150000.00 25.90 1
150000.00 25.90 1
150000.00 25.90 1
150000.00 25.90 1
150000.00 25.90 1
#CELLS
1 0 0 1 1 1 1
1 0 0 1 1 1 1
1 0 0 1 1 1 1
1 0 0 1 1 1 1
1 0 0 1 1 1 1
1 0 0 1 1 1 1
1 0 0 1 1 1 1
1 0 0 1 1 1 1
1 0 0 1 1 1 1
1 0 0 1 1 1 1
2 0 0 1 1 1 1
2 0 0 1 1 1 1
2 0 0 1 1 1 1
2 0 0 1 1 1 1
2 0 0 1 1 1 1
2 0 0 1 1 1 1
2 0 0 1 1 1 1
2 0 0 1 1 1 1
2 0 0 1 1 1 1
2 0 0 1 1 1 1
3 0 0 1 1 1 1
3 0 0 1 1 1 1
3 0 0 1 1 1 1
3 0 0 1 1 1 1
3 0 0 1 1 1 1
3 0 0 1 1 1 1
3 0 0 1 1 1 1
3 0 0 1 1 1 1
3 0 0 1 1 1 1
3 0 0 1 1 1 1
4 1 1 1 1 1 1
4 1 1 1 1 1 1
4 1 1 1 1 1 1
4 1 1 1 1 1 1
4 1 1 1 1 1 1
4 1 1 1 1 1 1
4 1 1 1 1 1 1
4 1 1 1 1 1 1
4 1 1 1 1 1 1
4 1 1 1 1 1 1
5 1 1 1 1 1 1
5 1 1 1 1 1 1
5 1 1 1 1 1 1
5 1 1 1 1 1 1
5 1 1 1 1 1 1
5 1 1 1 1 1 1
5 1 1 1 1 1 1
5 1 1 1 1 1 1
5 1 1 1 1 1 1
5 1 1 1 1 1 1
6 1 1 1 1 1 1
6 1 1 1 1 1 1
6 1 1 1 1 1 1
6 1 1 1 1 1 1
6 1 1 1 1 1 1
6 1 1 1 1 1 1
6 1 1 1 1 1 1
6 1 1 1 1 1 1
6 1 1 1 1 1 1
6 1 1 1 1 1 1
7 1 1 1 1 1 1
7 1 1 1 1 1 1
7 1 1 1 1 1 1
7 1 1 1 1 1 1
7 1 1 1 1 1 1
7 1 1 1 1 1 1
7 1 1 1 1 1 1
7 1 1 1 1 1 1
7 1 1 1 1 1 1
7 1 1 1 1 1 1
8 1 1 1 1 1 1
8 1 1 1 1 1 1
8 1 1 1 1 1 1
8 1 1 1 1 1 1
8 1 1 1 1 1 1
8 1 1 1 1 1 1
8 1 1 1 1 1 1
8 1 1 1 1 1 1
8 1 1 1 1 1 1
8 1 1 1 1 1 1
9 1 1 1 1 1 1
9 1 1 1 1 1 1
9 1 1 1 1 1 1
9 1 1 1 1 1 1
9 1 1 1 1 1 1
9 1 1 1 1 1 1
9 1 1 1 1 1 1
9 1 1 1 1 1 1
9 1 1 1 1 1 1
9 1 1 1 1 1 1
10 0 0 1 1 1 1
10 0 0 1 1 1 1
10 0 0 1 1 1 1
10 0 0 1 1 1 1
10 0 0 1 1 1 1
10 0 0 1 1 1 1
10 0 0 1 1 1 1
10 0 0 1 1 1 1
10 0 0 1 1 1 1
10 0 0 1 1 1 1
11 0 0 1 1 1 1
11 0 0 1 1 1 1
11 0 0 1 1 1 1
11 0 0 1 1 1 1
11 0 0 1 1 1 1
11 0 0 1 1 1 1
11 0 0 1 1 1 1
11 0 0 1 1 1 1
11 0 0 1 1 1 1
11 0 0 1 1 1 1
12 0 0 1 1 1 1
12 0 0 1 1 1 1
12 0 0 1 1 1 1
12 0 0 1 1 1 1
12 0 0 1 1 1 1
12 0 0 1 1 1 1
12 0 0 1 1 1 1
12 0 0 1 1 1 1
12 0 0 1 1 1 1
12 0 0 1 1 1 1
#INFO-GEN
Namespace(bayType=5, francisco=True, meanPort=13, seed=3456, stdPort=5.199924608022632, target40=38, targetCapacity=75, targetHC=10, targetIMO=78, targetPorts=26, targetReefer=79, targetRelease=64, targetWeight=77)
