23 48 100 12 120 1 10
#POD
1 2 3 4 5 6 7 8 9 10 11 12 13 14 15 16 17 18 19 20 22 23 24
#LOCATIONS
1
#CONTAINERS_TOLOAD
0 0 0 24919.89 2.59 20 19 0 1 0
0 0 0 9963.88 2.59 20 4 0 1 0
0 0 0 14834.41 2.59 20 9 0 1 0
0 0 0 26702.98 2.59 20 2 0 1 0
0 0 0 7506.38 2.59 20 9 0 1 4
0 0 0 23278.98 2.59 20 15 0 1 4
0 0 0 7646.73 2.59 20 9 0 1 0
0 0 0 19839.06 2.59 20 15 0 1 0
0 0 0 14944.44 2.59 20 12 0 1 0
0 0 0 16071.15 2.59 20 13 0 1 0
0 0 0 16494.53 2.59 20 18 0 1 0
0 0 0 22723.86 2.59 20 2 0 1 0
0 0 0 9557.14 2.59 20 6 0 1 0
0 0 0 19222.42 2.59 20 4 0 1 0
0 0 0 11472.77 2.59 20 6 0 1 1
0 0 0 23396.52 2.59 20 16 0 1 1
0 0 0 12975.42 2.59 20 12 0 1 4
0 0 0 13306.52 2.59 20 8 0 1 4
0 0 0 27259.82 2.59 20 11 0 1 1
0 0 0 6013.79 2.59 20 14 0 1 1
0 0 0 25555.85 2.59 20 17 0 1 0
0 0 0 6459.80 2.59 20 18 0 1 0
0 0 0 21511.91 2.59 20 19 0 1 0
0 0 0 16361.70 2.59 20 18 0 1 0
0 0 0 17514.20 2.59 20 11 1 1 0
0 0 0 15297.80 2.59 20 20 1 1 0
0 0 0 17174.42 2.59 20 12 1 1 0
0 0 0 10383.30 2.59 20 17 1 1 0
0 0 0 27613.41 2.90 40 7 0 1 0
0 0 0 5003.44 2.59 40 15 0 1 0
0 0 0 15692.15 2.59 40 16 0 1 0
0 0 0 21088.75 2.59 40 17 0 1 0
0 0 0 13288.13 2.90 40 12 0 1 0
0 0 0 14686.34 2.90 40 19 0 1 0
0 0 0 22050.07 2.59 40 12 0 1 0
0 0 0 17608.92 2.59 40 2 0 1 0
0 0 0 11757.50 2.59 40 16 0 1 0
0 0 0 21861.83 2.59 40 19 0 1 0
0 0 0 9648.79 2.59 40 7 0 1 4
0 0 0 22930.69 2.59 40 19 0 1 0
0 0 0 8336.16 2.59 40 6 0 1 0
0 0 0 19426.04 2.59 40 11 0 1 0
0 0 0 20939.36 2.59 40 7 0 1 1
0 0 0 13453.80 2.59 40 6 0 1 1
0 0 0 13615.09 2.59 40 7 0 1 1
0 0 0 25028.18 2.59 40 13 0 1 4
0 0 0 6457.77 2.90 40 8 0 1 0
0 0 0 15443.92 2.90 40 9 0 1 1
#CONTAINERS_LOADED
4 1 1 7500.00 2.59 20 15 1 1 0
4 1 -1 7500.00 2.59 20 13 1 1 0
4 2 1 7500.00 2.59 20 12 1 1 0
4 2 -1 7500.00 2.59 20 8 1 1 0
4 3 1 7500.00 2.59 20 14 1 1 0
4 3 -1 7500.00 2.59 20 2 1 1 0
4 4 1 7500.00 2.59 20 18 1 1 0
4 4 -1 7500.00 2.59 20 17 1 1 0
4 5 1 7500.00 2.59 20 15 1 1 0
4 5 -1 7500.00 2.59 20 6 1 1 0
4 6 1 7500.00 2.59 20 13 1 1 0
4 6 -1 7500.00 2.59 20 9 1 1 0
4 7 1 7500.00 2.59 20 9 1 1 0
4 7 -1 7500.00 2.59 20 9 1 1 0
5 1 1 7500.00 2.59 20 8 1 1 0
5 1 -1 7500.00 2.59 20 22 1 1 0
5 2 1 7500.00 2.59 20 18 1 1 0
5 2 -1 7500.00 2.59 20 12 1 1 0
5 3 1 7500.00 2.59 20 12 1 1 4
5 3 -1 7500.00 2.59 20 23 1 1 4
5 4 1 7500.00 2.59 20 3 1 1 4
5 4 -1 7500.00 2.59 20 9 1 1 4
5 5 1 7500.00 2.59 20 15 1 1 4
5 5 -1 7500.00 2.59 20 15 1 1 4
5 6 1 7500.00 2.59 20 6 1 1 0
5 6 -1 7500.00 2.59 20 16 1 1 0
5 7 1 7500.00 2.59 20 13 1 1 0
5 7 -1 7500.00 2.59 20 19 1 1 0
5 8 1 7500.00 2.59 20 6 1 1 4
5 8 -1 7500.00 2.59 20 10 1 1 4
5 9 1 7500.00 2.59 20 11 1 1 1
5 9 -1 7500.00 2.59 20 12 1 1 1
5 10 1 7500.00 2.59 20 3 1 1 1
5 10 -1 7500.00 2.59 20 14 1 1 1
6 1 1 7500.00 2.59 20 7 1 1 0
6 1 -1 7500.00 2.59 20 12 1 1 0
6 2 1 7500.00 2.59 20 20 1 1 0
6 2 -1 7500.00 2.59 20 15 1 1 0
6 3 1 7500.00 2.59 20 8 1 1 0
6 3 -1 7500.00 2.59 20 13 1 1 0
6 4 1 7500.00 2.59 20 6 1 1 0
6 4 -1 7500.00 2.59 20 13 1 1 0
6 5 1 7500.00 2.59 20 14 1 1 0
6 5 -1 7500.00 2.59 20 20 1 1 0
6 6 1 7500.00 2.59 20 6 1 1 0
6 6 -1 7500.00 2.59 20 1 1 1 0
6 7 1 7500.00 2.59 20 17 1 1 0
6 7 -1 7500.00 2.59 20 10 1 1 0
6 8 1 7500.00 2.59 20 16 1 1 0
6 8 -1 7500.00 2.59 20 6 1 1 0
6 9 1 7500.00 2.59 20 8 1 1 0
6 9 -1 7500.00 2.59 20 18 1 1 0
6 10 1 7500.00 2.59 20 8 1 1 0
6 10 -1 7500.00 2.59 20 19 1 1 0
7 1 1 7500.00 2.59 20 13 1 1 3
7 1 -1 7500.00 2.59 20 16 1 1 3
7 2 1 7500.00 2.59 20 18 1 1 3
7 2 -1 7500.00 2.59 20 11 1 1 3
7 3 1 7500.00 2.59 20 14 1 1 3
7 3 -1 7500.00 2.59 20 15 1 1 3
7 4 1 7500.00 2.59 20 12 1 1 4
7 4 -1 7500.00 2.59 20 18 1 1 4
7 5 1 7500.00 2.59 20 12 1 1 0
7 5 -1 7500.00 2.59 20 15 1 1 0
7 6 1 7500.00 2.59 20 7 1 1 3
7 6 -1 7500.00 2.59 20 16 1 1 3
7 7 1 7500.00 2.59 20 19 1 1 4
7 7 -1 7500.00 2.59 20 12 1 1 4
7 8 1 7500.00 2.59 20 24 1 1 4
7 8 -1 7500.00 2.59 20 12 1 1 4
7 9 1 7500.00 2.59 20 13 1 1 4
7 9 -1 7500.00 2.59 20 13 1 1 4
7 10 1 7500.00 2.59 20 5 1 1 4
7 10 -1 7500.00 2.59 20 8 1 1 4
8 1 1 7500.00 2.59 20 14 1 1 0
8 1 -1 7500.00 2.59 20 9 1 1 0
8 2 1 7500.00 2.59 20 18 1 1 0
8 2 -1 7500.00 2.59 20 23 1 1 0
8 3 1 7500.00 2.59 20 8 1 1 0
8 3 -1 7500.00 2.59 20 12 1 1 0
8 4 1 7500.00 2.59 20 13 1 1 0
8 4 -1 7500.00 2.59 20 19 1 1 0
8 5 1 7500.00 2.59 20 16 1 1 0
8 5 -1 7500.00 2.59 20 16 1 1 0
8 6 1 7500.00 2.59 20 14 1 1 0
8 6 -1 7500.00 2.59 20 12 1 1 0
8 7 0 15000.00 2.59 40 11 1 1 0
8 8 0 15000.00 2.59 40 19 1 1 0
8 9 0 15000.00 2.59 40 11 1 1 0
8 10 0 15000.00 2.59 40 17 1 1 0
9 1 0 15000.00 2.59 40 11 1 1 4
9 2 0 15000.00 2.59 40 13 1 1 4
9 3 0 15000.00 2.59 40 11 1 1 3
9 4 0 15000.00 2.59 40 11 1 1 4
9 5 0 15000.00 2.59 40 10 1 1 4
9 6 0 15000.00 2.59 40 12 1 1 4
9 7 0 15000.00 2.59 40 11 1 1 0
9 8 0 15000.00 2.59 40 13 1 1 3
9 9 0 15000.00 2.59 40 15 1 1 4
9 10 0 15000.00 2.59 40 7 1 1 4
#STACKS
150000.00 25.90 1
150000.00 25.90 1
150000.00 25.90 1
150000.00 25.90 1
150000.00 25.90 1
150000.00 25.90 1
150000.00 25.90 1
150000.00 25.90 1
150000.00 25.90 1
150000.00 25.90 1
150000.00 25.90 1
150000.00 25.90 1
#CELLS
1 0 0 1 1 1 1
1 0 0 1 1 1 1
1 0 0 1 1 1 1
1 0 0 1 1 1 1
1 0 0 1 1 1 1
1 0 0 1 1 1 1
1 0 0 1 1 1 1
1 0 0 1 1 1 1
1 0 0 1 1 1 1
1 0 0 1 1 1 1
2 0 0 1 1 1 1
2 0 0 1 1 1 1
2 0 0 1 1 1 1
2 0 0 1 1 1 1
2 0 0 1 1 1 1
2 0 0 1 1 1 1
2 0 0 1 1 1 1
2 0 0 1 1 1 1
2 0 0 1 1 1 1
2 0 0 1 1 1 1
3 0 0 1 1 1 1
3 0 0 1 1 1 1
3 0 0 1 1 1 1
3 0 0 1 1 1 1
3 0 0 1 1 1 1
3 0 0 1 1 1 1
3 0 0 1 1 1 1
3 0 0 1 1 1 1
3 0 0 1 1 1 1
3 0 0 1 1 1 1
4 1 1 1 1 1 1
4 1 1 1 1 1 1
4 1 1 1 1 1 1
4 1 1 1 1 1 1
4 1 1 1 1 1 1
4 1 1 1 1 1 1
4 1 1 1 1 1 1
4 1 1 1 1 1 1
4 1 1 1 1 1 1
4 1 1 1 1 1 1
5 1 1 1 1 1 1
5 1 1 1 1 1 1
5 1 1 1 1 1 1
5 1 1 1 1 1 1
5 1 1 1 1 1 1
5 1 1 1 1 1 1
5 1 1 1 1 1 1
5 1 1 1 1 1 1
5 1 1 1 1 1 1
5 1 1 1 1 1 1
6 1 1 1 1 1 1
6 1 1 1 1 1 1
6 1 1 1 1 1 1
6 1 1 1 1 1 1
6 1 1 1 1 1 1
6 1 1 1 1 1 1
6 1 1 1 1 1 1
6 1 1 1 1 1 1
6 1 1 1 1 1 1
6 1 1 1 1 1 1
7 1 1 1 1 1 1
7 1 1 1 1 1 1
7 1 1 1 1 1 1
7 1 1 1 1 1 1
7 1 1 1 1 1 1
7 1 1 1 1 1 1
7 1 1 1 1 1 1
7 1 1 1 1 1 1
7 1 1 1 1 1 1
7 1 1 1 1 1 1
8 1 1 1 1 1 1
8 1 1 1 1 1 1
8 1 1 1 1 1 1
8 1 1 1 1 1 1
8 1 1 1 1 1 1
8 1 1 1 1 1 1
8 1 1 1 1 1 1
8 1 1 1 1 1 1
8 1 1 1 1 1 1
8 1 1 1 1 1 1
9 1 1 1 1 1 1
9 1 1 1 1 1 1
9 1 1 1 1 1 1
9 1 1 1 1 1 1
9 1 1 1 1 1 1
9 1 1 1 1 1 1
9 1 1 1 1 1 1
9 1 1 1 1 1 1
9 1 1 1 1 1 1
9 1 1 1 1 1 1
10 0 0 1 1 1 1
10 0 0 1 1 1 1
10 0 0 1 1 1 1
10 0 0 1 1 1 1
10 0 0 1 1 1 1
10 0 0 1 1 1 1
10 0 0 1 1 1 1
10 0 0 1 1 1 1
10 0 0 1 1 1 1
10 0 0 1 1 1 1
11 0 0 1 1 1 1
11 0 0 1 1 1 1
11 0 0 1 1 1 1
11 0 0 1 1 1 1
11 0 0 1 1 1 1
11 0 0 1 1 1 1
11 0 0 1 1 1 1
11 0 0 1 1 1 1
11 0 0 1 1 1 1
11 0 0 1 1 1 1
12 0 0 1 1 1 1
12 0 0 1 1 1 1
12 0 0 1 1 1 1
12 0 0 1 1 1 1
12 0 0 1 1 1 1
12 0 0 1 1 1 1
12 0 0 1 1 1 1
12 0 0 1 1 1 1
12 0 0 1 1 1 1
12 0 0 1 1 1 1
#INFO-GEN
Namespace(bayType=5, francisco=True, meanPort=13, seed=3456, stdPort=5.199924608022632, target40=38, targetCapacity=76, targetHC=20, targetIMO=78, targetPorts=26, targetReefer=79, targetRelease=64, targetWeight=83)
