24 68 127 12 120 1 10
#POD
1 2 3 4 5 6 7 8 9 10 11 12 13 14 15 16 17 18 19 20 21 22 23 24
#LOCATIONS
1
#CONTAINERS_TOLOAD
0 0 0 9871.74 2.59 20 11 0 1 2
0 0 0 5183.13 2.59 20 14 0 1 2
0 0 0 6710.01 2.59 20 17 0 1 2
0 0 0 10430.72 2.59 20 18 0 1 2
0 0 0 4412.72 2.59 20 19 0 1 2
0 0 0 9357.32 2.59 20 18 0 1 2
0 0 0 4456.72 2.59 20 11 0 1 0
0 0 0 8278.93 2.59 20 20 0 1 0
0 0 0 6744.50 2.59 20 12 0 1 2
0 0 0 7097.72 2.59 20 17 0 1 2
0 0 0 7230.44 2.59 20 7 0 1 2
0 0 0 9183.30 2.59 20 15 0 1 2
0 0 0 5055.62 2.59 20 16 0 1 0
0 0 0 8085.62 2.59 20 17 0 1 0
0 0 0 5656.16 2.59 20 12 0 1 0
0 0 0 9394.17 2.59 20 19 0 1 0
0 0 0 6127.23 2.59 20 12 0 1 0
0 0 0 6231.02 2.59 20 2 0 1 0
0 0 0 10605.29 2.59 20 16 0 1 2
0 0 0 3944.80 2.59 20 19 0 1 2
0 0 0 10071.11 2.59 20 7 0 1 0
0 0 0 4084.63 2.59 20 19 0 1 0
0 0 0 8803.36 2.59 20 6 0 1 0
0 0 0 7188.80 2.59 20 11 0 1 0
0 0 0 7550.10 2.59 20 7 0 1 0
0 0 0 6855.28 2.59 20 6 0 1 0
0 0 0 7443.58 2.59 20 7 0 1 0
0 0 0 5314.62 2.59 20 13 0 1 0
0 0 0 10716.14 2.59 20 8 0 1 0
0 0 0 3628.07 2.59 20 9 0 1 0
0 0 0 6978.90 2.59 20 15 0 1 0
0 0 0 8670.70 2.59 20 13 0 1 0
0 0 0 6225.26 2.59 20 12 0 1 0
0 0 0 6663.59 2.59 20 8 0 1 0
0 0 0 8972.07 2.59 20 14 0 1 0
0 0 0 7579.80 2.59 20 2 0 1 0
0 0 0 5745.42 2.59 20 18 0 1 0
0 0 0 8913.06 2.59 20 17 0 1 0
0 0 0 5084.35 2.59 20 15 0 1 0
0 0 0 9248.14 2.59 20 6 0 1 0
0 0 0 4672.85 2.59 20 13 0 1 0
0 0 0 8149.45 2.59 20 9 0 1 0
0 0 0 8623.87 2.59 20 9 0 1 1
0 0 0 6277.20 2.59 20 9 0 1 1
0 0 0 6327.76 2.59 20 8 0 1 1
0 0 0 9905.68 2.59 20 22 0 1 1
0 0 0 4083.99 2.59 20 18 0 1 1
0 0 0 8344.97 2.59 20 12 0 1 1
0 0 0 7364.29 2.59 40 12 0 1 0
0 0 0 6482.89 2.90 40 23 0 1 3
0 0 0 7724.69 2.59 40 3 0 1 0
0 0 0 7706.41 2.59 40 9 0 1 0
0 0 0 5567.15 2.90 40 15 0 1 0
0 0 0 9601.34 2.59 40 15 0 1 4
0 0 0 4565.90 2.59 40 6 0 1 0
0 0 0 7103.91 2.59 40 16 0 1 3
0 0 0 10818.76 2.59 40 13 0 1 4
0 0 0 3855.10 2.59 40 19 0 1 0
0 0 0 7787.39 2.59 40 6 0 1 0
0 0 0 7368.12 2.90 40 10 0 1 0
0 0 0 7654.95 2.90 40 11 0 1 0
0 0 0 6414.61 2.59 40 12 0 1 0
0 0 0 7566.96 2.59 40 3 0 1 0
0 0 0 7759.59 2.59 40 14 0 1 0
0 0 0 5830.84 2.59 40 7 0 1 0
0 0 0 7008.99 2.90 40 12 0 1 0
0 0 0 8422.66 2.90 40 20 0 1 0
0 0 0 5591.57 2.90 40 15 0 1 0
#CONTAINERS_LOADED
3 1 1 7500.00 2.59 20 8 0 1 1
3 1 -1 7500.00 2.59 20 13 0 1 1
3 2 1 7500.00 2.59 20 6 0 1 1
3 2 -1 7500.00 2.59 20 13 0 1 1
3 3 1 7500.00 2.59 20 14 0 1 1
3 3 -1 7500.00 2.59 20 20 0 1 1
3 4 1 7500.00 2.59 20 6 0 1 1
3 4 -1 7500.00 2.59 20 1 0 1 1
3 5 1 7500.00 2.59 20 17 0 1 0
3 5 -1 7500.00 2.59 20 10 0 1 0
3 6 1 7500.00 2.59 20 16 0 1 0
3 6 -1 7500.00 2.59 20 6 0 1 0
4 1 1 7500.00 2.59 20 8 1 1 0
4 1 -1 7500.00 2.59 20 18 1 1 0
4 2 1 7500.00 2.59 20 8 1 1 0
4 2 -1 7500.00 2.59 20 19 1 1 0
4 3 1 7500.00 2.59 20 13 1 1 0
4 3 -1 7500.00 2.59 20 16 1 1 0
4 4 1 7500.00 2.59 20 18 1 1 0
4 4 -1 7500.00 2.59 20 11 1 1 0
4 5 1 7500.00 2.59 20 14 1 1 0
4 5 -1 7500.00 2.59 20 15 1 1 0
4 6 1 7500.00 2.59 20 12 1 1 0
4 6 -1 7500.00 2.59 20 18 1 1 0
4 7 1 7500.00 2.59 20 12 1 1 0
4 7 -1 7500.00 2.59 20 15 1 1 0
4 8 1 7500.00 2.59 20 7 1 1 0
4 8 -1 7500.00 2.59 20 16 1 1 0
4 9 1 7500.00 2.59 20 19 1 1 0
4 9 -1 7500.00 2.59 20 12 1 1 0
4 10 1 7500.00 2.59 20 24 1 1 0
4 10 -1 7500.00 2.59 20 12 1 1 0
5 1 1 7500.00 2.59 20 13 1 1 1
5 1 -1 7500.00 2.59 20 13 1 1 1
5 2 1 7500.00 2.59 20 5 1 1 4
5 2 -1 7500.00 2.59 20 8 1 1 4
5 3 1 7500.00 2.59 20 14 1 1 0
5 3 -1 7500.00 2.59 20 9 1 1 0
5 4 1 7500.00 2.59 20 18 1 1 4
5 4 -1 7500.00 2.59 20 23 1 1 4
5 5 1 7500.00 2.59 20 8 1 1 1
5 5 -1 7500.00 2.59 20 12 1 1 1
5 6 1 7500.00 2.59 20 13 1 1 1
5 6 -1 7500.00 2.59 20 19 1 1 1
5 7 1 7500.00 2.59 20 16 1 1 4
5 7 -1 7500.00 2.59 20 16 1 1 4
5 8 1 7500.00 2.59 20 14 1 1 4
5 8 -1 7500.00 2.59 20 12 1 1 4
5 9 1 7500.00 2.59 20 11 1 1 1
5 9 -1 7500.00 2.59 20 19 1 1 1
5 10 1 7500.00 2.59 20 11 1 1 1
5 10 -1 7500.00 2.59 20 17 1 1 1
6 1 1 7500.00 2.59 20 11 1 1 0
6 1 -1 7500.00 2.59 20 13 1 1 0
6 2 1 7500.00 2.59 20 11 1 1 0
6 2 -1 7500.00 2.59 20 11 1 1 0
6 3 1 7500.00 2.59 20 10 1 1 0
6 3 -1 7500.00 2.59 20 12 1 1 0
6 4 1 7500.00 2.59 20 11 1 1 0
6 4 -1 7500.00 2.59 20 13 1 1 0
6 5 1 7500.00 2.59 20 15 1 1 0
6 5 -1 7500.00 2.59 20 7 1 1 0
6 6 1 7500.00 2.59 20 12 1 1 0
6 6 -1 7500.00 2.59 20 12 1 1 0
6 7 1 7500.00 2.59 20 3 1 1 0
6 7 -1 7500.00 2.59 20 11 1 1 0
6 8 1 7500.00 2.59 20 7 1 1 0
6 8 -1 7500.00 2.59 20 10 1 1 0
6 9 1 7500.00 2.59 20 8 1 1 0
6 9 -1 7500.00 2.59 20 13 1 1 0
6 10 1 7500.00 2.59 20 10 1 1 0
6 10 -1 7500.00 2.59 20 15 1 1 0
7 1 1 7500.00 2.59 20 20 1 1 4
7 1 -1 7500.00 2.59 20 11 1 1 4
7 2 1 7500.00 2.59 20 10 1 1 1
7 2 -1 7500.00 2.59 20 8 1 1 1
7 3 1 7500.00 2.59 20 11 1 1 0
7 3 -1 7500.00 2.59 20 16 1 1 0
7 4 1 7500.00 2.59 20 21 1 1 0
7 4 -1 7500.00 2.59 20 10 1 1 0
7 5 1 7500.00 2.59 20 21 1 1 4
7 5 -1 7500.00 2.59 20 14 1 1 4
7 6 1 7500.00 2.59 20 17 1 1 0
7 6 -1 7500.00 2.59 20 12 1 1 0
7 7 1 7500.00 2.59 20 15 1 1 1
7 7 -1 7500.00 2.59 20 16 1 1 1
7 8 1 7500.00 2.59 20 5 1 1 1
7 8 -1 7500.00 2.59 20 8 1 1 1
7 9 1 7500.00 2.59 20 15 1 1 4
7 9 -1 7500.00 2.59 20 14 1 1 4
7 10 1 7500.00 2.59 20 17 1 1 1
7 10 -1 7500.00 2.59 20 15 1 1 1
8 1 1 7500.00 2.59 20 10 1 1 0
8 1 -1 7500.00 2.59 20 10 1 1 0
8 2 1 7500.00 2.59 20 17 1 1 0
8 2 -1 7500.00 2.59 20 12 1 1 0
8 3 1 7500.00 2.59 20 4 1 1 0
8 3 -1 7500.00 2.59 20 2 1 1 0
8 4 1 7500.00 2.59 20 9 1 1 0
8 4 -1 7500.00 2.59 20 16 1 1 0
8 5 1 7500.00 2.59 20 8 1 1 0
8 5 -1 7500.00 2.59 20 2 1 1 0
8 6 0 15000.00 2.59 40 7 1 1 0
8 7 0 15000.00 2.59 40 16 1 1 0
8 8 0 15000.00 2.59 40 5 1 1 0
8 9 0 15000.00 2.59 40 12 1 1 0
8 10 0 15000.00 2.59 40 8 1 1 0
9 1 0 15000.00 2.59 40 5 1 1 4
9 2 0 15000.00 2.59 40 22 1 1 1
9 3 0 15000.00 2.59 40 10 1 1 1
9 4 0 15000.00 2.59 40 12 1 1 1
9 5 0 15000.00 2.59 40 14 1 1 0
9 6 0 15000.00 2.59 40 8 1 1 1
9 7 0 15000.00 2.59 40 8 1 1 4
9 8 0 15000.00 2.59 40 6 1 1 0
9 9 0 15000.00 2.59 40 19 1 1 1
9 10 0 15000.00 2.59 40 16 1 1 4
10 1 0 15000.00 2.59 40 12 0 1 0
10 2 0 15000.00 2.59 40 7 0 1 0
10 3 0 15000.00 2.59 40 13 0 1 0
10 4 0 15000.00 2.59 40 14 0 1 0
10 5 0 15000.00 2.59 40 16 0 1 0
10 6 0 15000.00 2.59 40 17 0 1 0
10 7 0 15000.00 2.59 40 19 0 1 0
10 8 0 15000.00 2.59 40 11 0 1 0
10 9 0 15000.00 2.59 40 17 0 1 0
10 10 0 15000.00 2.59 40 4 0 1 0
#STACKS
150000.00 25.90 1
150000.00 25.90 1
150000.00 25.90 1
150000.00 25.90 1
150000.00 25.90 1
150000.00 25.90 1
150000.00 25.90 1
150000.00 25.90 1
150000.00 25.90 1
150000.00 25.90 1
150000.00 25.90 1
150000.00 25.90 1
#CELLS
1 0 0 1 1 1 1
1 0 0 1 1 1 1
1 0 0 1 1 1 1
1 0 0 1 1 1 1
1 0 0 1 1 1 1
1 0 0 1 1 1 1
1 0 0 1 1 1 1
1 0 0 1 1 1 1
1 0 0 1 1 1 1
1 0 0 1 1 1 1
2 0 0 1 1 1 1
2 0 0 1 1 1 1
2 0 0 1 1 1 1
2 0 0 1 1 1 1
2 0 0 1 1 1 1
2 0 0 1 1 1 1
2 0 0 1 1 1 1
2 0 0 1 1 1 1
2 0 0 1 1 1 1
2 0 0 1 1 1 1
3 0 0 1 1 1 1
3 0 0 1 1 1 1
3 0 0 1 1 1 1
3 0 0 1 1 1 1
3 0 0 1 1 1 1
3 0 0 1 1 1 1
3 0 0 1 1 1 1
3 0 0 1 1 1 1
3 0 0 1 1 1 1
3 0 0 1 1 1 1
4 1 1 1 1 1 1
4 1 1 1 1 1 1
4 1 1 1 1 1 1
4 1 1 1 1 1 1
4 1 1 1 1 1 1
4 1 1 1 1 1 1
4 1 1 1 1 1 1
4 1 1 1 1 1 1
4 1 1 1 1 1 1
4 1 1 1 1 1 1
5 1 1 1 1 1 1
5 1 1 1 1 1 1
5 1 1 1 1 1 1
5 1 1 1 1 1 1
5 1 1 1 1 1 1
5 1 1 1 1 1 1
5 1 1 1 1 1 1
5 1 1 1 1 1 1
5 1 1 1 1 1 1
5 1 1 1 1 1 1
6 1 1 1 1 1 1
6 1 1 1 1 1 1
6 1 1 1 1 1 1
6 1 1 1 1 1 1
6 1 1 1 1 1 1
6 1 1 1 1 1 1
6 1 1 1 1 1 1
6 1 1 1 1 1 1
6 1 1 1 1 1 1
6 1 1 1 1 1 1
7 1 1 1 1 1 1
7 1 1 1 1 1 1
7 1 1 1 1 1 1
7 1 1 1 1 1 1
7 1 1 1 1 1 1
7 1 1 1 1 1 1
7 1 1 1 1 1 1
7 1 1 1 1 1 1
7 1 1 1 1 1 1
7 1 1 1 1 1 1
8 1 1 1 1 1 1
8 1 1 1 1 1 1
8 1 1 1 1 1 1
8 1 1 1 1 1 1
8 1 1 1 1 1 1
8 1 1 1 1 1 1
8 1 1 1 1 1 1
8 1 1 1 1 1 1
8 1 1 1 1 1 1
8 1 1 1 1 1 1
9 1 1 1 1 1 1
9 1 1 1 1 1 1
9 1 1 1 1 1 1
9 1 1 1 1 1 1
9 1 1 1 1 1 1
9 1 1 1 1 1 1
9 1 1 1 1 1 1
9 1 1 1 1 1 1
9 1 1 1 1 1 1
9 1 1 1 1 1 1
10 0 0 1 1 1 1
10 0 0 1 1 1 1
10 0 0 1 1 1 1
10 0 0 1 1 1 1
10 0 0 1 1 1 1
10 0 0 1 1 1 1
10 0 0 1 1 1 1
10 0 0 1 1 1 1
10 0 0 1 1 1 1
10 0 0 1 1 1 1
11 0 0 1 1 1 1
11 0 0 1 1 1 1
11 0 0 1 1 1 1
11 0 0 1 1 1 1
11 0 0 1 1 1 1
11 0 0 1 1 1 1
11 0 0 1 1 1 1
11 0 0 1 1 1 1
11 0 0 1 1 1 1
11 0 0 1 1 1 1
12 0 0 1 1 1 1
12 0 0 1 1 1 1
12 0 0 1 1 1 1
12 0 0 1 1 1 1
12 0 0 1 1 1 1
12 0 0 1 1 1 1
12 0 0 1 1 1 1
12 0 0 1 1 1 1
12 0 0 1 1 1 1
12 0 0 1 1 1 1
#INFO-GEN
Namespace(bayType=5, francisco=True, meanPort=13, seed=3456, stdPort=5.199924608022632, target40=38, targetCapacity=100, targetHC=40, targetIMO=78, targetPorts=26, targetReefer=79, targetRelease=64, targetWeight=74)
