24 60 119 12 120 1 10
#POD
1 2 3 4 5 6 7 8 9 10 11 12 13 14 15 16 17 18 19 20 21 22 23 24
#LOCATIONS
1
#CONTAINERS_TOLOAD
0 0 0 15118.38 2.59 20 18 0 1 0
0 0 0 6849.97 2.59 20 2 0 1 0
0 0 0 9542.64 2.59 20 6 0 1 0
0 0 0 16104.16 2.59 20 4 0 1 0
0 0 0 5491.35 2.59 20 6 0 1 0
0 0 0 14211.21 2.59 20 16 0 1 0
0 0 0 5568.94 2.59 20 12 0 1 0
0 0 0 12309.45 2.59 20 8 0 1 0
0 0 0 9603.47 2.59 20 11 0 1 0
0 0 0 10226.37 2.59 20 14 0 1 0
0 0 0 10460.43 2.59 20 17 0 1 0
0 0 0 13904.31 2.59 20 18 0 1 0
0 0 0 6625.10 2.59 20 19 0 1 0
0 0 0 11968.54 2.59 20 18 0 1 0
0 0 0 7684.16 2.59 20 11 0 1 0
0 0 0 14276.19 2.59 20 20 0 1 0
0 0 0 8514.90 2.59 20 12 0 1 0
0 0 0 8697.94 2.59 20 17 0 1 0
0 0 0 16412.01 2.59 20 7 0 1 0
0 0 0 4666.17 2.59 20 15 0 1 0
0 0 0 15469.97 2.59 20 16 0 1 1
0 0 0 4912.75 2.59 20 17 0 1 1
0 0 0 13234.28 2.59 20 12 0 1 0
0 0 0 10386.99 2.59 20 19 0 1 0
0 0 0 11024.16 2.59 20 12 0 1 1
0 0 0 9798.82 2.59 20 2 0 1 1
0 0 0 10836.31 2.59 20 16 0 1 1
0 0 0 7081.85 2.59 20 19 0 1 1
0 0 0 16607.49 2.59 20 7 0 1 1
0 0 0 4107.60 2.59 20 19 0 1 1
0 0 0 10016.84 2.59 20 6 0 1 1
0 0 0 13000.34 2.59 20 11 0 1 1
0 0 0 8687.78 2.59 20 7 0 1 4
0 0 0 9460.78 2.59 20 6 0 1 4
0 0 0 13531.80 2.59 20 7 0 1 1
0 0 0 11076.52 2.59 20 13 0 1 1
0 0 0 7841.57 2.59 20 8 0 1 1
0 0 0 13427.73 2.59 20 9 0 1 1
0 0 0 6675.77 2.59 20 15 0 1 4
0 0 0 14018.65 2.59 20 13 0 1 4
0 0 0 5950.09 2.90 40 12 0 1 4
0 0 0 12081.12 2.90 40 8 0 1 0
0 0 0 12917.75 2.59 40 14 0 1 1
0 0 0 8779.37 2.90 40 2 0 1 0
0 0 0 8868.54 2.90 40 18 0 1 4
0 0 0 15178.25 2.59 40 17 0 1 0
0 0 0 4911.62 2.59 40 15 0 1 4
0 0 0 12425.91 2.59 40 6 0 1 1
0 0 0 10696.47 2.90 40 13 0 1 4
0 0 0 9142.10 2.90 40 9 0 1 4
0 0 0 11332.04 2.59 40 9 0 1 0
0 0 0 11299.80 2.90 40 9 0 1 0
0 0 0 7527.20 2.90 40 8 0 1 0
0 0 0 14641.53 2.90 40 22 0 1 0
0 0 0 5761.48 2.59 40 18 0 1 0
0 0 0 10237.29 2.59 40 12 0 1 0
0 0 0 16788.47 2.59 40 12 0 1 0
0 0 0 4507.97 2.90 40 23 0 1 0
0 0 0 11442.61 2.90 40 3 0 1 0
0 0 0 8576.73 2.90 40 9 0 1 0
#CONTAINERS_LOADED
4 1 1 7500.00 2.59 20 15 1 1 0
4 1 -1 7500.00 2.59 20 15 1 1 0
4 2 1 7500.00 2.59 20 6 1 1 0
4 2 -1 7500.00 2.59 20 16 1 1 0
4 3 1 7500.00 2.59 20 13 1 1 0
4 3 -1 7500.00 2.59 20 19 1 1 0
4 4 1 7500.00 2.59 20 6 1 1 0
4 4 -1 7500.00 2.59 20 10 1 1 0
4 5 1 7500.00 2.59 20 11 1 1 0
4 5 -1 7500.00 2.59 20 12 1 1 0
4 6 1 7500.00 2.59 20 3 1 1 0
4 6 -1 7500.00 2.59 20 14 1 1 0
4 7 1 7500.00 2.59 20 7 1 1 0
4 7 -1 7500.00 2.59 20 12 1 1 0
4 8 1 7500.00 2.59 20 20 1 1 0
4 8 -1 7500.00 2.59 20 15 1 1 0
4 9 1 7500.00 2.59 20 8 1 1 0
4 9 -1 7500.00 2.59 20 13 1 1 0
4 10 1 7500.00 2.59 20 6 1 1 0
4 10 -1 7500.00 2.59 20 13 1 1 0
5 1 1 7500.00 2.59 20 14 1 1 3
5 1 -1 7500.00 2.59 20 20 1 1 3
5 2 1 7500.00 2.59 20 6 1 1 4
5 2 -1 7500.00 2.59 20 1 1 1 4
5 3 1 7500.00 2.59 20 17 1 1 3
5 3 -1 7500.00 2.59 20 10 1 1 3
5 4 1 7500.00 2.59 20 16 1 1 4
5 4 -1 7500.00 2.59 20 6 1 1 4
5 5 1 7500.00 2.59 20 8 1 1 3
5 5 -1 7500.00 2.59 20 18 1 1 3
5 6 1 7500.00 2.59 20 8 1 1 4
5 6 -1 7500.00 2.59 20 19 1 1 4
5 7 1 7500.00 2.59 20 13 1 1 4
5 7 -1 7500.00 2.59 20 16 1 1 4
5 8 1 7500.00 2.59 20 18 1 1 3
5 8 -1 7500.00 2.59 20 11 1 1 3
5 9 1 7500.00 2.59 20 14 1 1 4
5 9 -1 7500.00 2.59 20 15 1 1 4
5 10 1 7500.00 2.59 20 12 1 1 3
5 10 -1 7500.00 2.59 20 18 1 1 3
6 1 1 7500.00 2.59 20 12 1 1 0
6 1 -1 7500.00 2.59 20 15 1 1 0
6 2 1 7500.00 2.59 20 7 1 1 0
6 2 -1 7500.00 2.59 20 16 1 1 0
6 3 1 7500.00 2.59 20 19 1 1 0
6 3 -1 7500.00 2.59 20 12 1 1 0
6 4 1 7500.00 2.59 20 24 1 1 0
6 4 -1 7500.00 2.59 20 12 1 1 0
6 5 1 7500.00 2.59 20 13 1 1 0
6 5 -1 7500.00 2.59 20 13 1 1 0
6 6 1 7500.00 2.59 20 5 1 1 0
6 6 -1 7500.00 2.59 20 8 1 1 0
6 7 1 7500.00 2.59 20 14 1 1 0
6 7 -1 7500.00 2.59 20 9 1 1 0
6 8 1 7500.00 2.59 20 18 1 1 0
6 8 -1 7500.00 2.59 20 23 1 1 0
6 9 1 7500.00 2.59 20 8 1 1 0
6 9 -1 7500.00 2.59 20 12 1 1 0
6 10 1 7500.00 2.59 20 13 1 1 0
6 10 -1 7500.00 2.59 20 19 1 1 0
7 1 1 7500.00 2.59 20 16 1 1 1
7 1 -1 7500.00 2.59 20 16 1 1 1
7 2 1 7500.00 2.59 20 14 1 1 1
7 2 -1 7500.00 2.59 20 12 1 1 1
7 3 1 7500.00 2.59 20 11 1 1 1
7 3 -1 7500.00 2.59 20 19 1 1 1
7 4 1 7500.00 2.59 20 11 1 1 1
7 4 -1 7500.00 2.59 20 17 1 1 1
7 5 1 7500.00 2.59 20 11 1 1 1
7 5 -1 7500.00 2.59 20 13 1 1 1
7 6 1 7500.00 2.59 20 11 1 1 0
7 6 -1 7500.00 2.59 20 11 1 1 0
7 7 1 7500.00 2.59 20 10 1 1 1
7 7 -1 7500.00 2.59 20 12 1 1 1
7 8 1 7500.00 2.59 20 11 1 1 1
7 8 -1 7500.00 2.59 20 13 1 1 1
7 9 1 7500.00 2.59 20 15 1 1 1
7 9 -1 7500.00 2.59 20 7 1 1 1
7 10 1 7500.00 2.59 20 12 1 1 4
7 10 -1 7500.00 2.59 20 12 1 1 4
8 1 1 7500.00 2.59 20 3 1 1 0
8 1 -1 7500.00 2.59 20 11 1 1 0
8 2 1 7500.00 2.59 20 7 1 1 0
8 2 -1 7500.00 2.59 20 10 1 1 0
8 3 1 7500.00 2.59 20 8 1 1 0
8 3 -1 7500.00 2.59 20 13 1 1 0
8 4 1 7500.00 2.59 20 10 1 1 0
8 4 -1 7500.00 2.59 20 15 1 1 0
8 5 1 7500.00 2.59 20 20 1 1 0
8 5 -1 7500.00 2.59 20 11 1 1 0
8 6 1 7500.00 2.59 20 10 1 1 0
8 6 -1 7500.00 2.59 20 8 1 1 0
8 7 1 7500.00 2.59 20 11 1 1 0
8 7 -1 7500.00 2.59 20 16 1 1 0
8 8 1 7500.00 2.59 20 21 1 1 0
8 8 -1 7500.00 2.59 20 10 1 1 0
8 9 1 7500.00 2.59 20 21 1 1 0
8 9 -1 7500.00 2.59 20 14 1 1 0
8 10 0 15000.00 2.59 40 17 1 1 0
9 1 0 15000.00 2.59 40 12 1 1 0
9 2 0 15000.00 2.59 40 15 1 1 1
9 3 0 15000.00 2.59 40 16 1 1 4
9 4 0 15000.00 2.59 40 5 1 1 1
9 5 0 15000.00 2.59 40 8 1 1 4
9 6 0 15000.00 2.59 40 15 1 1 1
9 7 0 15000.00 2.59 40 14 1 1 1
9 8 0 15000.00 2.59 40 17 1 1 4
9 9 0 15000.00 2.59 40 15 1 1 4
9 10 0 15000.00 2.59 40 10 1 1 1
10 1 0 15000.00 2.59 40 10 0 1 0
10 2 0 15000.00 2.59 40 17 0 1 0
10 3 0 15000.00 2.59 40 12 0 1 0
10 4 0 15000.00 2.59 40 4 0 1 0
10 5 0 15000.00 2.59 40 2 0 1 0
10 6 0 15000.00 2.59 40 9 0 1 0
10 7 0 15000.00 2.59 40 16 0 1 0
10 8 0 15000.00 2.59 40 8 0 1 0
10 9 0 15000.00 2.59 40 2 0 1 0
10 10 0 15000.00 2.59 40 7 0 1 0
#STACKS
150000.00 25.90 1
150000.00 25.90 1
150000.00 25.90 1
150000.00 25.90 1
150000.00 25.90 1
150000.00 25.90 1
150000.00 25.90 1
150000.00 25.90 1
150000.00 25.90 1
150000.00 25.90 1
150000.00 25.90 1
150000.00 25.90 1
#CELLS
1 0 0 1 1 1 1
1 0 0 1 1 1 1
1 0 0 1 1 1 1
1 0 0 1 1 1 1
1 0 0 1 1 1 1
1 0 0 1 1 1 1
1 0 0 1 1 1 1
1 0 0 1 1 1 1
1 0 0 1 1 1 1
1 0 0 1 1 1 1
2 0 0 1 1 1 1
2 0 0 1 1 1 1
2 0 0 1 1 1 1
2 0 0 1 1 1 1
2 0 0 1 1 1 1
2 0 0 1 1 1 1
2 0 0 1 1 1 1
2 0 0 1 1 1 1
2 0 0 1 1 1 1
2 0 0 1 1 1 1
3 0 0 1 1 1 1
3 0 0 1 1 1 1
3 0 0 1 1 1 1
3 0 0 1 1 1 1
3 0 0 1 1 1 1
3 0 0 1 1 1 1
3 0 0 1 1 1 1
3 0 0 1 1 1 1
3 0 0 1 1 1 1
3 0 0 1 1 1 1
4 1 1 1 1 1 1
4 1 1 1 1 1 1
4 1 1 1 1 1 1
4 1 1 1 1 1 1
4 1 1 1 1 1 1
4 1 1 1 1 1 1
4 1 1 1 1 1 1
4 1 1 1 1 1 1
4 1 1 1 1 1 1
4 1 1 1 1 1 1
5 1 1 1 1 1 1
5 1 1 1 1 1 1
5 1 1 1 1 1 1
5 1 1 1 1 1 1
5 1 1 1 1 1 1
5 1 1 1 1 1 1
5 1 1 1 1 1 1
5 1 1 1 1 1 1
5 1 1 1 1 1 1
5 1 1 1 1 1 1
6 1 1 1 1 1 1
6 1 1 1 1 1 1
6 1 1 1 1 1 1
6 1 1 1 1 1 1
6 1 1 1 1 1 1
6 1 1 1 1 1 1
6 1 1 1 1 1 1
6 1 1 1 1 1 1
6 1 1 1 1 1 1
6 1 1 1 1 1 1
7 1 1 1 1 1 1
7 1 1 1 1 1 1
7 1 1 1 1 1 1
7 1 1 1 1 1 1
7 1 1 1 1 1 1
7 1 1 1 1 1 1
7 1 1 1 1 1 1
7 1 1 1 1 1 1
7 1 1 1 1 1 1
7 1 1 1 1 1 1
8 1 1 1 1 1 1
8 1 1 1 1 1 1
8 1 1 1 1 1 1
8 1 1 1 1 1 1
8 1 1 1 1 1 1
8 1 1 1 1 1 1
8 1 1 1 1 1 1
8 1 1 1 1 1 1
8 1 1 1 1 1 1
8 1 1 1 1 1 1
9 1 1 1 1 1 1
9 1 1 1 1 1 1
9 1 1 1 1 1 1
9 1 1 1 1 1 1
9 1 1 1 1 1 1
9 1 1 1 1 1 1
9 1 1 1 1 1 1
9 1 1 1 1 1 1
9 1 1 1 1 1 1
9 1 1 1 1 1 1
10 0 0 1 1 1 1
10 0 0 1 1 1 1
10 0 0 1 1 1 1
10 0 0 1 1 1 1
10 0 0 1 1 1 1
10 0 0 1 1 1 1
10 0 0 1 1 1 1
10 0 0 1 1 1 1
10 0 0 1 1 1 1
10 0 0 1 1 1 1
11 0 0 1 1 1 1
11 0 0 1 1 1 1
11 0 0 1 1 1 1
11 0 0 1 1 1 1
11 0 0 1 1 1 1
11 0 0 1 1 1 1
11 0 0 1 1 1 1
11 0 0 1 1 1 1
11 0 0 1 1 1 1
11 0 0 1 1 1 1
12 0 0 1 1 1 1
12 0 0 1 1 1 1
12 0 0 1 1 1 1
12 0 0 1 1 1 1
12 0 0 1 1 1 1
12 0 0 1 1 1 1
12 0 0 1 1 1 1
12 0 0 1 1 1 1
12 0 0 1 1 1 1
12 0 0 1 1 1 1
#INFO-GEN
Namespace(bayType=5, francisco=True, meanPort=13, seed=3456, stdPort=5.199924608022632, target40=38, targetCapacity=92, targetHC=50, targetIMO=78, targetPorts=26, targetReefer=79, targetRelease=64, targetWeight=83)
