11 97 52 12 120 1 10
#POD
1 2 3 4 5 6 7 8 9 10 11
#LOCATIONS
1
#CONTAINERS_TOLOAD
0 0 0 12446.60 2.59 20 11 0 1 1
0 0 0 18484.06 2.59 20 1 0 1 1
0 0 0 4821.32 2.59 20 11 0 1 4
0 0 0 11501.90 2.59 20 9 0 1 4
0 0 0 17921.76 2.59 20 4 0 1 1
0 0 0 5224.07 2.59 20 2 0 1 1
0 0 0 16931.31 2.59 20 7 0 1 1
0 0 0 7075.09 2.59 20 11 0 1 1
0 0 0 13288.58 2.59 20 9 0 1 1
0 0 0 12525.59 2.59 20 7 0 1 1
0 0 0 9372.09 2.59 20 7 0 1 4
0 0 0 15019.29 2.59 20 3 0 1 4
0 0 0 8534.32 2.59 20 6 0 1 1
0 0 0 11730.93 2.59 20 7 0 1 1
0 0 0 10242.91 2.59 20 7 0 1 4
0 0 0 16122.79 2.59 20 8 0 1 4
0 0 0 6680.00 2.59 20 5 0 1 1
0 0 0 12720.55 2.59 20 1 0 1 1
0 0 0 12871.60 2.59 20 7 0 1 1
0 0 0 11977.63 2.59 20 4 0 1 1
0 0 0 9707.98 2.59 20 9 0 1 0
0 0 0 16039.64 2.59 20 3 0 1 0
0 0 0 8493.72 2.59 20 5 0 1 0
0 0 0 11296.81 2.59 20 10 0 1 0
0 0 0 16092.25 2.59 20 10 0 1 0
0 0 0 6246.42 2.59 20 7 0 1 0
0 0 0 15535.15 2.59 20 10 0 1 0
0 0 0 8056.03 2.59 20 4 0 1 0
0 0 0 13554.47 2.59 20 2 0 1 0
0 0 0 12293.64 2.59 20 5 0 1 0
0 0 0 7946.90 2.59 20 5 0 1 0
0 0 0 18106.52 2.59 20 7 0 1 0
0 0 0 5433.11 2.59 20 11 1 1 0
0 0 0 11526.47 2.59 20 8 1 1 0
0 0 0 16161.54 2.59 20 6 1 1 0
0 0 0 8813.02 2.59 20 11 1 1 0
0 0 0 15525.56 2.59 20 7 1 1 0
0 0 0 5664.30 2.59 20 6 1 1 0
0 0 0 15214.24 2.59 20 7 1 1 0
0 0 0 10316.75 2.59 20 2 1 1 0
0 0 0 13579.42 2.59 20 7 0 1 4
0 0 0 8211.90 2.59 20 4 0 1 4
0 0 0 12730.03 2.59 20 5 0 1 4
0 0 0 15168.81 2.59 20 9 0 1 4
0 0 0 7052.32 2.59 20 9 0 1 1
0 0 0 14167.05 2.59 20 4 0 1 1
0 0 0 12050.80 2.59 20 3 0 1 4
0 0 0 8733.32 2.59 20 5 0 1 4
0 0 0 12272.95 2.59 20 1 0 1 0
0 0 0 14211.52 2.59 20 3 0 1 0
0 0 0 8536.05 2.59 20 2 0 1 4
0 0 0 12165.45 2.59 20 9 0 1 4
0 0 0 10863.86 2.59 20 9 0 1 1
0 0 0 11082.77 2.59 20 11 0 1 1
0 0 0 14674.91 2.59 20 1 1 1 4
0 0 0 8883.06 2.59 20 7 1 1 4
0 0 0 14185.44 2.59 20 5 1 1 1
0 0 0 8722.56 2.59 20 5 1 1 1
0 0 0 18770.23 2.59 20 5 1 1 1
0 0 0 4881.87 2.59 20 10 1 1 1
0 0 0 12710.41 2.59 20 9 0 1 0
0 0 0 10102.52 2.59 20 4 0 1 0
0 0 0 17296.70 2.59 20 2 0 1 0
0 0 0 5746.33 2.59 20 2 0 1 0
0 0 0 15457.73 2.59 20 2 0 1 0
0 0 0 9283.23 2.59 20 8 0 1 0
0 0 0 11199.44 2.59 20 7 0 1 0
0 0 0 15323.44 2.59 20 2 0 1 0
0 0 0 8399.64 2.59 40 10 0 1 0
0 0 0 13950.94 2.59 40 8 0 1 0
0 0 0 8333.75 2.59 40 10 0 1 4
0 0 0 11669.75 2.59 40 3 0 1 3
0 0 0 11682.76 2.59 40 8 0 1 3
0 0 0 16098.74 2.59 40 1 0 1 3
0 0 0 6555.50 2.59 40 1 0 1 3
0 0 0 12263.85 2.59 40 4 1 1 4
0 0 0 15630.07 2.59 40 4 1 1 4
0 0 0 9168.01 2.59 20 10 1 1 0
0 0 0 14361.70 2.59 20 10 1 1 0
0 0 0 8230.33 2.59 40 3 0 1 0
0 0 0 10158.96 2.59 40 7 0 1 0
0 0 0 12317.31 2.59 40 10 0 1 0
0 0 0 17594.56 2.59 40 2 0 1 0
0 0 0 5931.79 2.59 40 4 0 1 0
0 0 0 14094.77 2.59 40 4 0 1 0
0 0 0 10791.01 2.59 40 5 0 1 0
0 0 0 12004.40 2.59 40 5 0 1 0
0 0 0 8661.98 2.59 40 8 0 1 0
0 0 0 13722.20 2.59 40 9 0 1 0
0 0 0 15266.29 2.59 40 6 0 1 0
0 0 0 7191.86 2.59 40 4 0 1 3
0 0 0 13797.94 2.59 40 7 0 1 3
0 0 0 8132.40 2.59 40 1 0 1 3
0 0 0 17260.55 2.59 40 5 0 1 4
0 0 0 8220.76 2.59 40 6 0 1 0
0 0 0 11754.85 2.59 40 3 0 1 3
0 0 0 9088.28 2.59 40 4 0 1 0
#CONTAINERS_LOADED
6 1 1 7500.00 2.59 20 9 1 1 0
6 1 -1 7500.00 2.59 20 7 1 1 0
6 2 1 7500.00 2.59 20 2 1 1 0
6 2 -1 7500.00 2.59 20 7 1 1 0
6 3 1 7500.00 2.59 20 4 1 1 0
6 3 -1 7500.00 2.59 20 7 1 1 0
6 4 1 7500.00 2.59 20 1 1 1 0
6 4 -1 7500.00 2.59 20 5 1 1 0
6 5 1 7500.00 2.59 20 2 1 1 0
6 5 -1 7500.00 2.59 20 2 1 1 0
6 6 1 7500.00 2.59 20 8 1 1 0
6 6 -1 7500.00 2.59 20 6 1 1 0
6 7 1 7500.00 2.59 20 11 1 1 0
6 7 -1 7500.00 2.59 20 10 1 1 0
6 8 1 7500.00 2.59 20 7 1 1 0
6 8 -1 7500.00 2.59 20 3 1 1 0
6 9 1 7500.00 2.59 20 2 1 1 0
6 9 -1 7500.00 2.59 20 6 1 1 0
6 10 1 7500.00 2.59 20 3 1 1 0
6 10 -1 7500.00 2.59 20 6 1 1 0
7 1 1 7500.00 2.59 20 7 1 1 4
7 1 -1 7500.00 2.59 20 5 1 1 4
7 2 1 7500.00 2.59 20 1 1 1 4
7 2 -1 7500.00 2.59 20 11 1 1 4
7 3 1 7500.00 2.59 20 3 1 1 0
7 3 -1 7500.00 2.59 20 1 1 1 0
7 4 1 7500.00 2.59 20 9 1 1 3
7 4 -1 7500.00 2.59 20 4 1 1 3
7 5 1 7500.00 2.59 20 6 1 1 3
7 5 -1 7500.00 2.59 20 6 1 1 3
7 6 1 7500.00 2.59 20 3 1 1 4
7 6 -1 7500.00 2.59 20 1 1 1 4
7 7 1 7500.00 2.59 20 5 1 1 3
7 7 -1 7500.00 2.59 20 10 1 1 3
7 8 1 7500.00 2.59 20 7 1 1 3
7 8 -1 7500.00 2.59 20 4 1 1 3
7 9 1 7500.00 2.59 20 1 1 1 3
7 9 -1 7500.00 2.59 20 11 1 1 3
7 10 1 7500.00 2.59 20 2 1 1 4
7 10 -1 7500.00 2.59 20 6 1 1 4
8 1 1 7500.00 2.59 20 10 1 1 0
8 1 -1 7500.00 2.59 20 5 1 1 0
8 2 1 7500.00 2.59 20 5 1 1 0
8 2 -1 7500.00 2.59 20 8 1 1 0
8 3 1 7500.00 2.59 20 10 1 1 0
8 3 -1 7500.00 2.59 20 6 1 1 0
8 4 1 7500.00 2.59 20 1 1 1 0
8 4 -1 7500.00 2.59 20 4 1 1 0
8 5 1 7500.00 2.59 20 4 1 1 0
8 5 -1 7500.00 2.59 20 5 1 1 0
8 6 1 7500.00 2.59 20 2 1 1 0
8 6 -1 7500.00 2.59 20 1 1 1 0
#STACKS
150000.00 25.90 1
150000.00 25.90 1
150000.00 25.90 1
150000.00 25.90 1
150000.00 25.90 1
150000.00 25.90 1
150000.00 25.90 1
150000.00 25.90 1
150000.00 25.90 1
150000.00 25.90 1
150000.00 25.90 1
150000.00 25.90 1
#CELLS
1 0 0 1 1 1 1
1 0 0 1 1 1 1
1 0 0 1 1 1 1
1 0 0 1 1 1 1
1 0 0 1 1 1 1
1 0 0 1 1 1 1
1 0 0 1 1 1 1
1 0 0 1 1 1 1
1 0 0 1 1 1 1
1 0 0 1 1 1 1
2 0 0 1 1 1 1
2 0 0 1 1 1 1
2 0 0 1 1 1 1
2 0 0 1 1 1 1
2 0 0 1 1 1 1
2 0 0 1 1 1 1
2 0 0 1 1 1 1
2 0 0 1 1 1 1
2 0 0 1 1 1 1
2 0 0 1 1 1 1
3 0 0 1 1 1 1
3 0 0 1 1 1 1
3 0 0 1 1 1 1
3 0 0 1 1 1 1
3 0 0 1 1 1 1
3 0 0 1 1 1 1
3 0 0 1 1 1 1
3 0 0 1 1 1 1
3 0 0 1 1 1 1
3 0 0 1 1 1 1
4 1 1 1 1 1 1
4 1 1 1 1 1 1
4 1 1 1 1 1 1
4 1 1 1 1 1 1
4 1 1 1 1 1 1
4 1 1 1 1 1 1
4 1 1 1 1 1 1
4 1 1 1 1 1 1
4 1 1 1 1 1 1
4 1 1 1 1 1 1
5 1 1 1 1 1 1
5 1 1 1 1 1 1
5 1 1 1 1 1 1
5 1 1 1 1 1 1
5 1 1 1 1 1 1
5 1 1 1 1 1 1
5 1 1 1 1 1 1
5 1 1 1 1 1 1
5 1 1 1 1 1 1
5 1 1 1 1 1 1
6 1 1 1 1 1 1
6 1 1 1 1 1 1
6 1 1 1 1 1 1
6 1 1 1 1 1 1
6 1 1 1 1 1 1
6 1 1 1 1 1 1
6 1 1 1 1 1 1
6 1 1 1 1 1 1
6 1 1 1 1 1 1
6 1 1 1 1 1 1
7 1 1 1 1 1 1
7 1 1 1 1 1 1
7 1 1 1 1 1 1
7 1 1 1 1 1 1
7 1 1 1 1 1 1
7 1 1 1 1 1 1
7 1 1 1 1 1 1
7 1 1 1 1 1 1
7 1 1 1 1 1 1
7 1 1 1 1 1 1
8 1 1 1 1 1 1
8 1 1 1 1 1 1
8 1 1 1 1 1 1
8 1 1 1 1 1 1
8 1 1 1 1 1 1
8 1 1 1 1 1 1
8 1 1 1 1 1 1
8 1 1 1 1 1 1
8 1 1 1 1 1 1
8 1 1 1 1 1 1
9 1 1 1 1 1 1
9 1 1 1 1 1 1
9 1 1 1 1 1 1
9 1 1 1 1 1 1
9 1 1 1 1 1 1
9 1 1 1 1 1 1
9 1 1 1 1 1 1
9 1 1 1 1 1 1
9 1 1 1 1 1 1
9 1 1 1 1 1 1
10 0 0 1 1 1 1
10 0 0 1 1 1 1
10 0 0 1 1 1 1
10 0 0 1 1 1 1
10 0 0 1 1 1 1
10 0 0 1 1 1 1
10 0 0 1 1 1 1
10 0 0 1 1 1 1
10 0 0 1 1 1 1
10 0 0 1 1 1 1
11 0 0 1 1 1 1
11 0 0 1 1 1 1
11 0 0 1 1 1 1
11 0 0 1 1 1 1
11 0 0 1 1 1 1
11 0 0 1 1 1 1
11 0 0 1 1 1 1
11 0 0 1 1 1 1
11 0 0 1 1 1 1
11 0 0 1 1 1 1
12 0 0 1 1 1 1
12 0 0 1 1 1 1
12 0 0 1 1 1 1
12 0 0 1 1 1 1
12 0 0 1 1 1 1
12 0 0 1 1 1 1
12 0 0 1 1 1 1
12 0 0 1 1 1 1
12 0 0 1 1 1 1
12 0 0 1 1 1 1
#INFO-GEN
Namespace(bayType=5, francisco=True, meanPort=3, seed=2344, stdPort=9.060412580630677, target40=31, targetCapacity=74, targetHC=0, targetIMO=70, targetPorts=11, targetReefer=30, targetRelease=30, targetWeight=80)
