11 121 62 12 120 1 10
#POD
1 2 3 4 5 6 7 8 9 10 11
#LOCATIONS
1
#CONTAINERS_TOLOAD
0 0 0 10465.96 2.59 20 2 0 1 0
0 0 0 15237.58 2.59 20 7 0 1 0
0 0 0 4439.45 2.59 20 11 0 1 0
0 0 0 9719.34 2.59 20 9 0 1 0
0 0 0 14793.17 2.59 20 7 0 1 0
0 0 0 4757.76 2.59 20 7 0 1 0
0 0 0 14010.38 2.59 20 3 0 1 0
0 0 0 6220.68 2.59 20 6 0 1 0
0 0 0 11131.41 2.59 20 7 0 1 0
0 0 0 10528.39 2.59 20 7 0 1 0
0 0 0 8036.08 2.59 20 8 0 1 0
0 0 0 12499.25 2.59 20 5 0 1 0
0 0 0 7373.96 2.59 20 1 0 1 0
0 0 0 9900.35 2.59 20 7 0 1 0
0 0 0 8724.31 2.59 20 4 0 1 0
0 0 0 13371.38 2.59 20 9 0 1 0
0 0 0 5908.43 2.59 20 3 0 1 0
0 0 0 10682.48 2.59 20 5 0 1 0
0 0 0 10801.86 2.59 20 10 0 1 0
0 0 0 10095.32 2.59 20 10 0 1 0
0 0 0 8301.54 2.59 20 7 0 1 0
0 0 0 13305.66 2.59 20 10 0 1 0
0 0 0 7341.87 2.59 20 4 0 1 0
0 0 0 9557.25 2.59 20 2 0 1 0
0 0 0 13347.25 2.59 20 5 0 1 4
0 0 0 5565.76 2.59 20 5 0 1 4
0 0 0 12906.95 2.59 20 7 0 1 4
0 0 0 6995.95 2.59 20 11 0 1 4
0 0 0 11341.55 2.59 20 8 0 1 1
0 0 0 10345.08 2.59 20 6 0 1 1
0 0 0 6909.70 2.59 20 11 0 1 0
0 0 0 14939.19 2.59 20 7 0 1 0
0 0 0 4922.97 2.59 20 6 0 1 1
0 0 0 9738.75 2.59 20 7 0 1 1
0 0 0 13402.01 2.59 20 2 0 1 4
0 0 0 7594.23 2.59 20 7 0 1 4
0 0 0 12899.38 2.59 20 4 0 1 0
0 0 0 5105.69 2.59 20 5 0 1 0
0 0 0 12653.33 2.59 20 9 0 1 4
0 0 0 8782.67 2.59 20 9 0 1 4
0 0 0 11361.27 2.59 20 4 0 1 0
0 0 0 7119.14 2.59 20 3 0 1 0
0 0 0 10689.97 2.59 20 5 0 1 0
0 0 0 12617.42 2.59 20 1 0 1 0
0 0 0 6202.69 2.59 20 3 0 1 0
0 0 0 11825.70 2.59 20 2 0 1 0
0 0 0 10153.16 2.59 20 9 0 1 0
0 0 0 7531.24 2.59 20 9 0 1 0
0 0 0 10328.73 2.59 20 11 0 1 0
0 0 0 11860.84 2.59 20 1 0 1 0
0 0 0 7375.33 2.59 20 7 0 1 0
0 0 0 10243.77 2.59 20 5 0 1 0
0 0 0 9215.08 2.59 20 5 0 1 0
0 0 0 9388.08 2.59 20 5 0 1 0
0 0 0 12227.07 2.59 20 10 1 1 0
0 0 0 7649.58 2.59 20 9 1 1 0
0 0 0 11840.23 2.59 20 4 1 1 0
0 0 0 7522.73 2.59 20 2 1 1 0
0 0 0 15463.75 2.59 20 2 1 1 0
0 0 0 4487.31 2.59 20 2 1 1 0
0 0 0 10674.47 2.59 20 8 0 1 4
0 0 0 8613.36 2.59 20 7 0 1 4
0 0 0 14299.16 2.59 20 2 0 1 3
0 0 0 5170.51 2.59 20 10 0 1 3
0 0 0 12845.76 2.59 20 8 0 1 4
0 0 0 7965.85 2.59 20 10 0 1 4
0 0 0 9480.30 2.59 20 3 0 1 3
0 0 0 12739.63 2.59 20 8 0 1 3
0 0 0 7267.52 2.59 20 1 0 1 0
0 0 0 11654.90 2.59 20 1 0 1 0
0 0 0 7215.45 2.59 20 4 0 1 4
0 0 0 9852.00 2.59 20 4 0 1 4
0 0 0 9862.28 2.59 20 10 0 1 4
0 0 0 13352.38 2.59 20 10 0 1 4
0 0 0 5810.04 2.59 20 3 1 1 0
0 0 0 10321.53 2.59 20 7 1 1 0
0 0 0 12981.97 2.59 20 10 1 1 4
0 0 0 7874.79 2.59 20 2 1 1 4
0 0 0 11979.54 2.59 40 4 0 1 0
0 0 0 7133.71 2.59 40 4 0 1 4
0 0 0 8657.97 2.59 40 5 0 1 3
0 0 0 10363.79 2.59 40 5 0 1 4
0 0 0 14534.57 2.59 40 8 0 1 0
0 0 0 5317.10 2.59 20 9 0 1 3
0 0 0 11768.57 2.59 20 6 0 1 3
0 0 0 9157.50 2.59 20 4 0 1 3
0 0 0 10116.48 2.59 20 7 0 1 3
0 0 0 7474.86 2.59 20 1 1 1 3
0 0 0 11474.11 2.59 20 5 1 1 3
0 0 0 12694.47 2.59 20 6 1 1 4
0 0 0 6312.97 2.59 20 3 1 1 4
0 0 0 11533.98 2.59 20 4 1 1 0
0 0 0 7056.31 2.59 20 9 1 1 0
0 0 0 14270.59 2.59 40 7 0 1 0
0 0 0 7126.15 2.59 40 2 0 1 0
0 0 0 9919.25 2.59 40 7 0 1 0
0 0 0 8967.43 2.90 40 4 0 1 0
0 0 0 11234.23 2.59 40 7 0 1 0
0 0 0 7610.52 2.90 40 1 0 1 0
0 0 0 10288.39 2.59 40 5 0 1 0
0 0 0 10636.01 2.59 40 2 0 1 0
0 0 0 11712.65 2.59 40 2 0 1 0
0 0 0 7868.12 2.59 40 8 0 1 0
0 0 0 10903.39 2.59 40 6 0 1 3
0 0 0 7806.21 2.59 40 11 0 1 0
0 0 0 11903.64 2.59 40 10 0 1 3
0 0 0 9797.05 2.59 40 7 0 1 3
0 0 0 8288.95 2.59 40 3 0 1 3
0 0 0 13028.77 2.59 40 2 0 1 4
0 0 0 6119.88 2.59 40 6 0 1 0
0 0 0 13685.88 2.59 40 3 0 1 0
0 0 0 6703.87 2.59 40 6 0 1 3
0 0 0 8912.17 2.59 40 7 0 1 4
0 0 0 14197.73 2.59 40 5 0 1 0
0 0 0 6014.42 2.59 40 1 0 1 0
0 0 0 10784.49 2.59 40 11 0 1 0
0 0 0 12393.15 2.59 40 3 0 1 0
0 0 0 7163.06 2.59 40 1 0 1 0
0 0 0 7874.60 2.59 40 9 0 1 0
0 0 0 10017.61 2.59 40 4 0 1 0
0 0 0 9555.59 2.59 40 6 0 1 0
#CONTAINERS_LOADED
5 1 1 7500.00 2.59 20 6 1 1 4
5 1 -1 7500.00 2.59 20 3 1 1 4
6 1 1 7500.00 2.59 20 1 1 1 0
6 1 -1 7500.00 2.59 20 5 1 1 0
6 2 1 7500.00 2.59 20 10 1 1 0
6 2 -1 7500.00 2.59 20 7 1 1 0
6 3 1 7500.00 2.59 20 4 1 1 0
6 3 -1 7500.00 2.59 20 1 1 1 0
6 4 1 7500.00 2.59 20 11 1 1 0
6 4 -1 7500.00 2.59 20 2 1 1 0
6 5 1 7500.00 2.59 20 6 1 1 0
6 5 -1 7500.00 2.59 20 10 1 1 0
6 6 1 7500.00 2.59 20 5 1 1 0
6 6 -1 7500.00 2.59 20 5 1 1 0
6 7 1 7500.00 2.59 20 8 1 1 0
6 7 -1 7500.00 2.59 20 10 1 1 0
6 8 1 7500.00 2.59 20 6 1 1 0
6 8 -1 7500.00 2.59 20 1 1 1 0
6 9 1 7500.00 2.59 20 4 1 1 0
6 9 -1 7500.00 2.59 20 4 1 1 0
6 10 1 7500.00 2.59 20 5 1 1 0
6 10 -1 7500.00 2.59 20 2 1 1 0
7 1 1 7500.00 2.59 20 1 1 1 4
7 1 -1 7500.00 2.59 20 10 1 1 4
7 2 1 7500.00 2.59 20 7 1 1 0
7 2 -1 7500.00 2.59 20 2 1 1 0
7 3 1 7500.00 2.59 20 7 1 1 4
7 3 -1 7500.00 2.59 20 10 1 1 4
7 4 1 7500.00 2.59 20 3 1 1 4
7 4 -1 7500.00 2.59 20 4 1 1 4
7 5 1 7500.00 2.59 20 4 1 1 0
7 5 -1 7500.00 2.59 20 4 1 1 0
7 6 1 7500.00 2.59 20 9 1 1 0
7 6 -1 7500.00 2.59 20 4 1 1 0
7 7 1 7500.00 2.59 20 9 1 1 4
7 7 -1 7500.00 2.59 20 10 1 1 4
7 8 1 7500.00 2.59 20 1 1 1 4
7 8 -1 7500.00 2.59 20 3 1 1 4
7 9 1 7500.00 2.59 20 10 1 1 0
7 9 -1 7500.00 2.59 20 5 1 1 0
7 10 1 7500.00 2.59 20 4 1 1 0
7 10 -1 7500.00 2.59 20 1 1 1 0
8 1 1 7500.00 2.59 20 6 1 1 0
8 1 -1 7500.00 2.59 20 10 1 1 0
8 2 1 7500.00 2.59 20 3 1 1 0
8 2 -1 7500.00 2.59 20 5 1 1 0
8 3 1 7500.00 2.59 20 7 1 1 0
8 3 -1 7500.00 2.59 20 2 1 1 0
8 4 1 7500.00 2.59 20 9 1 1 0
8 4 -1 7500.00 2.59 20 3 1 1 0
8 5 1 7500.00 2.59 20 9 1 1 0
8 5 -1 7500.00 2.59 20 1 1 1 0
8 6 1 7500.00 2.59 20 11 1 1 0
8 6 -1 7500.00 2.59 20 6 1 1 0
8 7 1 7500.00 2.59 20 3 1 1 0
8 7 -1 7500.00 2.59 20 10 1 1 0
8 8 1 7500.00 2.59 20 2 1 1 0
8 8 -1 7500.00 2.59 20 10 1 1 0
8 9 1 7500.00 2.59 20 4 1 1 0
8 9 -1 7500.00 2.59 20 7 1 1 0
8 10 1 7500.00 2.59 20 1 1 1 0
8 10 -1 7500.00 2.59 20 3 1 1 0
#STACKS
150000.00 25.90 1
150000.00 25.90 1
150000.00 25.90 1
150000.00 25.90 1
150000.00 25.90 1
150000.00 25.90 1
150000.00 25.90 1
150000.00 25.90 1
150000.00 25.90 1
150000.00 25.90 1
150000.00 25.90 1
150000.00 25.90 1
#CELLS
1 0 0 1 1 1 1
1 0 0 1 1 1 1
1 0 0 1 1 1 1
1 0 0 1 1 1 1
1 0 0 1 1 1 1
1 0 0 1 1 1 1
1 0 0 1 1 1 1
1 0 0 1 1 1 1
1 0 0 1 1 1 1
1 0 0 1 1 1 1
2 0 0 1 1 1 1
2 0 0 1 1 1 1
2 0 0 1 1 1 1
2 0 0 1 1 1 1
2 0 0 1 1 1 1
2 0 0 1 1 1 1
2 0 0 1 1 1 1
2 0 0 1 1 1 1
2 0 0 1 1 1 1
2 0 0 1 1 1 1
3 0 0 1 1 1 1
3 0 0 1 1 1 1
3 0 0 1 1 1 1
3 0 0 1 1 1 1
3 0 0 1 1 1 1
3 0 0 1 1 1 1
3 0 0 1 1 1 1
3 0 0 1 1 1 1
3 0 0 1 1 1 1
3 0 0 1 1 1 1
4 1 1 1 1 1 1
4 1 1 1 1 1 1
4 1 1 1 1 1 1
4 1 1 1 1 1 1
4 1 1 1 1 1 1
4 1 1 1 1 1 1
4 1 1 1 1 1 1
4 1 1 1 1 1 1
4 1 1 1 1 1 1
4 1 1 1 1 1 1
5 1 1 1 1 1 1
5 1 1 1 1 1 1
5 1 1 1 1 1 1
5 1 1 1 1 1 1
5 1 1 1 1 1 1
5 1 1 1 1 1 1
5 1 1 1 1 1 1
5 1 1 1 1 1 1
5 1 1 1 1 1 1
5 1 1 1 1 1 1
6 1 1 1 1 1 1
6 1 1 1 1 1 1
6 1 1 1 1 1 1
6 1 1 1 1 1 1
6 1 1 1 1 1 1
6 1 1 1 1 1 1
6 1 1 1 1 1 1
6 1 1 1 1 1 1
6 1 1 1 1 1 1
6 1 1 1 1 1 1
7 1 1 1 1 1 1
7 1 1 1 1 1 1
7 1 1 1 1 1 1
7 1 1 1 1 1 1
7 1 1 1 1 1 1
7 1 1 1 1 1 1
7 1 1 1 1 1 1
7 1 1 1 1 1 1
7 1 1 1 1 1 1
7 1 1 1 1 1 1
8 1 1 1 1 1 1
8 1 1 1 1 1 1
8 1 1 1 1 1 1
8 1 1 1 1 1 1
8 1 1 1 1 1 1
8 1 1 1 1 1 1
8 1 1 1 1 1 1
8 1 1 1 1 1 1
8 1 1 1 1 1 1
8 1 1 1 1 1 1
9 1 1 1 1 1 1
9 1 1 1 1 1 1
9 1 1 1 1 1 1
9 1 1 1 1 1 1
9 1 1 1 1 1 1
9 1 1 1 1 1 1
9 1 1 1 1 1 1
9 1 1 1 1 1 1
9 1 1 1 1 1 1
9 1 1 1 1 1 1
10 0 0 1 1 1 1
10 0 0 1 1 1 1
10 0 0 1 1 1 1
10 0 0 1 1 1 1
10 0 0 1 1 1 1
10 0 0 1 1 1 1
10 0 0 1 1 1 1
10 0 0 1 1 1 1
10 0 0 1 1 1 1
10 0 0 1 1 1 1
11 0 0 1 1 1 1
11 0 0 1 1 1 1
11 0 0 1 1 1 1
11 0 0 1 1 1 1
11 0 0 1 1 1 1
11 0 0 1 1 1 1
11 0 0 1 1 1 1
11 0 0 1 1 1 1
11 0 0 1 1 1 1
11 0 0 1 1 1 1
12 0 0 1 1 1 1
12 0 0 1 1 1 1
12 0 0 1 1 1 1
12 0 0 1 1 1 1
12 0 0 1 1 1 1
12 0 0 1 1 1 1
12 0 0 1 1 1 1
12 0 0 1 1 1 1
12 0 0 1 1 1 1
12 0 0 1 1 1 1
#INFO-GEN
Namespace(bayType=5, francisco=True, meanPort=3, seed=2344, stdPort=9.060412580630677, target40=31, targetCapacity=90, targetHC=10, targetIMO=70, targetPorts=11, targetReefer=30, targetRelease=30, targetWeight=89)
