11 130 68 12 120 1 10
#POD
1 2 3 4 5 6 7 8 9 10 11
#LOCATIONS
1
#CONTAINERS_TOLOAD
0 0 0 7428.78 2.59 20 9 0 1 0
0 0 0 10259.28 2.59 20 8 0 1 0
0 0 0 3853.88 2.59 20 6 0 1 2
0 0 0 6985.88 2.59 20 4 0 1 2
0 0 0 9995.66 2.59 20 1 0 1 2
0 0 0 4042.69 2.59 20 10 0 1 2
0 0 0 9531.31 2.59 20 4 0 1 2
0 0 0 4910.49 2.59 20 11 0 1 2
0 0 0 7823.52 2.59 20 11 0 1 2
0 0 0 7465.81 2.59 20 6 0 1 2
0 0 0 5987.38 2.59 20 3 0 1 2
0 0 0 8634.91 2.59 20 8 0 1 2
0 0 0 5594.61 2.59 20 5 0 1 0
0 0 0 7093.26 2.59 20 2 0 1 0
0 0 0 6395.64 2.59 20 4 0 1 0
0 0 0 9152.26 2.59 20 9 0 1 0
0 0 0 4725.27 2.59 20 10 0 1 0
0 0 0 7557.21 2.59 20 7 0 1 0
0 0 0 7628.03 2.59 20 7 0 1 0
0 0 0 7208.91 2.59 20 1 0 1 0
0 0 0 6144.85 2.59 20 8 0 1 0
0 0 0 9113.27 2.59 20 9 0 1 0
0 0 0 5575.58 2.59 20 1 0 1 0
0 0 0 6889.73 2.59 20 2 0 1 0
0 0 0 9137.94 2.59 20 1 0 1 0
0 0 0 4522.00 2.59 20 4 0 1 0
0 0 0 8876.76 2.59 20 1 0 1 0
0 0 0 5370.38 2.59 20 8 0 1 0
0 0 0 7948.17 2.59 20 3 0 1 0
0 0 0 7357.07 2.59 20 10 0 1 0
0 0 0 5319.22 2.59 20 4 0 1 0
0 0 0 10082.28 2.59 20 9 0 1 0
0 0 0 4140.70 2.59 20 3 0 1 0
0 0 0 6997.40 2.59 20 3 0 1 0
0 0 0 9170.43 2.59 20 2 0 1 2
0 0 0 5725.27 2.59 20 4 0 1 2
0 0 0 8872.27 2.59 20 4 0 1 2
0 0 0 4249.08 2.59 20 7 0 1 2
0 0 0 8726.31 2.59 20 3 0 1 2
0 0 0 6430.26 2.59 20 8 0 1 2
0 0 0 7959.87 2.59 20 2 0 1 0
0 0 0 5443.46 2.59 20 9 0 1 0
0 0 0 7561.65 2.59 20 9 0 1 2
0 0 0 8705.01 2.59 20 3 0 1 2
0 0 0 4899.82 2.59 20 4 0 1 0
0 0 0 8235.36 2.59 20 2 0 1 0
0 0 0 7243.22 2.59 20 4 0 1 2
0 0 0 5687.91 2.59 20 9 0 1 2
0 0 0 7347.37 2.59 20 11 0 1 0
0 0 0 8256.21 2.59 20 7 0 1 0
0 0 0 5595.43 2.59 20 1 0 1 2
0 0 0 7296.97 2.59 20 8 0 1 2
0 0 0 6686.76 2.59 20 10 0 1 0
0 0 0 6789.38 2.59 20 10 0 1 0
0 0 0 8473.46 2.59 20 10 0 1 0
0 0 0 5758.11 2.59 20 6 0 1 0
0 0 0 8243.99 2.59 20 7 0 1 0
0 0 0 5682.87 2.59 20 2 0 1 0
0 0 0 10393.44 2.59 20 10 0 1 0
0 0 0 3882.26 2.59 20 2 0 1 0
0 0 0 7552.46 2.59 20 5 0 1 0
0 0 0 6329.82 2.59 20 5 0 1 0
0 0 0 9702.61 2.59 20 2 0 1 0
0 0 0 4287.54 2.59 20 2 0 1 0
0 0 0 8840.46 2.59 20 6 0 1 0
0 0 0 5945.72 2.59 20 3 0 1 0
0 0 0 6844.08 2.59 20 3 1 1 0
0 0 0 8777.50 2.59 20 6 1 1 0
0 0 0 5531.47 2.59 20 8 1 1 0
0 0 0 8134.05 2.59 20 8 1 1 0
0 0 0 5500.58 2.59 20 8 1 1 0
0 0 0 7064.58 2.59 20 1 1 1 0
0 0 0 7070.67 2.59 20 7 1 1 0
0 0 0 9140.98 2.59 20 8 1 1 0
0 0 0 4666.90 2.59 20 5 0 1 4
0 0 0 7343.10 2.59 20 1 0 1 4
0 0 0 8921.26 2.59 20 9 0 1 1
0 0 0 5891.70 2.59 20 7 0 1 1
0 0 0 8326.62 2.59 20 10 0 1 1
0 0 0 5452.10 2.59 20 6 0 1 1
0 0 0 6356.28 2.59 20 4 0 1 1
0 0 0 7368.16 2.59 20 6 0 1 1
0 0 0 9842.26 2.59 20 2 0 1 4
0 0 0 4374.49 2.59 20 2 0 1 4
0 0 0 8201.47 2.59 20 4 0 1 4
0 0 0 6652.60 2.59 20 2 0 1 4
0 0 0 7221.47 2.90 40 6 0 1 3
0 0 0 5654.47 2.59 40 7 0 1 3
0 0 0 8026.81 2.59 40 9 0 1 3
0 0 0 8750.71 2.59 40 9 0 1 3
0 0 0 4965.24 2.59 40 6 0 1 3
0 0 0 8062.32 2.90 40 1 0 1 4
0 0 0 5406.19 2.59 20 4 0 1 0
0 0 0 9685.66 2.59 20 1 0 1 0
0 0 0 5447.61 2.59 20 5 1 1 0
0 0 0 7104.47 2.59 20 3 1 1 0
0 0 0 6539.85 2.59 20 7 1 1 3
0 0 0 7884.51 2.59 20 7 1 1 3
0 0 0 5734.94 2.59 20 5 1 1 0
0 0 0 7323.44 2.59 20 7 1 1 0
0 0 0 7529.65 2.59 40 4 0 1 0
0 0 0 8168.30 2.59 40 10 0 1 0
0 0 0 5887.75 2.59 40 1 0 1 0
0 0 0 7688.26 2.59 40 6 0 1 0
0 0 0 5851.02 2.59 40 6 0 1 0
0 0 0 8281.60 2.59 40 10 0 1 0
0 0 0 7031.98 2.90 40 4 0 1 0
0 0 0 6137.38 2.90 40 9 0 1 0
0 0 0 8949.02 2.59 40 2 0 1 0
0 0 0 4850.70 2.59 40 2 0 1 0
0 0 0 9338.81 2.59 40 11 0 1 3
0 0 0 5197.12 2.59 40 8 0 1 4
0 0 0 6507.07 2.59 40 4 0 1 0
0 0 0 9642.44 2.59 40 10 0 1 0
0 0 0 4788.14 2.90 40 5 0 1 3
0 0 0 7617.72 2.59 40 3 0 1 3
0 0 0 8571.97 2.59 40 4 0 1 0
0 0 0 5469.51 2.59 40 3 0 1 0
0 0 0 5891.59 2.90 40 4 0 1 4
0 0 0 7162.81 2.59 40 5 0 1 4
0 0 0 10643.72 2.59 40 2 0 1 0
0 0 0 3416.54 2.90 40 2 0 1 0
0 0 0 10258.39 2.59 40 2 0 1 0
0 0 0 3962.88 2.59 40 1 0 1 0
0 0 0 9146.94 2.59 40 4 0 1 0
0 0 0 5298.91 2.59 40 3 0 1 0
0 0 0 6726.82 2.59 40 9 0 1 0
0 0 0 8029.11 2.90 40 3 0 1 0
0 0 0 6086.62 2.59 40 10 0 1 0
0 0 0 6723.83 2.59 40 8 0 1 0
#CONTAINERS_LOADED
5 1 1 7500.00 2.59 20 10 1 1 1
5 1 -1 7500.00 2.59 20 6 1 1 1
5 2 1 7500.00 2.59 20 5 1 1 4
5 2 -1 7500.00 2.59 20 8 1 1 4
5 3 1 7500.00 2.59 20 6 1 1 1
5 3 -1 7500.00 2.59 20 2 1 1 1
5 4 1 7500.00 2.59 20 5 1 1 0
5 4 -1 7500.00 2.59 20 1 1 1 0
6 1 1 7500.00 2.59 20 8 1 1 0
6 1 -1 7500.00 2.59 20 10 1 1 0
6 2 1 7500.00 2.59 20 5 1 1 0
6 2 -1 7500.00 2.59 20 3 1 1 0
6 3 1 7500.00 2.59 20 7 1 1 0
6 3 -1 7500.00 2.59 20 1 1 1 0
6 4 1 7500.00 2.59 20 10 1 1 0
6 4 -1 7500.00 2.59 20 6 1 1 0
6 5 1 7500.00 2.59 20 6 1 1 0
6 5 -1 7500.00 2.59 20 2 1 1 0
6 6 1 7500.00 2.59 20 7 1 1 0
6 6 -1 7500.00 2.59 20 11 1 1 0
6 7 1 7500.00 2.59 20 1 1 1 0
6 7 -1 7500.00 2.59 20 8 1 1 0
6 8 1 7500.00 2.59 20 2 1 1 0
6 8 -1 7500.00 2.59 20 7 1 1 0
6 9 1 7500.00 2.59 20 5 1 1 0
6 9 -1 7500.00 2.59 20 8 1 1 0
6 10 1 7500.00 2.59 20 7 1 1 0
6 10 -1 7500.00 2.59 20 8 1 1 0
7 1 1 7500.00 2.59 20 5 1 1 4
7 1 -1 7500.00 2.59 20 6 1 1 4
7 2 1 7500.00 2.59 20 8 1 1 0
7 2 -1 7500.00 2.59 20 7 1 1 0
7 3 1 7500.00 2.59 20 7 1 1 1
7 3 -1 7500.00 2.59 20 5 1 1 1
7 4 1 7500.00 2.59 20 6 1 1 1
7 4 -1 7500.00 2.59 20 7 1 1 1
7 5 1 7500.00 2.59 20 7 1 1 0
7 5 -1 7500.00 2.59 20 3 1 1 0
7 6 1 7500.00 2.59 20 2 1 1 4
7 6 -1 7500.00 2.59 20 11 1 1 4
7 7 1 7500.00 2.59 20 2 1 1 0
7 7 -1 7500.00 2.59 20 11 1 1 0
7 8 1 7500.00 2.59 20 9 1 1 1
7 8 -1 7500.00 2.59 20 10 1 1 1
7 9 1 7500.00 2.59 20 1 1 1 1
7 9 -1 7500.00 2.59 20 3 1 1 1
7 10 1 7500.00 2.59 20 5 1 1 0
7 10 -1 7500.00 2.59 20 6 1 1 0
8 1 1 7500.00 2.59 20 7 1 1 0
8 1 -1 7500.00 2.59 20 3 1 1 0
8 2 1 7500.00 2.59 20 2 1 1 0
8 2 -1 7500.00 2.59 20 9 1 1 0
8 3 1 7500.00 2.59 20 2 1 1 0
8 3 -1 7500.00 2.59 20 3 1 1 0
8 4 1 7500.00 2.59 20 5 1 1 0
8 4 -1 7500.00 2.59 20 7 1 1 0
8 5 1 7500.00 2.59 20 7 1 1 0
8 5 -1 7500.00 2.59 20 10 1 1 0
8 6 1 7500.00 2.59 20 9 1 1 0
8 6 -1 7500.00 2.59 20 5 1 1 0
8 7 1 7500.00 2.59 20 6 1 1 0
8 7 -1 7500.00 2.59 20 3 1 1 0
8 8 1 7500.00 2.59 20 7 1 1 0
8 8 -1 7500.00 2.59 20 6 1 1 0
8 9 1 7500.00 2.59 20 2 1 1 0
8 9 -1 7500.00 2.59 20 5 1 1 0
8 10 1 7500.00 2.59 20 1 1 1 0
8 10 -1 7500.00 2.59 20 11 1 1 0
#STACKS
150000.00 25.90 1
150000.00 25.90 1
150000.00 25.90 1
150000.00 25.90 1
150000.00 25.90 1
150000.00 25.90 1
150000.00 25.90 1
150000.00 25.90 1
150000.00 25.90 1
150000.00 25.90 1
150000.00 25.90 1
150000.00 25.90 1
#CELLS
1 0 0 1 1 1 1
1 0 0 1 1 1 1
1 0 0 1 1 1 1
1 0 0 1 1 1 1
1 0 0 1 1 1 1
1 0 0 1 1 1 1
1 0 0 1 1 1 1
1 0 0 1 1 1 1
1 0 0 1 1 1 1
1 0 0 1 1 1 1
2 0 0 1 1 1 1
2 0 0 1 1 1 1
2 0 0 1 1 1 1
2 0 0 1 1 1 1
2 0 0 1 1 1 1
2 0 0 1 1 1 1
2 0 0 1 1 1 1
2 0 0 1 1 1 1
2 0 0 1 1 1 1
2 0 0 1 1 1 1
3 0 0 1 1 1 1
3 0 0 1 1 1 1
3 0 0 1 1 1 1
3 0 0 1 1 1 1
3 0 0 1 1 1 1
3 0 0 1 1 1 1
3 0 0 1 1 1 1
3 0 0 1 1 1 1
3 0 0 1 1 1 1
3 0 0 1 1 1 1
4 1 1 1 1 1 1
4 1 1 1 1 1 1
4 1 1 1 1 1 1
4 1 1 1 1 1 1
4 1 1 1 1 1 1
4 1 1 1 1 1 1
4 1 1 1 1 1 1
4 1 1 1 1 1 1
4 1 1 1 1 1 1
4 1 1 1 1 1 1
5 1 1 1 1 1 1
5 1 1 1 1 1 1
5 1 1 1 1 1 1
5 1 1 1 1 1 1
5 1 1 1 1 1 1
5 1 1 1 1 1 1
5 1 1 1 1 1 1
5 1 1 1 1 1 1
5 1 1 1 1 1 1
5 1 1 1 1 1 1
6 1 1 1 1 1 1
6 1 1 1 1 1 1
6 1 1 1 1 1 1
6 1 1 1 1 1 1
6 1 1 1 1 1 1
6 1 1 1 1 1 1
6 1 1 1 1 1 1
6 1 1 1 1 1 1
6 1 1 1 1 1 1
6 1 1 1 1 1 1
7 1 1 1 1 1 1
7 1 1 1 1 1 1
7 1 1 1 1 1 1
7 1 1 1 1 1 1
7 1 1 1 1 1 1
7 1 1 1 1 1 1
7 1 1 1 1 1 1
7 1 1 1 1 1 1
7 1 1 1 1 1 1
7 1 1 1 1 1 1
8 1 1 1 1 1 1
8 1 1 1 1 1 1
8 1 1 1 1 1 1
8 1 1 1 1 1 1
8 1 1 1 1 1 1
8 1 1 1 1 1 1
8 1 1 1 1 1 1
8 1 1 1 1 1 1
8 1 1 1 1 1 1
8 1 1 1 1 1 1
9 1 1 1 1 1 1
9 1 1 1 1 1 1
9 1 1 1 1 1 1
9 1 1 1 1 1 1
9 1 1 1 1 1 1
9 1 1 1 1 1 1
9 1 1 1 1 1 1
9 1 1 1 1 1 1
9 1 1 1 1 1 1
9 1 1 1 1 1 1
10 0 0 1 1 1 1
10 0 0 1 1 1 1
10 0 0 1 1 1 1
10 0 0 1 1 1 1
10 0 0 1 1 1 1
10 0 0 1 1 1 1
10 0 0 1 1 1 1
10 0 0 1 1 1 1
10 0 0 1 1 1 1
10 0 0 1 1 1 1
11 0 0 1 1 1 1
11 0 0 1 1 1 1
11 0 0 1 1 1 1
11 0 0 1 1 1 1
11 0 0 1 1 1 1
11 0 0 1 1 1 1
11 0 0 1 1 1 1
11 0 0 1 1 1 1
11 0 0 1 1 1 1
11 0 0 1 1 1 1
12 0 0 1 1 1 1
12 0 0 1 1 1 1
12 0 0 1 1 1 1
12 0 0 1 1 1 1
12 0 0 1 1 1 1
12 0 0 1 1 1 1
12 0 0 1 1 1 1
12 0 0 1 1 1 1
12 0 0 1 1 1 1
12 0 0 1 1 1 1
#INFO-GEN
Namespace(bayType=5, francisco=True, meanPort=3, seed=2344, stdPort=9.060412580630677, target40=31, targetCapacity=98, targetHC=20, targetIMO=70, targetPorts=11, targetReefer=30, targetRelease=30, targetWeight=71)
