11 118 60 12 120 1 10
#POD
1 2 3 4 5 6 7 8 9 10 11
#LOCATIONS
1
#CONTAINERS_TOLOAD
0 0 0 9610.86 2.59 20 1 0 1 0
0 0 0 13835.97 2.59 20 9 0 1 0
0 0 0 4274.59 2.59 20 8 0 1 0
0 0 0 8949.76 2.59 20 6 0 1 0
0 0 0 13442.47 2.59 20 4 0 1 0
0 0 0 4556.44 2.59 20 1 0 1 0
0 0 0 12749.33 2.59 20 10 0 1 0
0 0 0 5851.81 2.59 20 4 0 1 0
0 0 0 10200.10 2.59 20 11 0 1 0
0 0 0 9666.15 2.59 20 11 0 1 0
0 0 0 7459.28 2.59 20 6 0 1 0
0 0 0 11411.28 2.59 20 3 0 1 0
0 0 0 6873.00 2.59 20 8 0 1 0
0 0 0 9110.03 2.59 20 5 0 1 0
0 0 0 8068.69 2.59 20 2 0 1 0
0 0 0 12183.52 2.59 20 4 0 1 0
0 0 0 5575.32 2.59 20 9 0 1 0
0 0 0 9802.58 2.59 20 10 0 1 0
0 0 0 9908.29 2.59 20 7 0 1 0
0 0 0 9282.67 2.59 20 7 0 1 0
0 0 0 7694.34 2.59 20 1 0 1 4
0 0 0 12125.33 2.59 20 8 0 1 4
0 0 0 6844.58 2.59 20 9 0 1 0
0 0 0 8806.23 2.59 20 1 0 1 0
0 0 0 12162.15 2.59 20 2 0 1 1
0 0 0 5271.89 2.59 20 1 0 1 1
0 0 0 11772.28 2.59 20 4 0 1 0
0 0 0 6538.29 2.59 20 1 0 1 0
0 0 0 10386.17 2.59 20 8 0 1 4
0 0 0 9503.82 2.59 20 3 0 1 4
0 0 0 6461.91 2.59 20 10 0 1 4
0 0 0 13571.76 2.59 20 4 0 1 4
0 0 0 4702.73 2.59 20 9 0 1 4
0 0 0 8966.94 2.59 20 3 0 1 4
0 0 0 12210.64 2.59 20 3 0 1 4
0 0 0 7068.04 2.59 20 2 0 1 4
0 0 0 11765.57 2.59 20 4 0 1 0
0 0 0 4864.51 2.59 20 4 0 1 0
0 0 0 11547.70 2.59 20 7 0 1 1
0 0 0 8120.37 2.59 20 3 0 1 1
0 0 0 10403.63 2.59 20 8 0 1 0
0 0 0 6647.36 2.59 20 2 0 1 0
0 0 0 9809.21 2.59 20 9 0 1 0
0 0 0 11515.91 2.59 20 9 0 1 0
0 0 0 5835.87 2.59 20 3 0 1 0
0 0 0 10814.87 2.59 20 4 0 1 0
0 0 0 9333.88 2.59 20 2 0 1 0
0 0 0 7012.26 2.59 20 4 0 1 0
0 0 0 9489.35 2.59 20 9 0 1 0
0 0 0 10845.98 2.59 20 11 0 1 0
0 0 0 6874.21 2.59 20 7 0 1 0
0 0 0 9414.12 2.59 20 1 0 1 0
0 0 0 8503.25 2.59 20 8 0 1 0
0 0 0 8656.44 2.59 20 10 0 1 0
0 0 0 11170.27 2.59 20 10 1 1 0
0 0 0 7117.05 2.59 20 10 1 1 0
0 0 0 10827.74 2.59 20 6 1 1 0
0 0 0 7004.73 2.59 20 7 1 1 0
0 0 0 14036.24 2.59 20 2 1 1 0
0 0 0 4316.96 2.59 20 10 1 1 0
0 0 0 9795.49 2.59 20 2 0 1 0
0 0 0 7970.45 2.59 20 5 0 1 0
0 0 0 13005.04 2.59 20 5 0 1 0
0 0 0 4921.92 2.59 20 2 0 1 0
0 0 0 11718.10 2.59 20 2 0 1 0
0 0 0 7397.10 2.59 20 6 0 1 0
0 0 0 8738.09 2.59 20 3 0 1 0
0 0 0 11624.12 2.59 20 3 0 1 0
0 0 0 6778.75 2.59 20 6 0 1 4
0 0 0 10663.63 2.59 20 8 0 1 4
0 0 0 6732.64 2.59 20 8 0 1 3
0 0 0 9067.22 2.59 20 8 0 1 3
0 0 0 9076.32 2.59 20 1 0 1 4
0 0 0 12166.69 2.59 20 7 0 1 4
0 0 0 5488.19 2.59 20 8 1 1 3
0 0 0 9482.97 2.59 20 5 1 1 3
0 0 0 11838.70 2.59 20 1 1 1 3
0 0 0 7316.46 2.59 20 9 1 1 3
0 0 0 10951.08 2.59 20 7 1 1 3
0 0 0 6660.26 2.59 20 10 1 1 3
0 0 0 8009.95 2.90 40 6 0 1 0
0 0 0 9520.39 2.59 40 4 0 1 4
0 0 0 13213.49 2.59 40 6 0 1 0
0 0 0 5051.71 2.90 40 2 0 1 1
0 0 0 10764.28 2.90 40 2 0 1 1
0 0 0 8452.26 2.90 40 4 0 1 0
0 0 0 9301.41 2.90 40 2 0 1 4
0 0 0 6962.34 2.59 20 6 1 1 1
0 0 0 10503.55 2.59 20 7 1 1 1
0 0 0 11584.13 2.59 20 9 1 1 1
0 0 0 5933.52 2.59 20 9 1 1 1
0 0 0 10556.56 2.59 20 6 1 1 1
0 0 0 6591.73 2.59 20 1 1 1 1
0 0 0 12979.74 2.59 40 4 0 1 0
0 0 0 6653.57 2.59 40 1 0 1 0
0 0 0 9126.77 2.59 40 5 0 1 0
0 0 0 8283.96 2.90 40 3 0 1 0
0 0 0 10291.14 2.59 40 7 0 1 0
0 0 0 7082.47 2.90 40 7 0 1 0
0 0 0 9453.63 2.90 40 5 0 1 0
0 0 0 9761.43 2.59 40 7 0 1 0
0 0 0 10714.76 2.59 40 4 0 1 0
0 0 0 7310.56 2.59 40 10 0 1 0
0 0 0 9998.19 2.90 40 1 0 1 3
0 0 0 7255.74 2.90 40 6 0 1 3
0 0 0 10883.88 2.90 40 6 0 1 0
0 0 0 9018.56 2.59 40 10 0 1 0
0 0 0 7683.19 2.59 40 4 0 1 3
0 0 0 11880.14 2.59 40 9 0 1 3
0 0 0 5762.55 2.59 40 2 0 1 0
0 0 0 12461.99 2.59 40 2 0 1 3
0 0 0 6279.65 2.59 40 11 0 1 4
0 0 0 8235.03 2.59 40 8 0 1 3
0 0 0 12915.22 2.59 40 4 0 1 0
0 0 0 5669.17 2.59 40 10 0 1 0
0 0 0 9892.91 2.90 40 5 0 1 0
0 0 0 11317.32 2.59 40 3 0 1 0
0 0 0 4907.17 2.90 40 4 0 1 0
#CONTAINERS_LOADED
6 1 1 7500.00 2.59 20 3 1 1 0
6 1 -1 7500.00 2.59 20 4 1 1 0
6 2 1 7500.00 2.59 20 5 1 1 0
6 2 -1 7500.00 2.59 20 2 1 1 0
6 3 1 7500.00 2.59 20 2 1 1 0
6 3 -1 7500.00 2.59 20 2 1 1 0
6 4 1 7500.00 2.59 20 1 1 1 0
6 4 -1 7500.00 2.59 20 4 1 1 0
6 5 1 7500.00 2.59 20 3 1 1 0
6 5 -1 7500.00 2.59 20 9 1 1 0
6 6 1 7500.00 2.59 20 3 1 1 0
6 6 -1 7500.00 2.59 20 10 1 1 0
6 7 1 7500.00 2.59 20 8 1 1 0
6 7 -1 7500.00 2.59 20 10 1 1 0
6 8 1 7500.00 2.59 20 6 1 1 0
6 8 -1 7500.00 2.59 20 5 1 1 0
6 9 1 7500.00 2.59 20 8 1 1 0
6 9 -1 7500.00 2.59 20 6 1 1 0
6 10 1 7500.00 2.59 20 2 1 1 0
6 10 -1 7500.00 2.59 20 5 1 1 0
7 1 1 7500.00 2.59 20 1 1 1 0
7 1 -1 7500.00 2.59 20 8 1 1 0
7 2 1 7500.00 2.59 20 10 1 1 2
7 2 -1 7500.00 2.59 20 5 1 1 2
7 3 1 7500.00 2.59 20 3 1 1 2
7 3 -1 7500.00 2.59 20 7 1 1 2
7 4 1 7500.00 2.59 20 1 1 1 2
7 4 -1 7500.00 2.59 20 10 1 1 2
7 5 1 7500.00 2.59 20 6 1 1 2
7 5 -1 7500.00 2.59 20 6 1 1 2
7 6 1 7500.00 2.59 20 2 1 1 2
7 6 -1 7500.00 2.59 20 7 1 1 2
7 7 1 7500.00 2.59 20 11 1 1 2
7 7 -1 7500.00 2.59 20 1 1 1 2
7 8 1 7500.00 2.59 20 8 1 1 2
7 8 -1 7500.00 2.59 20 2 1 1 2
7 9 1 7500.00 2.59 20 7 1 1 2
7 9 -1 7500.00 2.59 20 5 1 1 2
7 10 1 7500.00 2.59 20 8 1 1 2
7 10 -1 7500.00 2.59 20 7 1 1 2
8 1 1 7500.00 2.59 20 8 1 1 0
8 1 -1 7500.00 2.59 20 5 1 1 0
8 2 1 7500.00 2.59 20 6 1 1 0
8 2 -1 7500.00 2.59 20 8 1 1 0
8 3 1 7500.00 2.59 20 7 1 1 0
8 3 -1 7500.00 2.59 20 7 1 1 0
8 4 1 7500.00 2.59 20 5 1 1 0
8 4 -1 7500.00 2.59 20 6 1 1 0
8 5 1 7500.00 2.59 20 7 1 1 0
8 5 -1 7500.00 2.59 20 7 1 1 0
8 6 1 7500.00 2.59 20 3 1 1 0
8 6 -1 7500.00 2.59 20 2 1 1 0
8 7 1 7500.00 2.59 20 11 1 1 0
8 7 -1 7500.00 2.59 20 2 1 1 0
8 8 1 7500.00 2.59 20 11 1 1 0
8 8 -1 7500.00 2.59 20 9 1 1 0
8 9 1 7500.00 2.59 20 10 1 1 0
8 9 -1 7500.00 2.59 20 1 1 1 0
8 10 1 7500.00 2.59 20 3 1 1 0
8 10 -1 7500.00 2.59 20 5 1 1 0
#STACKS
150000.00 25.90 1
150000.00 25.90 1
150000.00 25.90 1
150000.00 25.90 1
150000.00 25.90 1
150000.00 25.90 1
150000.00 25.90 1
150000.00 25.90 1
150000.00 25.90 1
150000.00 25.90 1
150000.00 25.90 1
150000.00 25.90 1
#CELLS
1 0 0 1 1 1 1
1 0 0 1 1 1 1
1 0 0 1 1 1 1
1 0 0 1 1 1 1
1 0 0 1 1 1 1
1 0 0 1 1 1 1
1 0 0 1 1 1 1
1 0 0 1 1 1 1
1 0 0 1 1 1 1
1 0 0 1 1 1 1
2 0 0 1 1 1 1
2 0 0 1 1 1 1
2 0 0 1 1 1 1
2 0 0 1 1 1 1
2 0 0 1 1 1 1
2 0 0 1 1 1 1
2 0 0 1 1 1 1
2 0 0 1 1 1 1
2 0 0 1 1 1 1
2 0 0 1 1 1 1
3 0 0 1 1 1 1
3 0 0 1 1 1 1
3 0 0 1 1 1 1
3 0 0 1 1 1 1
3 0 0 1 1 1 1
3 0 0 1 1 1 1
3 0 0 1 1 1 1
3 0 0 1 1 1 1
3 0 0 1 1 1 1
3 0 0 1 1 1 1
4 1 1 1 1 1 1
4 1 1 1 1 1 1
4 1 1 1 1 1 1
4 1 1 1 1 1 1
4 1 1 1 1 1 1
4 1 1 1 1 1 1
4 1 1 1 1 1 1
4 1 1 1 1 1 1
4 1 1 1 1 1 1
4 1 1 1 1 1 1
5 1 1 1 1 1 1
5 1 1 1 1 1 1
5 1 1 1 1 1 1
5 1 1 1 1 1 1
5 1 1 1 1 1 1
5 1 1 1 1 1 1
5 1 1 1 1 1 1
5 1 1 1 1 1 1
5 1 1 1 1 1 1
5 1 1 1 1 1 1
6 1 1 1 1 1 1
6 1 1 1 1 1 1
6 1 1 1 1 1 1
6 1 1 1 1 1 1
6 1 1 1 1 1 1
6 1 1 1 1 1 1
6 1 1 1 1 1 1
6 1 1 1 1 1 1
6 1 1 1 1 1 1
6 1 1 1 1 1 1
7 1 1 1 1 1 1
7 1 1 1 1 1 1
7 1 1 1 1 1 1
7 1 1 1 1 1 1
7 1 1 1 1 1 1
7 1 1 1 1 1 1
7 1 1 1 1 1 1
7 1 1 1 1 1 1
7 1 1 1 1 1 1
7 1 1 1 1 1 1
8 1 1 1 1 1 1
8 1 1 1 1 1 1
8 1 1 1 1 1 1
8 1 1 1 1 1 1
8 1 1 1 1 1 1
8 1 1 1 1 1 1
8 1 1 1 1 1 1
8 1 1 1 1 1 1
8 1 1 1 1 1 1
8 1 1 1 1 1 1
9 1 1 1 1 1 1
9 1 1 1 1 1 1
9 1 1 1 1 1 1
9 1 1 1 1 1 1
9 1 1 1 1 1 1
9 1 1 1 1 1 1
9 1 1 1 1 1 1
9 1 1 1 1 1 1
9 1 1 1 1 1 1
9 1 1 1 1 1 1
10 0 0 1 1 1 1
10 0 0 1 1 1 1
10 0 0 1 1 1 1
10 0 0 1 1 1 1
10 0 0 1 1 1 1
10 0 0 1 1 1 1
10 0 0 1 1 1 1
10 0 0 1 1 1 1
10 0 0 1 1 1 1
10 0 0 1 1 1 1
11 0 0 1 1 1 1
11 0 0 1 1 1 1
11 0 0 1 1 1 1
11 0 0 1 1 1 1
11 0 0 1 1 1 1
11 0 0 1 1 1 1
11 0 0 1 1 1 1
11 0 0 1 1 1 1
11 0 0 1 1 1 1
11 0 0 1 1 1 1
12 0 0 1 1 1 1
12 0 0 1 1 1 1
12 0 0 1 1 1 1
12 0 0 1 1 1 1
12 0 0 1 1 1 1
12 0 0 1 1 1 1
12 0 0 1 1 1 1
12 0 0 1 1 1 1
12 0 0 1 1 1 1
12 0 0 1 1 1 1
#INFO-GEN
Namespace(bayType=5, francisco=True, meanPort=3, seed=2344, stdPort=9.060412580630677, target40=31, targetCapacity=88, targetHC=40, targetIMO=70, targetPorts=11, targetReefer=30, targetRelease=30, targetWeight=79)
