27 18 56 7 56 1 8
#POD
1 3 4 5 6 7 8 9 10 11 12 13 14 15 16 17 18 19 20 21 22 23 24 25 26 28 29
#LOCATIONS
1
#CONTAINERS_TOLOAD
0 0 0 17298.23 2.59 20 10 0 1 0
0 0 0 18737.32 2.59 20 3 0 1 0
0 0 0 11575.25 2.59 20 20 0 1 0
0 0 0 19763.08 2.59 20 28 0 1 0
0 0 0 11234.37 2.59 20 13 0 1 0
0 0 0 13679.27 2.59 20 3 0 1 0
0 0 0 15397.62 2.59 20 20 0 1 0
0 0 0 19784.17 2.59 20 11 0 1 0
0 0 0 11871.71 2.59 20 25 0 1 0
0 0 0 17367.72 2.59 20 1 0 1 0
0 0 0 10184.56 2.59 20 14 0 1 0
0 0 0 18170.10 2.59 20 5 0 1 0
0 0 0 14677.50 2.59 20 17 0 1 0
0 0 0 15432.67 2.59 20 17 0 1 0
0 0 0 12353.92 2.59 20 3 0 1 0
0 0 0 17788.45 2.59 20 8 0 1 0
0 0 0 13046.70 2.59 20 7 0 1 0
0 0 0 11637.36 2.59 20 15 0 1 0
#CONTAINERS_LOADED
2 3 1 7500.00 2.59 20 4 0 1 0
2 3 -1 7500.00 2.59 20 23 0 1 0
2 4 1 7500.00 2.59 20 6 0 1 0
2 4 -1 7500.00 2.59 20 1 0 1 0
2 5 1 7500.00 2.59 20 12 0 1 0
2 5 -1 7500.00 2.59 20 9 0 1 0
2 6 1 7500.00 2.59 20 13 0 1 0
2 6 -1 7500.00 2.59 20 13 0 1 0
3 1 1 7500.00 2.59 20 17 1 1 0
3 1 -1 7500.00 2.59 20 5 0 1 0
3 2 1 7500.00 2.59 20 20 1 1 0
3 2 -1 7500.00 2.59 20 25 0 1 0
3 3 1 7500.00 2.59 20 4 1 1 0
3 3 -1 7500.00 2.59 20 25 0 1 0
3 4 1 7500.00 2.59 20 12 1 1 0
3 4 -1 7500.00 2.59 20 16 0 1 0
3 5 1 7500.00 2.59 20 29 1 1 1
3 5 -1 7500.00 2.59 20 21 0 1 1
3 6 1 7500.00 2.59 20 29 1 1 0
3 6 -1 7500.00 2.59 20 26 0 1 0
3 7 1 7500.00 2.59 20 18 1 1 4
3 7 -1 7500.00 2.59 20 21 0 1 4
3 8 1 7500.00 2.59 20 14 0 1 0
3 8 -1 7500.00 2.59 20 23 0 1 0
4 1 1 7500.00 2.59 20 13 1 1 0
4 1 -1 7500.00 2.59 20 1 0 1 0
4 2 1 7500.00 2.59 20 20 1 1 0
4 2 -1 7500.00 2.59 20 22 0 1 0
4 3 1 7500.00 2.59 20 8 1 1 0
4 3 -1 7500.00 2.59 20 5 0 1 0
4 4 1 7500.00 2.59 20 21 1 1 0
4 4 -1 7500.00 2.59 20 13 0 1 0
4 5 1 7500.00 2.59 20 9 1 1 0
4 5 -1 7500.00 2.59 20 22 0 1 0
4 6 1 7500.00 2.59 20 6 1 1 0
4 6 -1 7500.00 2.59 20 6 0 1 0
4 7 1 7500.00 2.59 20 13 1 1 0
4 7 -1 7500.00 2.59 20 17 0 1 0
4 8 1 7500.00 2.59 20 19 0 1 0
4 8 -1 7500.00 2.59 20 20 0 1 0
5 1 1 7500.00 2.59 20 21 1 1 2
5 1 -1 7500.00 2.59 20 10 0 1 2
5 2 1 7500.00 2.59 20 21 1 1 0
5 2 -1 7500.00 2.59 20 29 0 1 0
5 3 1 7500.00 2.59 20 23 1 1 0
5 3 -1 7500.00 2.59 20 21 0 1 0
5 4 1 7500.00 2.59 20 18 1 1 0
5 4 -1 7500.00 2.59 20 20 0 1 0
5 5 1 7500.00 2.59 20 14 1 1 0
5 5 -1 7500.00 2.59 20 18 0 1 0
5 6 1 7500.00 2.59 20 24 1 1 0
5 6 -1 7500.00 2.59 20 10 0 1 0
5 7 1 7500.00 2.59 20 25 1 1 0
5 7 -1 7500.00 2.59 20 1 0 1 0
5 8 1 7500.00 2.59 20 28 0 1 0
5 8 -1 7500.00 2.59 20 29 0 1 0
#STACKS
75000.00 12.95 1
90000.00 15.54 1
120000.00 20.72 1
120000.00 20.72 1
120000.00 20.72 1
90000.00 15.54 1
75000.00 12.95 1
#CELLS
1 0 0 0 0 0 1
1 0 0 0 0 0 1
1 0 0 0 0 0 1
1 0 0 1 1 1 1
1 0 0 1 1 1 1
1 0 0 1 1 1 1
1 0 0 1 1 1 1
1 0 0 1 1 1 1
2 0 0 0 0 0 1
2 0 0 0 0 0 1
2 0 0 1 1 1 1
2 0 0 1 1 1 1
2 0 0 1 1 1 1
2 0 0 1 1 1 1
2 0 0 1 1 1 1
2 0 0 1 1 1 1
3 0 1 1 1 1 1
3 0 1 1 1 1 1
3 0 1 1 1 1 1
3 0 1 1 1 1 1
3 0 1 1 1 1 1
3 0 1 1 1 1 1
3 0 1 1 1 1 1
3 0 0 1 1 1 1
4 0 1 1 1 1 1
4 0 1 1 1 1 1
4 0 1 1 1 1 1
4 0 1 1 1 1 1
4 0 1 1 1 1 1
4 0 1 1 1 1 1
4 0 1 1 1 1 1
4 0 0 1 1 1 1
5 0 1 1 1 1 1
5 0 1 1 1 1 1
5 0 1 1 1 1 1
5 0 1 1 1 1 1
5 0 1 1 1 1 1
5 0 1 1 1 1 1
5 0 1 1 1 1 1
5 0 0 1 1 1 1
6 0 0 0 0 0 1
6 0 0 0 0 0 1
6 0 0 1 1 1 1
6 0 0 1 1 1 1
6 0 0 1 1 1 1
6 0 0 1 1 1 1
6 0 0 1 1 1 1
6 0 0 1 1 1 1
7 0 0 0 0 0 1
7 0 0 0 0 0 1
7 0 0 0 0 0 1
7 0 0 1 1 1 1
7 0 0 1 1 1 1
7 0 0 1 1 1 1
7 0 0 1 1 1 1
7 0 0 1 1 1 1
#INFO-GEN
Namespace(bayType=2, francisco=True, meanPort=17, seed=1234, stdPort=19.80377748166358, target40=0, targetCapacity=82, targetHC=55, targetIMO=8, targetPorts=29, targetReefer=44, targetRelease=78, targetWeight=100)
