11 108 58 12 120 1 10
#POD
1 2 3 4 5 6 7 8 9 10 11
#LOCATIONS
1
#CONTAINERS_TOLOAD
0 0 0 10369.61 2.59 20 11 0 1 0
0 0 0 15079.65 2.59 20 5 0 1 0
0 0 0 4420.88 2.59 20 7 0 1 0
0 0 0 9632.63 2.59 20 1 0 1 0
0 0 0 14640.98 2.59 20 9 0 1 0
0 0 0 4735.07 2.59 20 8 0 1 0
0 0 0 13868.29 2.59 20 6 0 1 0
0 0 0 6179.12 2.59 20 4 0 1 0
0 0 0 11026.47 2.59 20 1 0 1 0
0 0 0 10431.24 2.59 20 10 0 1 0
0 0 0 7971.08 2.59 20 4 0 1 0
0 0 0 12376.66 2.59 20 11 0 1 0
0 0 0 7317.51 2.59 20 11 0 1 0
0 0 0 9811.30 2.59 20 6 0 1 0
0 0 0 8650.44 2.59 20 3 0 1 0
0 0 0 13237.54 2.59 20 8 0 1 0
0 0 0 5870.90 2.59 20 5 0 1 0
0 0 0 10583.33 2.59 20 2 0 1 0
0 0 0 10701.18 2.59 20 4 0 1 0
0 0 0 10003.76 2.59 20 9 0 1 0
0 0 0 8233.12 2.59 20 10 0 1 4
0 0 0 13172.67 2.59 20 7 0 1 4
0 0 0 7285.84 2.59 20 7 0 1 4
0 0 0 9472.63 2.59 20 1 0 1 4
0 0 0 13213.72 2.59 20 8 0 1 0
0 0 0 5532.65 2.59 20 9 0 1 0
0 0 0 12779.10 2.59 20 1 0 1 4
0 0 0 6944.39 2.59 20 2 0 1 4
0 0 0 11233.90 2.59 20 1 0 1 3
0 0 0 10250.29 2.59 20 4 0 1 3
0 0 0 6859.25 2.59 20 1 0 1 3
0 0 0 14785.12 2.59 20 8 0 1 3
0 0 0 4898.15 2.59 20 3 0 1 3
0 0 0 9651.79 2.59 20 10 0 1 3
0 0 0 13267.77 2.59 20 4 0 1 3
0 0 0 7534.94 2.59 20 9 0 1 3
0 0 0 12771.62 2.59 20 3 0 1 0
0 0 0 5078.51 2.59 20 3 0 1 0
0 0 0 12528.75 2.59 20 2 0 1 0
0 0 0 8708.05 2.59 20 4 0 1 0
0 0 0 11253.37 2.59 20 4 0 1 0
0 0 0 7065.98 2.59 20 7 0 1 0
0 0 0 10590.73 2.59 20 3 0 1 0
0 0 0 12493.31 2.59 20 8 0 1 0
0 0 0 6161.35 2.59 20 2 0 1 0
0 0 0 11711.80 2.59 20 9 0 1 0
0 0 0 10060.84 2.59 20 9 0 1 0
0 0 0 7472.76 2.59 20 3 0 1 0
0 0 0 10234.15 2.59 20 4 0 1 0
0 0 0 11746.49 2.59 20 2 0 1 0
0 0 0 7318.86 2.59 20 4 1 1 0
0 0 0 10150.29 2.59 20 9 1 1 0
0 0 0 9134.87 2.59 20 11 1 1 0
0 0 0 9305.64 2.59 20 7 1 1 0
0 0 0 12108.00 2.59 20 1 1 1 0
0 0 0 7589.58 2.59 20 8 1 1 0
0 0 0 11726.15 2.59 20 10 0 1 0
0 0 0 7464.37 2.59 20 10 0 1 0
0 0 0 15302.90 2.59 20 10 0 1 1
0 0 0 4468.11 2.59 20 6 0 1 1
0 0 0 10575.43 2.59 20 7 0 1 4
0 0 0 8540.92 2.59 20 2 0 1 4
0 0 0 14153.35 2.59 20 10 0 1 1
0 0 0 5142.50 2.59 20 2 0 1 1
0 0 0 12718.70 2.59 20 5 0 1 0
0 0 0 7901.76 2.59 20 5 0 1 0
0 0 0 9396.67 2.59 20 2 0 1 1
0 0 0 12613.94 2.59 20 2 0 1 1
0 0 0 7212.45 2.59 20 6 0 1 0
0 0 0 11543.21 2.59 20 3 0 1 0
0 0 0 7161.04 2.59 20 3 1 1 1
0 0 0 9763.57 2.59 20 6 1 1 1
0 0 0 9773.72 2.59 20 8 1 1 0
0 0 0 13218.78 2.59 20 8 1 1 0
0 0 0 5773.77 2.59 20 8 1 1 1
0 0 0 10227.04 2.59 20 1 1 1 1
0 0 0 12853.15 2.59 20 7 0 1 0
0 0 0 7811.88 2.59 20 8 0 1 0
0 0 0 11863.65 2.59 40 5 0 1 0
0 0 0 7080.36 2.90 40 1 0 1 4
0 0 0 8584.95 2.90 40 9 0 1 4
0 0 0 10268.75 2.59 40 7 0 1 4
0 0 0 14385.72 2.90 40 10 0 1 3
0 0 0 5287.19 2.90 40 6 0 1 3
0 0 0 11655.41 2.90 40 4 0 1 3
0 0 0 9078.03 2.90 40 6 1 1 4
0 0 0 10024.65 2.90 40 2 1 1 4
0 0 0 7417.11 2.59 40 2 1 1 3
0 0 0 11364.75 2.59 40 4 0 1 0
0 0 0 12569.36 2.90 40 2 0 1 0
0 0 0 6270.21 2.59 40 6 0 1 0
0 0 0 11423.85 2.90 40 7 0 1 0
0 0 0 7003.96 2.59 40 9 0 1 0
0 0 0 14125.14 2.59 40 9 0 1 0
0 0 0 7072.90 2.59 40 6 0 1 0
0 0 0 9829.96 2.90 40 1 0 1 0
0 0 0 8890.42 2.59 40 4 0 1 0
0 0 0 11127.97 2.90 40 1 0 1 0
0 0 0 7551.02 2.90 40 5 0 1 1
0 0 0 10194.33 2.59 40 3 0 1 0
0 0 0 10537.46 2.90 40 7 0 1 1
0 0 0 11600.21 2.90 40 7 0 1 0
0 0 0 7805.30 2.59 40 5 0 1 0
0 0 0 10801.40 2.90 40 7 0 1 1
0 0 0 7744.18 2.59 40 4 0 1 1
0 0 0 11788.74 2.59 40 10 0 1 1
0 0 0 9709.33 2.90 40 1 0 1 0
0 0 0 7040.31 2.90 40 6 0 1 0
#CONTAINERS_LOADED
6 1 1 7500.00 2.59 20 6 1 1 0
6 1 -1 7500.00 2.59 20 10 1 1 0
6 2 1 7500.00 2.59 20 4 1 1 0
6 2 -1 7500.00 2.59 20 9 1 1 0
6 3 1 7500.00 2.59 20 2 1 1 0
6 3 -1 7500.00 2.59 20 2 1 1 0
6 4 1 7500.00 2.59 20 11 1 1 0
6 4 -1 7500.00 2.59 20 8 1 1 0
6 5 1 7500.00 2.59 20 4 1 1 0
6 5 -1 7500.00 2.59 20 10 1 1 0
6 6 1 7500.00 2.59 20 5 1 1 0
6 6 -1 7500.00 2.59 20 3 1 1 0
6 7 1 7500.00 2.59 20 4 1 1 0
6 7 -1 7500.00 2.59 20 3 1 1 0
6 8 1 7500.00 2.59 20 4 1 1 0
6 8 -1 7500.00 2.59 20 5 1 1 0
6 9 1 7500.00 2.59 20 2 1 1 0
6 9 -1 7500.00 2.59 20 2 1 1 0
6 10 1 7500.00 2.59 20 2 1 1 0
6 10 -1 7500.00 2.59 20 1 1 1 0
7 1 1 7500.00 2.59 20 4 1 1 3
7 1 -1 7500.00 2.59 20 3 1 1 3
7 2 1 7500.00 2.59 20 9 1 1 3
7 2 -1 7500.00 2.59 20 3 1 1 3
7 3 1 7500.00 2.59 20 10 1 1 4
7 3 -1 7500.00 2.59 20 8 1 1 4
7 4 1 7500.00 2.59 20 10 1 1 4
7 4 -1 7500.00 2.59 20 6 1 1 4
7 5 1 7500.00 2.59 20 5 1 1 3
7 5 -1 7500.00 2.59 20 8 1 1 3
7 6 1 7500.00 2.59 20 6 1 1 4
7 6 -1 7500.00 2.59 20 2 1 1 4
7 7 1 7500.00 2.59 20 5 1 1 0
7 7 -1 7500.00 2.59 20 1 1 1 0
7 8 1 7500.00 2.59 20 8 1 1 0
7 8 -1 7500.00 2.59 20 10 1 1 0
7 9 1 7500.00 2.59 20 5 1 1 0
7 9 -1 7500.00 2.59 20 3 1 1 0
7 10 1 7500.00 2.59 20 7 1 1 3
7 10 -1 7500.00 2.59 20 1 1 1 3
8 1 1 7500.00 2.59 20 10 1 1 0
8 1 -1 7500.00 2.59 20 6 1 1 0
8 2 1 7500.00 2.59 20 6 1 1 0
8 2 -1 7500.00 2.59 20 2 1 1 0
8 3 1 7500.00 2.59 20 7 1 1 0
8 3 -1 7500.00 2.59 20 11 1 1 0
8 4 1 7500.00 2.59 20 1 1 1 0
8 4 -1 7500.00 2.59 20 8 1 1 0
8 5 1 7500.00 2.59 20 2 1 1 0
8 5 -1 7500.00 2.59 20 7 1 1 0
8 6 1 7500.00 2.59 20 5 1 1 0
8 6 -1 7500.00 2.59 20 8 1 1 0
8 7 1 7500.00 2.59 20 7 1 1 0
8 7 -1 7500.00 2.59 20 8 1 1 0
8 8 1 7500.00 2.59 20 5 1 1 0
8 8 -1 7500.00 2.59 20 6 1 1 0
8 9 1 7500.00 2.59 20 8 1 1 0
8 9 -1 7500.00 2.59 20 7 1 1 0
#STACKS
150000.00 25.90 1
150000.00 25.90 1
150000.00 25.90 1
150000.00 25.90 1
150000.00 25.90 1
150000.00 25.90 1
150000.00 25.90 1
150000.00 25.90 1
150000.00 25.90 1
150000.00 25.90 1
150000.00 25.90 1
150000.00 25.90 1
#CELLS
1 0 0 1 1 1 1
1 0 0 1 1 1 1
1 0 0 1 1 1 1
1 0 0 1 1 1 1
1 0 0 1 1 1 1
1 0 0 1 1 1 1
1 0 0 1 1 1 1
1 0 0 1 1 1 1
1 0 0 1 1 1 1
1 0 0 1 1 1 1
2 0 0 1 1 1 1
2 0 0 1 1 1 1
2 0 0 1 1 1 1
2 0 0 1 1 1 1
2 0 0 1 1 1 1
2 0 0 1 1 1 1
2 0 0 1 1 1 1
2 0 0 1 1 1 1
2 0 0 1 1 1 1
2 0 0 1 1 1 1
3 0 0 1 1 1 1
3 0 0 1 1 1 1
3 0 0 1 1 1 1
3 0 0 1 1 1 1
3 0 0 1 1 1 1
3 0 0 1 1 1 1
3 0 0 1 1 1 1
3 0 0 1 1 1 1
3 0 0 1 1 1 1
3 0 0 1 1 1 1
4 1 1 1 1 1 1
4 1 1 1 1 1 1
4 1 1 1 1 1 1
4 1 1 1 1 1 1
4 1 1 1 1 1 1
4 1 1 1 1 1 1
4 1 1 1 1 1 1
4 1 1 1 1 1 1
4 1 1 1 1 1 1
4 1 1 1 1 1 1
5 1 1 1 1 1 1
5 1 1 1 1 1 1
5 1 1 1 1 1 1
5 1 1 1 1 1 1
5 1 1 1 1 1 1
5 1 1 1 1 1 1
5 1 1 1 1 1 1
5 1 1 1 1 1 1
5 1 1 1 1 1 1
5 1 1 1 1 1 1
6 1 1 1 1 1 1
6 1 1 1 1 1 1
6 1 1 1 1 1 1
6 1 1 1 1 1 1
6 1 1 1 1 1 1
6 1 1 1 1 1 1
6 1 1 1 1 1 1
6 1 1 1 1 1 1
6 1 1 1 1 1 1
6 1 1 1 1 1 1
7 1 1 1 1 1 1
7 1 1 1 1 1 1
7 1 1 1 1 1 1
7 1 1 1 1 1 1
7 1 1 1 1 1 1
7 1 1 1 1 1 1
7 1 1 1 1 1 1
7 1 1 1 1 1 1
7 1 1 1 1 1 1
7 1 1 1 1 1 1
8 1 1 1 1 1 1
8 1 1 1 1 1 1
8 1 1 1 1 1 1
8 1 1 1 1 1 1
8 1 1 1 1 1 1
8 1 1 1 1 1 1
8 1 1 1 1 1 1
8 1 1 1 1 1 1
8 1 1 1 1 1 1
8 1 1 1 1 1 1
9 1 1 1 1 1 1
9 1 1 1 1 1 1
9 1 1 1 1 1 1
9 1 1 1 1 1 1
9 1 1 1 1 1 1
9 1 1 1 1 1 1
9 1 1 1 1 1 1
9 1 1 1 1 1 1
9 1 1 1 1 1 1
9 1 1 1 1 1 1
10 0 0 1 1 1 1
10 0 0 1 1 1 1
10 0 0 1 1 1 1
10 0 0 1 1 1 1
10 0 0 1 1 1 1
10 0 0 1 1 1 1
10 0 0 1 1 1 1
10 0 0 1 1 1 1
10 0 0 1 1 1 1
10 0 0 1 1 1 1
11 0 0 1 1 1 1
11 0 0 1 1 1 1
11 0 0 1 1 1 1
11 0 0 1 1 1 1
11 0 0 1 1 1 1
11 0 0 1 1 1 1
11 0 0 1 1 1 1
11 0 0 1 1 1 1
11 0 0 1 1 1 1
11 0 0 1 1 1 1
12 0 0 1 1 1 1
12 0 0 1 1 1 1
12 0 0 1 1 1 1
12 0 0 1 1 1 1
12 0 0 1 1 1 1
12 0 0 1 1 1 1
12 0 0 1 1 1 1
12 0 0 1 1 1 1
12 0 0 1 1 1 1
12 0 0 1 1 1 1
#INFO-GEN
Namespace(bayType=5, francisco=True, meanPort=3, seed=2344, stdPort=9.060412580630677, target40=31, targetCapacity=82, targetHC=50, targetIMO=70, targetPorts=11, targetReefer=30, targetRelease=30, targetWeight=77)
