26 83 80 12 120 1 10
#POD
1 2 3 4 5 6 7 8 9 10 11 12 13 14 15 16 17 18 19 20 21 22 23 24 25 26
#LOCATIONS
1
#CONTAINERS_TOLOAD
0 0 0 13768.62 2.59 20 6 0 1 0
0 0 0 17862.55 2.59 20 2 0 1 0
0 0 0 5825.65 2.59 20 4 0 1 0
0 0 0 13675.49 2.59 20 4 0 1 0
0 0 0 14019.56 2.59 20 9 0 1 0
0 0 0 15552.29 2.59 20 13 0 1 0
0 0 0 6743.93 2.59 20 16 0 1 0
0 0 0 20996.55 2.59 20 7 0 1 0
0 0 0 3618.30 2.59 20 2 0 1 0
0 0 0 19677.99 2.59 20 7 0 1 0
0 0 0 5270.27 2.59 20 18 0 1 0
0 0 0 21108.35 2.59 20 2 0 1 0
0 0 0 3903.05 2.59 20 3 0 1 0
0 0 0 20962.65 2.59 20 11 0 1 0
0 0 0 3795.34 2.59 20 7 0 1 0
0 0 0 16900.49 2.59 20 14 0 1 0
0 0 0 8765.96 2.59 20 8 0 1 0
0 0 0 19492.60 2.59 20 26 0 1 0
0 0 0 4875.13 2.59 20 22 0 1 0
0 0 0 12986.23 2.59 20 21 0 1 0
0 0 0 13075.59 2.59 20 22 0 1 0
0 0 0 18186.21 2.59 20 10 0 1 0
0 0 0 6354.82 2.59 20 3 0 1 0
0 0 0 13139.22 2.59 20 25 0 1 0
0 0 0 17311.45 2.59 20 12 0 1 0
0 0 0 6234.47 2.59 20 1 0 1 0
0 0 0 12295.67 2.59 20 6 1 1 0
0 0 0 20440.81 2.59 20 5 1 1 0
0 0 0 3731.88 2.59 20 10 1 1 0
0 0 0 20546.19 2.59 20 15 1 1 0
0 0 0 4579.25 2.59 20 16 1 1 0
0 0 0 20251.18 2.59 20 1 1 1 0
0 0 0 5294.01 2.59 20 12 1 1 0
0 0 0 14026.98 2.59 20 10 1 1 0
0 0 0 15689.90 2.59 20 8 1 1 0
0 0 0 7525.78 2.59 20 11 1 1 0
0 0 0 13882.45 2.59 20 1 1 1 0
0 0 0 10982.26 2.59 20 6 1 1 0
0 0 0 15904.97 2.59 20 1 1 1 0
0 0 0 11419.30 2.59 20 14 1 1 0
0 0 0 11576.65 2.59 20 13 1 1 0
0 0 0 14491.94 2.59 20 12 1 1 0
0 0 0 7930.17 2.59 20 10 1 1 0
0 0 0 16973.57 2.59 20 6 1 1 0
0 0 0 11617.26 2.59 40 9 0 1 0
0 0 0 11613.40 2.59 20 21 0 1 0
0 0 0 11562.92 2.59 20 24 0 1 0
0 0 0 11663.92 2.59 20 8 1 1 0
0 0 0 11227.03 2.59 20 13 1 1 0
0 0 0 13110.29 2.59 20 15 1 1 0
0 0 0 16908.23 2.59 20 14 1 1 0
0 0 0 9631.69 2.59 20 4 1 1 0
0 0 0 14866.53 2.59 20 10 1 1 0
0 0 0 9926.11 2.59 20 23 1 1 0
0 0 0 16874.29 2.59 20 7 1 1 0
0 0 0 6934.29 2.59 20 5 1 1 0
0 0 0 12166.85 2.59 20 14 1 1 0
0 0 0 15475.88 2.59 20 10 1 1 0
0 0 0 8737.89 2.59 20 10 1 1 0
0 0 0 16531.26 2.59 20 17 1 1 0
0 0 0 9325.77 2.59 20 18 1 1 0
0 0 0 12525.34 2.59 20 1 1 1 0
0 0 0 11689.78 2.59 20 9 1 1 0
0 0 0 15941.98 2.59 40 11 0 1 0
0 0 0 10622.67 2.59 40 17 0 1 0
0 0 0 13816.52 2.59 40 8 0 1 0
0 0 0 11453.59 2.59 40 5 0 1 0
0 0 0 11058.48 2.59 40 21 0 1 0
0 0 0 18168.48 2.59 40 10 0 1 0
0 0 0 6487.44 2.59 40 13 0 1 0
0 0 0 12448.91 2.59 40 2 0 1 0
0 0 0 16133.38 2.59 40 23 0 1 0
0 0 0 8449.49 2.59 40 16 0 1 0
0 0 0 15357.80 2.59 40 23 0 1 0
0 0 0 13437.96 2.59 40 15 0 1 0
0 0 0 10580.41 2.59 40 14 0 1 0
0 0 0 14208.62 2.59 40 9 0 1 0
0 0 0 11825.29 2.59 40 19 0 1 0
0 0 0 10274.32 2.59 40 13 0 1 0
0 0 0 13210.85 2.59 40 22 0 1 0
0 0 0 10950.91 2.59 40 8 0 1 0
0 0 0 16015.06 2.59 40 15 0 1 0
0 0 0 7462.38 2.59 40 2 0 1 0
#CONTAINERS_LOADED
5 1 1 7500.00 2.59 20 6 1 1 0
5 1 -1 7500.00 2.59 20 12 1 1 0
5 2 1 7500.00 2.59 20 17 1 1 0
5 2 -1 7500.00 2.59 20 12 1 1 0
5 3 1 7500.00 2.59 20 3 1 1 0
5 3 -1 7500.00 2.59 20 3 1 1 0
5 4 1 7500.00 2.59 20 20 1 1 0
5 4 -1 7500.00 2.59 20 8 1 1 0
5 5 1 7500.00 2.59 20 11 1 1 0
5 5 -1 7500.00 2.59 20 22 1 1 0
5 6 1 7500.00 2.59 20 25 1 1 0
5 6 -1 7500.00 2.59 20 6 1 1 0
5 7 1 7500.00 2.59 20 11 1 1 0
5 7 -1 7500.00 2.59 20 4 1 1 0
5 8 1 7500.00 2.59 20 3 1 1 0
5 8 -1 7500.00 2.59 20 7 1 1 0
5 9 1 7500.00 2.59 20 11 1 1 0
5 9 -1 7500.00 2.59 20 9 1 1 0
5 10 1 7500.00 2.59 20 18 1 1 0
5 10 -1 7500.00 2.59 20 12 1 1 0
6 1 1 7500.00 2.59 20 8 1 1 0
6 1 -1 7500.00 2.59 20 21 1 1 0
6 2 1 7500.00 2.59 20 11 1 1 0
6 2 -1 7500.00 2.59 20 13 1 1 0
6 3 1 7500.00 2.59 20 4 1 1 0
6 3 -1 7500.00 2.59 20 1 1 1 0
6 4 1 7500.00 2.59 20 7 1 1 0
6 4 -1 7500.00 2.59 20 8 1 1 0
6 5 1 7500.00 2.59 20 5 1 1 0
6 5 -1 7500.00 2.59 20 7 1 1 0
6 6 1 7500.00 2.59 20 15 1 1 0
6 6 -1 7500.00 2.59 20 4 1 1 0
6 7 1 7500.00 2.59 20 3 1 1 0
6 7 -1 7500.00 2.59 20 3 1 1 0
6 8 1 7500.00 2.59 20 24 1 1 0
6 8 -1 7500.00 2.59 20 16 1 1 0
6 9 1 7500.00 2.59 20 14 1 1 0
6 9 -1 7500.00 2.59 20 4 1 1 0
6 10 1 7500.00 2.59 20 6 1 1 0
6 10 -1 7500.00 2.59 20 24 1 1 0
7 1 1 7500.00 2.59 20 5 1 1 0
7 1 -1 7500.00 2.59 20 20 1 1 0
7 2 1 7500.00 2.59 20 8 1 1 0
7 2 -1 7500.00 2.59 20 5 1 1 0
7 3 1 7500.00 2.59 20 23 1 1 0
7 3 -1 7500.00 2.59 20 2 1 1 0
7 4 1 7500.00 2.59 20 7 1 1 0
7 4 -1 7500.00 2.59 20 10 1 1 0
7 5 1 7500.00 2.59 20 17 1 1 0
7 5 -1 7500.00 2.59 20 12 1 1 0
7 6 1 7500.00 2.59 20 19 1 1 0
7 6 -1 7500.00 2.59 20 9 1 1 0
7 7 1 7500.00 2.59 20 3 1 1 0
7 7 -1 7500.00 2.59 20 17 1 1 0
7 8 1 7500.00 2.59 20 1 1 1 0
7 8 -1 7500.00 2.59 20 6 1 1 0
7 9 1 7500.00 2.59 20 2 1 1 0
7 9 -1 7500.00 2.59 20 9 1 1 0
7 10 1 7500.00 2.59 20 16 1 1 0
7 10 -1 7500.00 2.59 20 4 1 1 0
8 1 1 7500.00 2.59 20 7 1 1 0
8 1 -1 7500.00 2.59 20 15 1 1 0
8 2 1 7500.00 2.59 20 10 1 1 0
8 2 -1 7500.00 2.59 20 2 1 1 0
8 3 1 7500.00 2.59 20 16 1 1 0
8 3 -1 7500.00 2.59 20 11 1 1 0
8 4 1 7500.00 2.59 20 8 1 1 0
8 4 -1 7500.00 2.59 20 3 1 1 0
8 5 1 7500.00 2.59 20 9 1 1 0
8 5 -1 7500.00 2.59 20 3 1 1 0
8 6 1 7500.00 2.59 20 15 1 1 0
8 6 -1 7500.00 2.59 20 8 1 1 0
8 7 1 7500.00 2.59 20 8 1 1 0
8 7 -1 7500.00 2.59 20 13 1 1 0
8 8 1 7500.00 2.59 20 6 1 1 0
8 8 -1 7500.00 2.59 20 12 1 1 0
8 9 1 7500.00 2.59 20 8 1 1 0
8 9 -1 7500.00 2.59 20 7 1 1 0
8 10 1 7500.00 2.59 20 12 1 1 0
8 10 -1 7500.00 2.59 20 1 1 1 0
#STACKS
150000.00 25.90 1
150000.00 25.90 1
150000.00 25.90 1
150000.00 25.90 1
150000.00 25.90 1
150000.00 25.90 1
150000.00 25.90 1
150000.00 25.90 1
150000.00 25.90 1
150000.00 25.90 1
150000.00 25.90 1
150000.00 25.90 1
#CELLS
1 0 0 1 1 1 1
1 0 0 1 1 1 1
1 0 0 1 1 1 1
1 0 0 1 1 1 1
1 0 0 1 1 1 1
1 0 0 1 1 1 1
1 0 0 1 1 1 1
1 0 0 1 1 1 1
1 0 0 1 1 1 1
1 0 0 1 1 1 1
2 0 0 1 1 1 1
2 0 0 1 1 1 1
2 0 0 1 1 1 1
2 0 0 1 1 1 1
2 0 0 1 1 1 1
2 0 0 1 1 1 1
2 0 0 1 1 1 1
2 0 0 1 1 1 1
2 0 0 1 1 1 1
2 0 0 1 1 1 1
3 0 0 1 1 1 1
3 0 0 1 1 1 1
3 0 0 1 1 1 1
3 0 0 1 1 1 1
3 0 0 1 1 1 1
3 0 0 1 1 1 1
3 0 0 1 1 1 1
3 0 0 1 1 1 1
3 0 0 1 1 1 1
3 0 0 1 1 1 1
4 1 1 1 1 1 1
4 1 1 1 1 1 1
4 1 1 1 1 1 1
4 1 1 1 1 1 1
4 1 1 1 1 1 1
4 1 1 1 1 1 1
4 1 1 1 1 1 1
4 1 1 1 1 1 1
4 1 1 1 1 1 1
4 1 1 1 1 1 1
5 1 1 1 1 1 1
5 1 1 1 1 1 1
5 1 1 1 1 1 1
5 1 1 1 1 1 1
5 1 1 1 1 1 1
5 1 1 1 1 1 1
5 1 1 1 1 1 1
5 1 1 1 1 1 1
5 1 1 1 1 1 1
5 1 1 1 1 1 1
6 1 1 1 1 1 1
6 1 1 1 1 1 1
6 1 1 1 1 1 1
6 1 1 1 1 1 1
6 1 1 1 1 1 1
6 1 1 1 1 1 1
6 1 1 1 1 1 1
6 1 1 1 1 1 1
6 1 1 1 1 1 1
6 1 1 1 1 1 1
7 1 1 1 1 1 1
7 1 1 1 1 1 1
7 1 1 1 1 1 1
7 1 1 1 1 1 1
7 1 1 1 1 1 1
7 1 1 1 1 1 1
7 1 1 1 1 1 1
7 1 1 1 1 1 1
7 1 1 1 1 1 1
7 1 1 1 1 1 1
8 1 1 1 1 1 1
8 1 1 1 1 1 1
8 1 1 1 1 1 1
8 1 1 1 1 1 1
8 1 1 1 1 1 1
8 1 1 1 1 1 1
8 1 1 1 1 1 1
8 1 1 1 1 1 1
8 1 1 1 1 1 1
8 1 1 1 1 1 1
9 1 1 1 1 1 1
9 1 1 1 1 1 1
9 1 1 1 1 1 1
9 1 1 1 1 1 1
9 1 1 1 1 1 1
9 1 1 1 1 1 1
9 1 1 1 1 1 1
9 1 1 1 1 1 1
9 1 1 1 1 1 1
9 1 1 1 1 1 1
10 0 0 1 1 1 1
10 0 0 1 1 1 1
10 0 0 1 1 1 1
10 0 0 1 1 1 1
10 0 0 1 1 1 1
10 0 0 1 1 1 1
10 0 0 1 1 1 1
10 0 0 1 1 1 1
10 0 0 1 1 1 1
10 0 0 1 1 1 1
11 0 0 1 1 1 1
11 0 0 1 1 1 1
11 0 0 1 1 1 1
11 0 0 1 1 1 1
11 0 0 1 1 1 1
11 0 0 1 1 1 1
11 0 0 1 1 1 1
11 0 0 1 1 1 1
11 0 0 1 1 1 1
11 0 0 1 1 1 1
12 0 0 1 1 1 1
12 0 0 1 1 1 1
12 0 0 1 1 1 1
12 0 0 1 1 1 1
12 0 0 1 1 1 1
12 0 0 1 1 1 1
12 0 0 1 1 1 1
12 0 0 1 1 1 1
12 0 0 1 1 1 1
12 0 0 1 1 1 1
#INFO-GEN
Namespace(bayType=5, francisco=True, meanPort=5, seed=6927, stdPort=13.322726086521277, target40=23, targetCapacity=77, targetHC=0, targetIMO=4, targetPorts=26, targetReefer=87, targetRelease=44, targetWeight=86)
