26 85 82 12 120 1 10
#POD
1 2 3 4 5 6 7 8 9 10 11 12 13 14 15 16 17 18 19 20 21 22 23 24 25 26
#LOCATIONS
1
#CONTAINERS_TOLOAD
0 0 0 10714.87 2.59 20 6 0 1 0
0 0 0 13647.84 2.59 20 2 0 1 0
0 0 0 5024.36 2.59 20 4 0 1 0
0 0 0 10648.15 2.59 20 4 0 1 0
0 0 0 10894.65 2.59 20 9 0 1 0
0 0 0 11992.72 2.59 20 13 0 1 0
0 0 0 5682.23 2.59 20 16 0 1 0
0 0 0 15893.11 2.59 20 7 0 1 0
0 0 0 3442.96 2.59 20 2 0 1 0
0 0 0 14948.46 2.59 20 7 0 1 0
0 0 0 4626.47 2.59 20 18 0 1 0
0 0 0 15973.21 2.59 20 2 0 1 0
0 0 0 3646.96 2.59 20 3 0 1 0
0 0 0 15868.82 2.59 20 11 0 1 0
0 0 0 3569.80 2.59 20 7 0 1 0
0 0 0 12958.60 2.59 20 14 0 1 0
0 0 0 7130.85 2.59 20 8 0 1 0
0 0 0 14815.65 2.59 20 26 0 1 0
0 0 0 4343.38 2.59 20 22 0 1 0
0 0 0 10154.35 2.59 20 21 0 1 0
0 0 0 10218.37 2.59 20 22 0 1 0
0 0 0 13879.72 2.59 20 10 0 1 0
0 0 0 5403.46 2.59 20 3 0 1 0
0 0 0 10263.95 2.59 20 25 0 1 0
0 0 0 13253.02 2.59 20 12 0 1 0
0 0 0 5317.24 2.59 20 1 0 1 0
0 0 0 9659.62 2.59 20 6 0 1 0
0 0 0 15494.96 2.59 20 5 0 1 0
0 0 0 3524.33 2.59 20 10 0 1 0
0 0 0 15570.46 2.59 20 15 0 1 0
0 0 0 4131.41 2.59 20 16 1 1 0
0 0 0 15359.11 2.59 20 1 1 1 0
0 0 0 4643.47 2.59 20 12 1 1 0
0 0 0 10899.96 2.59 20 10 1 1 0
0 0 0 12091.31 2.59 20 8 1 1 0
0 0 0 6242.37 2.59 20 11 1 1 0
0 0 0 10796.42 2.59 20 1 1 1 0
0 0 0 8718.66 2.59 20 6 1 1 0
0 0 0 12245.39 2.59 20 1 1 1 0
0 0 0 9031.77 2.59 20 14 1 1 0
0 0 0 9144.49 2.59 20 13 1 1 0
0 0 0 11233.07 2.59 20 12 1 1 0
0 0 0 6532.08 2.59 20 10 1 1 0
0 0 0 13010.96 2.59 20 6 1 1 0
0 0 0 9173.59 2.59 20 9 1 1 0
0 0 0 9170.82 2.59 20 21 1 1 0
0 0 0 9134.66 2.59 20 24 1 1 0
0 0 0 9207.02 2.59 20 8 1 1 0
0 0 0 8894.02 2.59 40 13 0 1 0
0 0 0 10243.22 2.59 20 15 0 1 0
0 0 0 12964.15 2.59 20 14 0 1 0
0 0 0 7751.09 2.59 20 4 1 1 0
0 0 0 11501.43 2.59 20 10 1 1 0
0 0 0 7962.01 2.59 20 23 1 1 0
0 0 0 12939.83 2.59 20 7 1 1 0
0 0 0 5818.61 2.59 20 5 1 1 0
0 0 0 9567.33 2.59 20 14 1 1 0
0 0 0 11937.98 2.59 20 10 1 1 0
0 0 0 7110.74 2.59 20 10 1 1 0
0 0 0 12694.08 2.59 20 17 1 1 0
0 0 0 7531.92 2.59 20 18 1 1 0
0 0 0 9824.16 2.59 20 1 1 1 0
0 0 0 9225.54 2.59 20 9 1 1 0
0 0 0 12271.91 2.59 20 11 1 1 0
0 0 0 8461.04 2.59 20 17 1 1 0
0 0 0 10749.18 2.59 40 8 0 1 0
0 0 0 9056.33 2.59 40 5 0 1 0
0 0 0 8773.26 2.59 40 21 0 1 0
0 0 0 13867.02 2.59 40 10 0 1 0
0 0 0 5498.48 2.59 40 13 0 1 0
0 0 0 9769.40 2.90 40 2 0 1 0
0 0 0 12409.03 2.59 40 23 0 1 0
0 0 0 6904.13 2.59 40 16 0 1 0
0 0 0 11853.39 2.59 40 23 0 1 0
0 0 0 10477.98 2.59 40 15 0 1 0
0 0 0 8430.77 2.59 40 14 0 1 0
0 0 0 11030.09 2.59 40 9 0 1 0
0 0 0 9322.62 2.59 40 19 0 1 0
0 0 0 8211.47 2.59 40 13 0 1 0
0 0 0 10315.27 2.59 40 22 0 1 0
0 0 0 8696.20 2.90 40 8 0 1 0
0 0 0 12324.26 2.59 40 15 0 1 0
0 0 0 9353.20 2.59 40 2 0 1 0
0 0 0 7645.72 2.59 40 6 0 1 0
0 0 0 8714.02 2.59 40 12 0 1 0
#CONTAINERS_LOADED
5 1 1 7500.00 2.59 20 17 1 1 0
5 1 -1 7500.00 2.59 20 12 1 1 0
5 2 1 7500.00 2.59 20 3 1 1 0
5 2 -1 7500.00 2.59 20 3 1 1 0
5 3 1 7500.00 2.59 20 20 1 1 0
5 3 -1 7500.00 2.59 20 8 1 1 0
5 4 1 7500.00 2.59 20 11 1 1 0
5 4 -1 7500.00 2.59 20 22 1 1 0
5 5 1 7500.00 2.59 20 25 1 1 0
5 5 -1 7500.00 2.59 20 6 1 1 0
5 6 1 7500.00 2.59 20 11 1 1 0
5 6 -1 7500.00 2.59 20 4 1 1 0
5 7 1 7500.00 2.59 20 3 1 1 0
5 7 -1 7500.00 2.59 20 7 1 1 0
5 8 1 7500.00 2.59 20 11 1 1 0
5 8 -1 7500.00 2.59 20 9 1 1 0
5 9 1 7500.00 2.59 20 18 1 1 0
5 9 -1 7500.00 2.59 20 12 1 1 0
5 10 1 7500.00 2.59 20 8 1 1 0
5 10 -1 7500.00 2.59 20 21 1 1 0
6 1 1 7500.00 2.59 20 11 1 1 0
6 1 -1 7500.00 2.59 20 13 1 1 0
6 2 1 7500.00 2.59 20 4 1 1 0
6 2 -1 7500.00 2.59 20 1 1 1 0
6 3 1 7500.00 2.59 20 7 1 1 0
6 3 -1 7500.00 2.59 20 8 1 1 0
6 4 1 7500.00 2.59 20 5 1 1 0
6 4 -1 7500.00 2.59 20 7 1 1 0
6 5 1 7500.00 2.59 20 15 1 1 0
6 5 -1 7500.00 2.59 20 4 1 1 0
6 6 1 7500.00 2.59 20 3 1 1 0
6 6 -1 7500.00 2.59 20 3 1 1 0
6 7 1 7500.00 2.59 20 24 1 1 0
6 7 -1 7500.00 2.59 20 16 1 1 0
6 8 1 7500.00 2.59 20 14 1 1 0
6 8 -1 7500.00 2.59 20 4 1 1 0
6 9 1 7500.00 2.59 20 6 1 1 0
6 9 -1 7500.00 2.59 20 24 1 1 0
6 10 1 7500.00 2.59 20 5 1 1 0
6 10 -1 7500.00 2.59 20 20 1 1 0
7 1 1 7500.00 2.59 20 8 1 1 0
7 1 -1 7500.00 2.59 20 5 1 1 0
7 2 1 7500.00 2.59 20 23 1 1 0
7 2 -1 7500.00 2.59 20 2 1 1 0
7 3 1 7500.00 2.59 20 7 1 1 0
7 3 -1 7500.00 2.59 20 10 1 1 0
7 4 1 7500.00 2.59 20 17 1 1 0
7 4 -1 7500.00 2.59 20 12 1 1 0
7 5 1 7500.00 2.59 20 19 1 1 0
7 5 -1 7500.00 2.59 20 9 1 1 0
7 6 1 7500.00 2.59 20 3 1 1 0
7 6 -1 7500.00 2.59 20 17 1 1 0
7 7 1 7500.00 2.59 20 1 1 1 0
7 7 -1 7500.00 2.59 20 6 1 1 0
7 8 1 7500.00 2.59 20 2 1 1 0
7 8 -1 7500.00 2.59 20 9 1 1 0
7 9 1 7500.00 2.59 20 16 1 1 0
7 9 -1 7500.00 2.59 20 4 1 1 0
7 10 1 7500.00 2.59 20 7 1 1 0
7 10 -1 7500.00 2.59 20 15 1 1 0
8 1 1 7500.00 2.59 20 10 1 1 0
8 1 -1 7500.00 2.59 20 2 1 1 0
8 2 1 7500.00 2.59 20 16 1 1 0
8 2 -1 7500.00 2.59 20 11 1 1 0
8 3 1 7500.00 2.59 20 8 1 1 0
8 3 -1 7500.00 2.59 20 3 1 1 0
8 4 1 7500.00 2.59 20 9 1 1 0
8 4 -1 7500.00 2.59 20 3 1 1 0
8 5 1 7500.00 2.59 20 15 1 1 0
8 5 -1 7500.00 2.59 20 8 1 1 0
8 6 1 7500.00 2.59 20 8 1 1 0
8 6 -1 7500.00 2.59 20 13 1 1 0
8 7 1 7500.00 2.59 20 6 1 1 0
8 7 -1 7500.00 2.59 20 12 1 1 0
8 8 1 7500.00 2.59 20 8 1 1 0
8 8 -1 7500.00 2.59 20 7 1 1 0
8 9 1 7500.00 2.59 20 12 1 1 0
8 9 -1 7500.00 2.59 20 1 1 1 0
8 10 1 7500.00 2.59 20 21 1 1 0
8 10 -1 7500.00 2.59 20 5 1 1 0
9 1 1 7500.00 2.59 20 17 1 1 0
9 1 -1 7500.00 2.59 20 1 1 1 0
#STACKS
150000.00 25.90 1
150000.00 25.90 1
150000.00 25.90 1
150000.00 25.90 1
150000.00 25.90 1
150000.00 25.90 1
150000.00 25.90 1
150000.00 25.90 1
150000.00 25.90 1
150000.00 25.90 1
150000.00 25.90 1
150000.00 25.90 1
#CELLS
1 0 0 1 1 1 1
1 0 0 1 1 1 1
1 0 0 1 1 1 1
1 0 0 1 1 1 1
1 0 0 1 1 1 1
1 0 0 1 1 1 1
1 0 0 1 1 1 1
1 0 0 1 1 1 1
1 0 0 1 1 1 1
1 0 0 1 1 1 1
2 0 0 1 1 1 1
2 0 0 1 1 1 1
2 0 0 1 1 1 1
2 0 0 1 1 1 1
2 0 0 1 1 1 1
2 0 0 1 1 1 1
2 0 0 1 1 1 1
2 0 0 1 1 1 1
2 0 0 1 1 1 1
2 0 0 1 1 1 1
3 0 0 1 1 1 1
3 0 0 1 1 1 1
3 0 0 1 1 1 1
3 0 0 1 1 1 1
3 0 0 1 1 1 1
3 0 0 1 1 1 1
3 0 0 1 1 1 1
3 0 0 1 1 1 1
3 0 0 1 1 1 1
3 0 0 1 1 1 1
4 1 1 1 1 1 1
4 1 1 1 1 1 1
4 1 1 1 1 1 1
4 1 1 1 1 1 1
4 1 1 1 1 1 1
4 1 1 1 1 1 1
4 1 1 1 1 1 1
4 1 1 1 1 1 1
4 1 1 1 1 1 1
4 1 1 1 1 1 1
5 1 1 1 1 1 1
5 1 1 1 1 1 1
5 1 1 1 1 1 1
5 1 1 1 1 1 1
5 1 1 1 1 1 1
5 1 1 1 1 1 1
5 1 1 1 1 1 1
5 1 1 1 1 1 1
5 1 1 1 1 1 1
5 1 1 1 1 1 1
6 1 1 1 1 1 1
6 1 1 1 1 1 1
6 1 1 1 1 1 1
6 1 1 1 1 1 1
6 1 1 1 1 1 1
6 1 1 1 1 1 1
6 1 1 1 1 1 1
6 1 1 1 1 1 1
6 1 1 1 1 1 1
6 1 1 1 1 1 1
7 1 1 1 1 1 1
7 1 1 1 1 1 1
7 1 1 1 1 1 1
7 1 1 1 1 1 1
7 1 1 1 1 1 1
7 1 1 1 1 1 1
7 1 1 1 1 1 1
7 1 1 1 1 1 1
7 1 1 1 1 1 1
7 1 1 1 1 1 1
8 1 1 1 1 1 1
8 1 1 1 1 1 1
8 1 1 1 1 1 1
8 1 1 1 1 1 1
8 1 1 1 1 1 1
8 1 1 1 1 1 1
8 1 1 1 1 1 1
8 1 1 1 1 1 1
8 1 1 1 1 1 1
8 1 1 1 1 1 1
9 1 1 1 1 1 1
9 1 1 1 1 1 1
9 1 1 1 1 1 1
9 1 1 1 1 1 1
9 1 1 1 1 1 1
9 1 1 1 1 1 1
9 1 1 1 1 1 1
9 1 1 1 1 1 1
9 1 1 1 1 1 1
9 1 1 1 1 1 1
10 0 0 1 1 1 1
10 0 0 1 1 1 1
10 0 0 1 1 1 1
10 0 0 1 1 1 1
10 0 0 1 1 1 1
10 0 0 1 1 1 1
10 0 0 1 1 1 1
10 0 0 1 1 1 1
10 0 0 1 1 1 1
10 0 0 1 1 1 1
11 0 0 1 1 1 1
11 0 0 1 1 1 1
11 0 0 1 1 1 1
11 0 0 1 1 1 1
11 0 0 1 1 1 1
11 0 0 1 1 1 1
11 0 0 1 1 1 1
11 0 0 1 1 1 1
11 0 0 1 1 1 1
11 0 0 1 1 1 1
12 0 0 1 1 1 1
12 0 0 1 1 1 1
12 0 0 1 1 1 1
12 0 0 1 1 1 1
12 0 0 1 1 1 1
12 0 0 1 1 1 1
12 0 0 1 1 1 1
12 0 0 1 1 1 1
12 0 0 1 1 1 1
12 0 0 1 1 1 1
#INFO-GEN
Namespace(bayType=5, francisco=True, meanPort=5, seed=6927, stdPort=13.322726086521277, target40=23, targetCapacity=79, targetHC=10, targetIMO=4, targetPorts=26, targetReefer=87, targetRelease=44, targetWeight=70)
