25 80 74 12 120 1 10
#POD
1 2 3 4 5 6 7 8 9 10 11 12 13 14 15 16 17 18 19 20 21 22 23 24 25
#LOCATIONS
1
#CONTAINERS_TOLOAD
0 0 0 15564.34 2.59 20 21 0 1 0
0 0 0 20340.95 2.59 20 4 0 1 0
0 0 0 6296.84 2.59 20 4 0 1 0
0 0 0 15455.69 2.59 20 18 0 1 0
0 0 0 15857.13 2.59 20 20 0 1 0
0 0 0 17645.44 2.59 20 6 0 1 0
0 0 0 7368.25 2.59 20 2 0 1 0
0 0 0 23997.57 2.59 20 11 0 1 0
0 0 0 3721.40 2.59 20 5 0 1 0
0 0 0 22459.13 2.59 20 5 0 1 0
0 0 0 5648.84 2.59 20 10 0 1 0
0 0 0 24128.01 2.59 20 22 0 1 0
0 0 0 4053.64 2.59 20 12 0 1 0
0 0 0 23958.02 2.59 20 8 0 1 0
0 0 0 3927.97 2.59 20 12 0 1 3
0 0 0 19218.46 2.59 20 2 0 1 3
0 0 0 9727.46 2.59 20 6 0 1 0
0 0 0 22242.82 2.59 20 12 0 1 0
0 0 0 5187.82 2.59 20 1 0 1 0
0 0 0 14651.48 2.59 20 5 0 1 0
0 0 0 14755.75 2.59 20 24 0 1 0
0 0 0 20718.58 2.59 20 5 0 1 0
0 0 0 6914.25 2.59 20 15 1 1 0
0 0 0 14829.98 2.59 20 1 1 1 0
0 0 0 19697.95 2.59 20 22 1 1 0
0 0 0 6773.83 2.59 20 14 1 1 0
0 0 0 13845.77 2.59 20 8 1 1 0
0 0 0 23349.15 2.59 20 12 1 1 0
0 0 0 3853.92 2.59 20 11 1 1 0
0 0 0 23472.10 2.59 20 2 1 1 0
0 0 0 4842.60 2.59 20 7 1 1 0
0 0 0 23127.90 2.59 20 10 1 1 0
0 0 0 5676.54 2.59 20 20 1 1 0
0 0 0 15865.78 2.59 20 23 1 1 0
0 0 0 17806.00 2.59 20 7 1 1 0
0 0 0 8280.48 2.59 20 9 1 1 0
0 0 0 15697.15 2.59 20 13 1 1 0
0 0 0 12313.34 2.59 20 3 1 1 0
0 0 0 18056.93 2.59 20 13 1 1 0
0 0 0 12823.26 2.59 20 2 1 1 0
0 0 0 13006.85 2.59 20 22 0 1 0
0 0 0 16408.28 2.59 20 12 0 1 0
0 0 0 8752.30 2.59 20 7 1 1 0
0 0 0 19303.73 2.59 20 10 1 1 0
0 0 0 13054.24 2.59 20 13 1 1 0
0 0 0 13049.73 2.59 20 14 1 1 0
0 0 0 12990.84 2.59 40 1 0 1 0
0 0 0 13108.67 2.59 40 9 1 1 0
0 0 0 12598.93 2.59 40 10 1 1 0
0 0 0 14796.23 2.59 20 3 1 1 0
0 0 0 19227.50 2.59 20 8 1 1 0
0 0 0 10737.56 2.59 20 17 1 1 0
0 0 0 16845.34 2.59 20 2 1 1 0
0 0 0 11081.07 2.59 20 17 1 1 0
0 0 0 19187.90 2.59 20 8 1 1 0
0 0 0 7590.36 2.59 20 22 1 1 0
0 0 0 13695.47 2.59 20 7 1 1 0
0 0 0 17556.30 2.59 20 11 1 1 0
0 0 0 9694.71 2.59 20 1 1 1 0
0 0 0 18787.67 2.59 20 7 1 1 0
0 0 0 10380.63 2.59 20 13 1 1 0
0 0 0 14113.74 2.59 20 17 1 1 0
0 0 0 13138.85 2.59 20 19 1 1 0
0 0 0 18100.12 2.59 40 1 0 1 0
0 0 0 11893.79 2.59 40 16 0 1 0
0 0 0 15620.22 2.59 40 5 0 1 0
0 0 0 12863.27 2.59 40 25 0 1 0
0 0 0 12402.27 2.59 40 7 0 1 0
0 0 0 20697.90 2.59 40 16 0 1 0
0 0 0 7068.99 2.90 40 8 0 1 0
0 0 0 14024.56 2.59 40 5 0 1 0
0 0 0 18323.44 2.59 40 16 0 1 0
0 0 0 9358.22 2.59 40 12 0 1 0
0 0 0 17418.53 2.59 40 3 0 1 0
0 0 0 15178.55 2.90 40 13 0 1 0
0 0 0 11844.48 2.59 40 10 0 1 0
0 0 0 16077.71 2.90 40 11 0 1 0
0 0 0 13296.95 2.59 40 19 0 1 0
0 0 0 11487.34 2.59 40 12 0 1 0
0 0 0 11564.22 2.59 40 3 0 1 0
#CONTAINERS_LOADED
5 1 1 7500.00 2.59 20 6 1 1 0
5 1 -1 7500.00 2.59 20 4 1 1 0
5 2 1 7500.00 2.59 20 10 1 1 0
5 2 -1 7500.00 2.59 20 9 1 1 0
5 3 1 7500.00 2.59 20 17 1 1 0
5 3 -1 7500.00 2.59 20 21 1 1 0
5 4 1 7500.00 2.59 20 14 1 1 0
5 4 -1 7500.00 2.59 20 16 1 1 0
5 5 1 7500.00 2.59 20 18 1 1 0
5 5 -1 7500.00 2.59 20 4 1 1 0
5 6 1 7500.00 2.59 20 5 1 1 0
5 6 -1 7500.00 2.59 20 3 1 1 0
5 7 1 7500.00 2.59 20 5 1 1 0
5 7 -1 7500.00 2.59 20 20 1 1 0
6 1 1 7500.00 2.59 20 22 1 1 0
6 1 -1 7500.00 2.59 20 2 1 1 0
6 2 1 7500.00 2.59 20 1 1 1 0
6 2 -1 7500.00 2.59 20 24 1 1 0
6 3 1 7500.00 2.59 20 6 1 1 0
6 3 -1 7500.00 2.59 20 23 1 1 0
6 4 1 7500.00 2.59 20 5 1 1 0
6 4 -1 7500.00 2.59 20 6 1 1 0
6 5 1 7500.00 2.59 20 2 1 1 0
6 5 -1 7500.00 2.59 20 5 1 1 0
6 6 1 7500.00 2.59 20 12 1 1 0
6 6 -1 7500.00 2.59 20 11 1 1 0
6 7 1 7500.00 2.59 20 19 1 1 0
6 7 -1 7500.00 2.59 20 18 1 1 0
6 8 1 7500.00 2.59 20 8 1 1 0
6 8 -1 7500.00 2.59 20 10 1 1 0
6 9 1 7500.00 2.59 20 13 1 1 0
6 9 -1 7500.00 2.59 20 9 1 1 0
6 10 1 7500.00 2.59 20 22 1 1 0
6 10 -1 7500.00 2.59 20 3 1 1 0
7 1 1 7500.00 2.59 20 15 1 1 0
7 1 -1 7500.00 2.59 20 4 1 1 0
7 2 1 7500.00 2.59 20 9 1 1 0
7 2 -1 7500.00 2.59 20 11 1 1 0
7 3 1 7500.00 2.59 20 6 1 1 0
7 3 -1 7500.00 2.59 20 1 1 1 0
7 4 1 7500.00 2.59 20 1 1 1 0
7 4 -1 7500.00 2.59 20 5 1 1 0
7 5 1 7500.00 2.59 20 12 1 1 0
7 5 -1 7500.00 2.59 20 7 1 1 0
7 6 1 7500.00 2.59 20 1 1 1 0
7 6 -1 7500.00 2.59 20 3 1 1 0
7 7 1 7500.00 2.59 20 4 1 1 0
7 7 -1 7500.00 2.59 20 6 1 1 0
7 8 1 7500.00 2.59 20 4 1 1 0
7 8 -1 7500.00 2.59 20 7 1 1 0
7 9 1 7500.00 2.59 20 7 1 1 0
7 9 -1 7500.00 2.59 20 9 1 1 0
7 10 1 7500.00 2.59 20 10 1 1 0
7 10 -1 7500.00 2.59 20 13 1 1 0
8 1 1 7500.00 2.59 20 1 1 1 0
8 1 -1 7500.00 2.59 20 3 1 1 0
8 2 1 7500.00 2.59 20 19 1 1 0
8 2 -1 7500.00 2.59 20 11 1 1 0
8 3 1 7500.00 2.59 20 7 1 1 0
8 3 -1 7500.00 2.59 20 16 1 1 0
8 4 1 7500.00 2.59 20 2 1 1 0
8 4 -1 7500.00 2.59 20 9 1 1 0
8 5 1 7500.00 2.59 20 7 1 1 0
8 5 -1 7500.00 2.59 20 13 1 1 0
8 6 1 7500.00 2.59 20 23 1 1 0
8 6 -1 7500.00 2.59 20 5 1 1 0
8 7 1 7500.00 2.59 20 17 1 1 0
8 7 -1 7500.00 2.59 20 20 1 1 0
8 8 1 7500.00 2.59 20 2 1 1 0
8 8 -1 7500.00 2.59 20 18 1 1 0
8 9 1 7500.00 2.59 20 12 1 1 0
8 9 -1 7500.00 2.59 20 24 1 1 0
8 10 1 7500.00 2.59 20 20 1 1 0
8 10 -1 7500.00 2.59 20 18 1 1 0
#STACKS
150000.00 25.90 1
150000.00 25.90 1
150000.00 25.90 1
150000.00 25.90 1
150000.00 25.90 1
150000.00 25.90 1
150000.00 25.90 1
150000.00 25.90 1
150000.00 25.90 1
150000.00 25.90 1
150000.00 25.90 1
150000.00 25.90 1
#CELLS
1 0 0 1 1 1 1
1 0 0 1 1 1 1
1 0 0 1 1 1 1
1 0 0 1 1 1 1
1 0 0 1 1 1 1
1 0 0 1 1 1 1
1 0 0 1 1 1 1
1 0 0 1 1 1 1
1 0 0 1 1 1 1
1 0 0 1 1 1 1
2 0 0 1 1 1 1
2 0 0 1 1 1 1
2 0 0 1 1 1 1
2 0 0 1 1 1 1
2 0 0 1 1 1 1
2 0 0 1 1 1 1
2 0 0 1 1 1 1
2 0 0 1 1 1 1
2 0 0 1 1 1 1
2 0 0 1 1 1 1
3 0 0 1 1 1 1
3 0 0 1 1 1 1
3 0 0 1 1 1 1
3 0 0 1 1 1 1
3 0 0 1 1 1 1
3 0 0 1 1 1 1
3 0 0 1 1 1 1
3 0 0 1 1 1 1
3 0 0 1 1 1 1
3 0 0 1 1 1 1
4 1 1 1 1 1 1
4 1 1 1 1 1 1
4 1 1 1 1 1 1
4 1 1 1 1 1 1
4 1 1 1 1 1 1
4 1 1 1 1 1 1
4 1 1 1 1 1 1
4 1 1 1 1 1 1
4 1 1 1 1 1 1
4 1 1 1 1 1 1
5 1 1 1 1 1 1
5 1 1 1 1 1 1
5 1 1 1 1 1 1
5 1 1 1 1 1 1
5 1 1 1 1 1 1
5 1 1 1 1 1 1
5 1 1 1 1 1 1
5 1 1 1 1 1 1
5 1 1 1 1 1 1
5 1 1 1 1 1 1
6 1 1 1 1 1 1
6 1 1 1 1 1 1
6 1 1 1 1 1 1
6 1 1 1 1 1 1
6 1 1 1 1 1 1
6 1 1 1 1 1 1
6 1 1 1 1 1 1
6 1 1 1 1 1 1
6 1 1 1 1 1 1
6 1 1 1 1 1 1
7 1 1 1 1 1 1
7 1 1 1 1 1 1
7 1 1 1 1 1 1
7 1 1 1 1 1 1
7 1 1 1 1 1 1
7 1 1 1 1 1 1
7 1 1 1 1 1 1
7 1 1 1 1 1 1
7 1 1 1 1 1 1
7 1 1 1 1 1 1
8 1 1 1 1 1 1
8 1 1 1 1 1 1
8 1 1 1 1 1 1
8 1 1 1 1 1 1
8 1 1 1 1 1 1
8 1 1 1 1 1 1
8 1 1 1 1 1 1
8 1 1 1 1 1 1
8 1 1 1 1 1 1
8 1 1 1 1 1 1
9 1 1 1 1 1 1
9 1 1 1 1 1 1
9 1 1 1 1 1 1
9 1 1 1 1 1 1
9 1 1 1 1 1 1
9 1 1 1 1 1 1
9 1 1 1 1 1 1
9 1 1 1 1 1 1
9 1 1 1 1 1 1
9 1 1 1 1 1 1
10 0 0 1 1 1 1
10 0 0 1 1 1 1
10 0 0 1 1 1 1
10 0 0 1 1 1 1
10 0 0 1 1 1 1
10 0 0 1 1 1 1
10 0 0 1 1 1 1
10 0 0 1 1 1 1
10 0 0 1 1 1 1
10 0 0 1 1 1 1
11 0 0 1 1 1 1
11 0 0 1 1 1 1
11 0 0 1 1 1 1
11 0 0 1 1 1 1
11 0 0 1 1 1 1
11 0 0 1 1 1 1
11 0 0 1 1 1 1
11 0 0 1 1 1 1
11 0 0 1 1 1 1
11 0 0 1 1 1 1
12 0 0 1 1 1 1
12 0 0 1 1 1 1
12 0 0 1 1 1 1
12 0 0 1 1 1 1
12 0 0 1 1 1 1
12 0 0 1 1 1 1
12 0 0 1 1 1 1
12 0 0 1 1 1 1
12 0 0 1 1 1 1
12 0 0 1 1 1 1
#INFO-GEN
Namespace(bayType=5, francisco=True, meanPort=5, seed=6927, stdPort=13.322726086521277, target40=23, targetCapacity=73, targetHC=20, targetIMO=4, targetPorts=26, targetReefer=87, targetRelease=44, targetWeight=90)
