25 104 100 12 120 1 10
#POD
1 2 3 4 5 6 7 8 9 10 11 12 13 14 15 16 17 18 19 20 21 22 23 24 25
#LOCATIONS
1
#CONTAINERS_TOLOAD
0 0 0 9025.31 2.59 20 2 0 1 0
0 0 0 11315.97 2.59 20 11 0 1 0
0 0 0 4581.02 2.59 20 5 0 1 0
0 0 0 8973.21 2.59 20 5 0 1 0
0 0 0 9165.72 2.59 20 10 0 1 0
0 0 0 10023.32 2.59 20 22 0 1 0
0 0 0 5094.82 2.59 20 12 0 1 0
0 0 0 13069.52 2.59 20 8 0 1 0
0 0 0 3345.95 2.59 20 12 0 1 0
0 0 0 12331.75 2.59 20 2 0 1 0
0 0 0 4270.27 2.59 20 6 0 1 0
0 0 0 13132.08 2.59 20 12 0 1 0
0 0 0 3505.28 2.59 20 1 0 1 0
0 0 0 13050.56 2.59 20 5 0 1 0
0 0 0 3445.01 2.59 20 24 0 1 0
0 0 0 10777.67 2.59 20 5 0 1 0
0 0 0 6226.20 2.59 20 15 0 1 0
0 0 0 12228.02 2.59 20 1 0 1 0
0 0 0 4049.18 2.59 20 22 0 1 0
0 0 0 8587.55 2.59 20 14 0 1 0
0 0 0 8637.55 2.59 20 8 0 1 0
0 0 0 11497.06 2.59 20 12 0 1 0
0 0 0 4877.11 2.59 20 11 0 1 0
0 0 0 8673.15 2.59 20 2 0 1 0
0 0 0 11007.61 2.59 20 7 0 1 0
0 0 0 4809.77 2.59 20 10 0 1 0
0 0 0 8201.16 2.59 20 20 0 1 0
0 0 0 12758.57 2.59 20 23 0 1 0
0 0 0 3409.50 2.59 20 7 0 1 0
0 0 0 12817.53 2.59 20 9 0 1 0
0 0 0 3883.63 2.59 20 13 0 1 0
0 0 0 12652.47 2.59 20 3 0 1 0
0 0 0 4283.55 2.59 20 13 0 1 0
0 0 0 9169.87 2.59 20 2 0 1 0
0 0 0 10100.31 2.59 20 22 0 1 0
0 0 0 5532.29 2.59 20 12 0 1 0
0 0 0 9089.00 2.59 20 7 0 1 0
0 0 0 7466.27 2.59 20 10 0 1 0
0 0 0 10220.65 2.59 20 13 0 1 0
0 0 0 7710.81 2.59 20 14 0 1 0
0 0 0 7798.85 2.59 20 1 0 1 4
0 0 0 9430.03 2.59 20 9 0 1 4
0 0 0 5758.55 2.59 20 10 0 1 0
0 0 0 10818.56 2.59 20 3 0 1 0
0 0 0 7821.58 2.59 20 8 0 1 0
0 0 0 7819.41 2.59 20 17 0 1 0
0 0 0 7791.17 2.59 20 2 0 1 0
0 0 0 7847.68 2.59 20 17 0 1 0
0 0 0 7603.23 2.59 20 8 0 1 0
0 0 0 8656.96 2.59 20 22 0 1 0
0 0 0 10782.00 2.59 20 7 0 1 0
0 0 0 6710.60 2.59 20 11 0 1 0
0 0 0 9639.62 2.59 20 1 0 1 0
0 0 0 6875.33 2.59 20 7 0 1 0
0 0 0 10763.01 2.59 20 13 1 1 0
0 0 0 5201.34 2.59 20 17 1 1 0
0 0 0 8129.08 2.59 20 19 1 1 0
0 0 0 9980.57 2.59 20 1 1 1 0
0 0 0 6210.49 2.59 20 16 1 1 0
0 0 0 10571.08 2.59 20 5 1 1 0
0 0 0 6539.43 2.59 20 25 1 1 0
0 0 0 8329.67 2.59 20 7 1 1 0
0 0 0 7862.15 2.59 20 16 1 1 0
0 0 0 10241.36 2.59 20 8 1 1 0
0 0 0 7265.08 2.59 20 5 1 1 0
0 0 0 9052.11 2.59 20 16 1 1 0
0 0 0 7730.00 2.59 20 12 1 1 0
0 0 0 7508.92 2.59 20 3 1 1 0
0 0 0 11487.15 2.59 20 13 1 1 0
0 0 0 4951.31 2.59 20 10 1 1 0
0 0 0 8286.90 2.90 40 11 0 1 0
0 0 0 10348.46 2.90 40 19 0 1 0
0 0 0 6049.12 2.59 40 12 0 1 0
0 0 0 9914.50 2.59 40 3 0 1 0
0 0 0 8840.30 2.90 40 6 0 1 0
0 0 0 7241.43 2.59 40 4 0 1 0
0 0 0 9271.50 2.59 20 10 0 1 0
0 0 0 7937.97 2.59 20 9 0 1 0
0 0 0 7070.16 2.59 20 17 0 1 0
0 0 0 8713.23 2.59 20 21 0 1 0
0 0 0 7448.73 2.59 20 14 0 1 0
0 0 0 10282.25 2.59 20 16 0 1 0
0 0 0 7961.85 2.59 20 18 0 1 0
0 0 0 6628.31 2.59 20 4 0 1 0
0 0 0 7974.48 2.90 40 5 0 1 0
0 0 0 10313.65 2.90 40 3 0 1 0
0 0 0 6912.94 2.90 40 5 0 1 0
0 0 0 7133.03 2.59 40 20 0 1 0
0 0 0 8474.35 2.59 40 22 0 1 0
0 0 0 10371.39 2.90 40 2 0 1 0
0 0 0 5956.55 2.59 40 1 0 1 0
0 0 0 9931.24 2.59 40 24 0 1 0
0 0 0 10146.54 2.59 40 6 0 1 0
0 0 0 6427.36 2.59 40 23 0 1 0
0 0 0 9790.07 2.59 40 5 0 1 0
0 0 0 6576.25 2.90 40 6 0 1 0
0 0 0 9388.60 2.90 40 2 0 1 0
0 0 0 6380.06 2.90 40 5 0 1 0
0 0 0 8135.46 2.59 40 12 0 1 0
0 0 0 11558.59 2.90 40 11 0 1 0
0 0 0 4581.42 2.59 40 19 0 1 0
0 0 0 11244.52 2.59 40 18 0 1 0
0 0 0 5229.45 2.90 40 8 0 1 0
0 0 0 8218.69 2.90 40 10 0 1 0
#CONTAINERS_LOADED
5 1 1 7500.00 2.59 20 13 1 1 4
5 1 -1 7500.00 2.59 20 9 1 1 4
5 2 1 7500.00 2.59 20 22 1 1 0
5 2 -1 7500.00 2.59 20 3 1 1 0
5 3 1 7500.00 2.59 20 15 1 1 0
5 3 -1 7500.00 2.59 20 4 1 1 0
5 4 1 7500.00 2.59 20 9 1 1 0
5 4 -1 7500.00 2.59 20 11 1 1 0
5 5 1 7500.00 2.59 20 6 1 1 0
5 5 -1 7500.00 2.59 20 1 1 1 0
5 6 1 7500.00 2.59 20 1 1 1 0
5 6 -1 7500.00 2.59 20 5 1 1 0
5 7 1 7500.00 2.59 20 12 1 1 0
5 7 -1 7500.00 2.59 20 7 1 1 0
5 8 1 7500.00 2.59 20 1 1 1 0
5 8 -1 7500.00 2.59 20 3 1 1 0
5 9 1 7500.00 2.59 20 4 1 1 0
5 9 -1 7500.00 2.59 20 6 1 1 0
5 10 1 7500.00 2.59 20 4 1 1 0
5 10 -1 7500.00 2.59 20 7 1 1 0
6 1 1 7500.00 2.59 20 7 1 1 0
6 1 -1 7500.00 2.59 20 9 1 1 0
6 2 1 7500.00 2.59 20 10 1 1 0
6 2 -1 7500.00 2.59 20 13 1 1 0
6 3 1 7500.00 2.59 20 1 1 1 0
6 3 -1 7500.00 2.59 20 3 1 1 0
6 4 1 7500.00 2.59 20 19 1 1 0
6 4 -1 7500.00 2.59 20 11 1 1 0
6 5 1 7500.00 2.59 20 7 1 1 0
6 5 -1 7500.00 2.59 20 16 1 1 0
6 6 1 7500.00 2.59 20 2 1 1 0
6 6 -1 7500.00 2.59 20 9 1 1 0
6 7 1 7500.00 2.59 20 7 1 1 0
6 7 -1 7500.00 2.59 20 13 1 1 0
6 8 1 7500.00 2.59 20 23 1 1 0
6 8 -1 7500.00 2.59 20 5 1 1 0
6 9 1 7500.00 2.59 20 17 1 1 0
6 9 -1 7500.00 2.59 20 20 1 1 0
6 10 1 7500.00 2.59 20 2 1 1 0
6 10 -1 7500.00 2.59 20 18 1 1 0
7 1 1 7500.00 2.59 20 12 1 1 0
7 1 -1 7500.00 2.59 20 24 1 1 0
7 2 1 7500.00 2.59 20 20 1 1 0
7 2 -1 7500.00 2.59 20 18 1 1 0
7 3 1 7500.00 2.59 20 2 1 1 0
7 3 -1 7500.00 2.59 20 8 1 1 0
7 4 1 7500.00 2.59 20 18 1 1 0
7 4 -1 7500.00 2.59 20 4 1 1 0
7 5 1 7500.00 2.59 20 11 1 1 0
7 5 -1 7500.00 2.59 20 14 1 1 0
7 6 1 7500.00 2.59 20 6 1 1 0
7 6 -1 7500.00 2.59 20 19 1 1 0
7 7 1 7500.00 2.59 20 2 1 1 0
7 7 -1 7500.00 2.59 20 4 1 1 0
7 8 1 7500.00 2.59 20 14 1 1 0
7 8 -1 7500.00 2.59 20 20 1 1 0
7 9 1 7500.00 2.59 20 15 1 1 0
7 9 -1 7500.00 2.59 20 20 1 1 0
7 10 1 7500.00 2.59 20 3 1 1 0
7 10 -1 7500.00 2.59 20 5 1 1 0
8 1 1 7500.00 2.59 20 17 1 1 0
8 1 -1 7500.00 2.59 20 12 1 1 0
8 2 1 7500.00 2.59 20 13 1 1 0
8 2 -1 7500.00 2.59 20 18 1 1 0
8 3 1 7500.00 2.59 20 13 1 1 0
8 3 -1 7500.00 2.59 20 21 1 1 0
8 4 1 7500.00 2.59 20 17 1 1 0
8 4 -1 7500.00 2.59 20 16 1 1 0
8 5 1 7500.00 2.59 20 19 1 1 0
8 5 -1 7500.00 2.59 20 14 1 1 0
8 6 1 7500.00 2.59 20 7 1 1 0
8 6 -1 7500.00 2.59 20 12 1 1 0
8 7 1 7500.00 2.59 20 3 1 1 0
8 7 -1 7500.00 2.59 20 3 1 1 0
8 8 1 7500.00 2.59 20 4 1 1 0
8 8 -1 7500.00 2.59 20 15 1 1 0
8 9 1 7500.00 2.59 20 20 1 1 0
8 9 -1 7500.00 2.59 20 16 1 1 0
8 10 1 7500.00 2.59 20 18 1 1 0
8 10 -1 7500.00 2.59 20 13 1 1 0
9 1 1 7500.00 2.59 20 21 1 1 0
9 1 -1 7500.00 2.59 20 21 1 1 0
9 2 1 7500.00 2.59 20 14 1 1 1
9 2 -1 7500.00 2.59 20 6 1 1 1
9 3 1 7500.00 2.59 20 17 1 1 0
9 3 -1 7500.00 2.59 20 8 1 1 0
9 4 1 7500.00 2.59 20 22 1 1 0
9 4 -1 7500.00 2.59 20 17 1 1 0
9 5 1 7500.00 2.59 20 6 1 1 0
9 5 -1 7500.00 2.59 20 8 1 1 0
9 6 1 7500.00 2.59 20 9 1 1 0
9 6 -1 7500.00 2.59 20 8 1 1 0
9 7 1 7500.00 2.59 20 16 1 1 0
9 7 -1 7500.00 2.59 20 16 1 1 0
9 8 1 7500.00 2.59 20 13 1 1 4
9 8 -1 7500.00 2.59 20 12 1 1 4
9 9 1 7500.00 2.59 20 2 1 1 0
9 9 -1 7500.00 2.59 20 6 1 1 0
9 10 1 7500.00 2.59 20 13 1 1 0
9 10 -1 7500.00 2.59 20 16 1 1 0
#STACKS
150000.00 25.90 1
150000.00 25.90 1
150000.00 25.90 1
150000.00 25.90 1
150000.00 25.90 1
150000.00 25.90 1
150000.00 25.90 1
150000.00 25.90 1
150000.00 25.90 1
150000.00 25.90 1
150000.00 25.90 1
150000.00 25.90 1
#CELLS
1 0 0 1 1 1 1
1 0 0 1 1 1 1
1 0 0 1 1 1 1
1 0 0 1 1 1 1
1 0 0 1 1 1 1
1 0 0 1 1 1 1
1 0 0 1 1 1 1
1 0 0 1 1 1 1
1 0 0 1 1 1 1
1 0 0 1 1 1 1
2 0 0 1 1 1 1
2 0 0 1 1 1 1
2 0 0 1 1 1 1
2 0 0 1 1 1 1
2 0 0 1 1 1 1
2 0 0 1 1 1 1
2 0 0 1 1 1 1
2 0 0 1 1 1 1
2 0 0 1 1 1 1
2 0 0 1 1 1 1
3 0 0 1 1 1 1
3 0 0 1 1 1 1
3 0 0 1 1 1 1
3 0 0 1 1 1 1
3 0 0 1 1 1 1
3 0 0 1 1 1 1
3 0 0 1 1 1 1
3 0 0 1 1 1 1
3 0 0 1 1 1 1
3 0 0 1 1 1 1
4 1 1 1 1 1 1
4 1 1 1 1 1 1
4 1 1 1 1 1 1
4 1 1 1 1 1 1
4 1 1 1 1 1 1
4 1 1 1 1 1 1
4 1 1 1 1 1 1
4 1 1 1 1 1 1
4 1 1 1 1 1 1
4 1 1 1 1 1 1
5 1 1 1 1 1 1
5 1 1 1 1 1 1
5 1 1 1 1 1 1
5 1 1 1 1 1 1
5 1 1 1 1 1 1
5 1 1 1 1 1 1
5 1 1 1 1 1 1
5 1 1 1 1 1 1
5 1 1 1 1 1 1
5 1 1 1 1 1 1
6 1 1 1 1 1 1
6 1 1 1 1 1 1
6 1 1 1 1 1 1
6 1 1 1 1 1 1
6 1 1 1 1 1 1
6 1 1 1 1 1 1
6 1 1 1 1 1 1
6 1 1 1 1 1 1
6 1 1 1 1 1 1
6 1 1 1 1 1 1
7 1 1 1 1 1 1
7 1 1 1 1 1 1
7 1 1 1 1 1 1
7 1 1 1 1 1 1
7 1 1 1 1 1 1
7 1 1 1 1 1 1
7 1 1 1 1 1 1
7 1 1 1 1 1 1
7 1 1 1 1 1 1
7 1 1 1 1 1 1
8 1 1 1 1 1 1
8 1 1 1 1 1 1
8 1 1 1 1 1 1
8 1 1 1 1 1 1
8 1 1 1 1 1 1
8 1 1 1 1 1 1
8 1 1 1 1 1 1
8 1 1 1 1 1 1
8 1 1 1 1 1 1
8 1 1 1 1 1 1
9 1 1 1 1 1 1
9 1 1 1 1 1 1
9 1 1 1 1 1 1
9 1 1 1 1 1 1
9 1 1 1 1 1 1
9 1 1 1 1 1 1
9 1 1 1 1 1 1
9 1 1 1 1 1 1
9 1 1 1 1 1 1
9 1 1 1 1 1 1
10 0 0 1 1 1 1
10 0 0 1 1 1 1
10 0 0 1 1 1 1
10 0 0 1 1 1 1
10 0 0 1 1 1 1
10 0 0 1 1 1 1
10 0 0 1 1 1 1
10 0 0 1 1 1 1
10 0 0 1 1 1 1
10 0 0 1 1 1 1
11 0 0 1 1 1 1
11 0 0 1 1 1 1
11 0 0 1 1 1 1
11 0 0 1 1 1 1
11 0 0 1 1 1 1
11 0 0 1 1 1 1
11 0 0 1 1 1 1
11 0 0 1 1 1 1
11 0 0 1 1 1 1
11 0 0 1 1 1 1
12 0 0 1 1 1 1
12 0 0 1 1 1 1
12 0 0 1 1 1 1
12 0 0 1 1 1 1
12 0 0 1 1 1 1
12 0 0 1 1 1 1
12 0 0 1 1 1 1
12 0 0 1 1 1 1
12 0 0 1 1 1 1
12 0 0 1 1 1 1
#INFO-GEN
Namespace(bayType=5, francisco=True, meanPort=5, seed=6927, stdPort=13.322726086521277, target40=23, targetCapacity=96, targetHC=40, targetIMO=4, targetPorts=26, targetReefer=87, targetRelease=44, targetWeight=82)
