25 96 90 12 120 1 10
#POD
1 2 3 4 5 6 7 8 9 10 11 12 13 14 15 16 17 18 19 20 21 22 23 24 25
#LOCATIONS
1
#CONTAINERS_TOLOAD
0 0 0 10411.21 2.59 20 18 0 1 0
0 0 0 13228.74 2.59 20 20 0 1 0
0 0 0 4944.68 2.59 20 6 0 1 0
0 0 0 10347.11 2.59 20 2 0 1 0
0 0 0 10583.91 2.59 20 11 0 1 0
0 0 0 11638.76 2.59 20 5 0 1 0
0 0 0 5576.65 2.59 20 5 0 1 0
0 0 0 15385.63 2.59 20 10 0 1 0
0 0 0 3425.53 2.59 20 22 0 1 0
0 0 0 14478.16 2.59 20 12 0 1 0
0 0 0 4562.45 2.59 20 8 0 1 0
0 0 0 15462.57 2.59 20 12 0 1 0
0 0 0 3621.50 2.59 20 2 0 1 0
0 0 0 15362.30 2.59 20 6 0 1 0
0 0 0 3547.37 2.59 20 12 0 1 0
0 0 0 12566.62 2.59 20 1 0 1 0
0 0 0 6968.26 2.59 20 5 0 1 0
0 0 0 14350.57 2.59 20 24 0 1 0
0 0 0 4290.51 2.59 20 5 0 1 0
0 0 0 9872.74 2.59 20 15 0 1 0
0 0 0 9934.25 2.59 20 1 0 1 0
0 0 0 13451.48 2.59 20 22 0 1 0
0 0 0 5308.86 2.59 20 14 0 1 0
0 0 0 9978.03 2.59 20 8 0 1 0
0 0 0 12849.46 2.59 20 12 0 1 0
0 0 0 5226.03 2.59 20 11 0 1 0
0 0 0 9397.49 2.59 20 2 0 1 0
0 0 0 15003.15 2.59 20 7 0 1 0
0 0 0 3503.69 2.59 20 10 0 1 0
0 0 0 15075.67 2.59 20 20 0 1 0
0 0 0 4086.88 2.59 20 23 0 1 0
0 0 0 14872.64 2.59 20 7 0 1 0
0 0 0 4578.79 2.59 20 9 0 1 0
0 0 0 10589.01 2.59 20 13 0 1 0
0 0 0 11733.47 2.59 20 3 0 1 0
0 0 0 6114.74 2.59 20 13 0 1 0
0 0 0 10489.54 2.59 20 2 0 1 0
0 0 0 8493.57 2.59 20 22 0 1 0
0 0 0 11881.48 2.59 20 12 0 1 0
0 0 0 8794.35 2.59 20 7 0 1 0
0 0 0 8902.64 2.59 20 10 0 1 0
0 0 0 10909.01 2.59 20 13 0 1 0
0 0 0 6393.05 2.59 20 14 1 1 0
0 0 0 12616.92 2.59 20 1 1 1 0
0 0 0 8930.59 2.59 20 9 1 1 0
0 0 0 8927.93 2.59 20 10 1 1 0
0 0 0 8893.19 2.59 20 3 1 1 0
0 0 0 8962.70 2.59 20 8 1 1 0
0 0 0 8662.03 2.59 20 17 1 1 0
0 0 0 9958.13 2.59 20 2 1 1 0
0 0 0 12571.95 2.59 20 17 1 1 0
0 0 0 7564.08 2.59 20 8 1 1 0
0 0 0 11166.81 2.59 20 22 1 1 0
0 0 0 7766.70 2.59 20 7 1 1 0
0 0 0 12548.59 2.59 20 11 1 1 0
0 0 0 5707.67 2.59 20 1 1 1 0
0 0 0 9308.83 2.59 20 7 1 1 0
0 0 0 11586.18 2.59 20 13 1 1 0
0 0 0 6948.94 2.59 20 17 1 1 0
0 0 0 12312.51 2.59 20 19 1 1 0
0 0 0 7353.54 2.59 20 1 0 1 0
0 0 0 9555.55 2.59 20 16 0 1 0
0 0 0 8980.50 2.59 20 5 1 1 0
0 0 0 11906.96 2.59 20 25 1 1 0
0 0 0 8246.09 2.59 20 7 1 1 0
0 0 0 10444.17 2.59 20 16 1 1 0
0 0 0 8817.95 2.59 20 8 1 1 0
0 0 0 8546.02 2.59 20 5 1 1 0
0 0 0 13439.29 2.59 20 16 1 1 0
0 0 0 5400.13 2.59 20 12 1 1 0
0 0 0 9502.95 2.59 40 3 0 1 0
0 0 0 12038.69 2.90 40 13 0 1 0
0 0 0 6750.46 2.59 40 10 0 1 0
0 0 0 11504.92 2.90 40 11 0 1 0
0 0 0 10183.64 2.59 40 19 0 1 0
0 0 0 8217.01 2.90 40 12 0 1 0
0 0 0 10714.02 2.90 40 3 0 1 0
0 0 0 9073.76 2.59 40 6 0 1 0
0 0 0 8006.35 2.59 40 4 0 1 0
0 0 0 10027.34 2.59 20 10 0 1 0
0 0 0 8471.99 2.59 20 9 0 1 0
0 0 0 11957.25 2.59 40 17 0 1 0
0 0 0 9103.13 2.59 40 21 0 1 0
0 0 0 7462.86 2.90 40 14 0 1 0
0 0 0 9118.67 2.90 40 16 0 1 0
0 0 0 11995.88 2.90 40 18 0 1 0
0 0 0 7812.96 2.59 40 4 0 1 0
0 0 0 8083.67 2.59 40 5 0 1 0
0 0 0 9733.52 2.90 40 3 0 1 0
0 0 0 12066.90 2.59 40 5 0 1 0
0 0 0 6636.60 2.59 40 20 0 1 0
0 0 0 11525.50 2.90 40 22 0 1 0
0 0 0 11790.32 2.90 40 2 0 1 0
0 0 0 7215.70 2.59 40 1 0 1 0
0 0 0 11351.86 2.90 40 24 0 1 0
0 0 0 5569.55 2.90 40 6 0 1 0
#CONTAINERS_LOADED
5 1 1 7500.00 2.59 20 23 1 1 0
5 1 -1 7500.00 2.59 20 5 1 1 0
5 2 1 7500.00 2.59 20 6 1 1 0
5 2 -1 7500.00 2.59 20 2 1 1 0
5 3 1 7500.00 2.59 20 5 1 1 0
5 3 -1 7500.00 2.59 20 12 1 1 0
5 4 1 7500.00 2.59 20 11 1 1 0
5 4 -1 7500.00 2.59 20 19 1 1 0
5 5 1 7500.00 2.59 20 18 1 1 0
5 5 -1 7500.00 2.59 20 8 1 1 0
5 6 1 7500.00 2.59 20 10 1 1 0
5 6 -1 7500.00 2.59 20 13 1 1 0
5 7 1 7500.00 2.59 20 9 1 1 0
5 7 -1 7500.00 2.59 20 22 1 1 0
5 8 1 7500.00 2.59 20 3 1 1 0
5 8 -1 7500.00 2.59 20 15 1 1 0
5 9 1 7500.00 2.59 20 4 1 1 0
5 9 -1 7500.00 2.59 20 9 1 1 0
5 10 1 7500.00 2.59 20 11 1 1 0
5 10 -1 7500.00 2.59 20 6 1 1 0
6 1 1 7500.00 2.59 20 1 1 1 0
6 1 -1 7500.00 2.59 20 1 1 1 0
6 2 1 7500.00 2.59 20 5 1 1 0
6 2 -1 7500.00 2.59 20 12 1 1 0
6 3 1 7500.00 2.59 20 7 1 1 0
6 3 -1 7500.00 2.59 20 1 1 1 0
6 4 1 7500.00 2.59 20 3 1 1 0
6 4 -1 7500.00 2.59 20 4 1 1 0
6 5 1 7500.00 2.59 20 6 1 1 0
6 5 -1 7500.00 2.59 20 4 1 1 0
6 6 1 7500.00 2.59 20 7 1 1 0
6 6 -1 7500.00 2.59 20 7 1 1 0
6 7 1 7500.00 2.59 20 9 1 1 0
6 7 -1 7500.00 2.59 20 10 1 1 0
6 8 1 7500.00 2.59 20 13 1 1 0
6 8 -1 7500.00 2.59 20 1 1 1 0
6 9 1 7500.00 2.59 20 3 1 1 0
6 9 -1 7500.00 2.59 20 19 1 1 0
6 10 1 7500.00 2.59 20 11 1 1 0
6 10 -1 7500.00 2.59 20 7 1 1 0
7 1 1 7500.00 2.59 20 16 1 1 0
7 1 -1 7500.00 2.59 20 2 1 1 0
7 2 1 7500.00 2.59 20 9 1 1 0
7 2 -1 7500.00 2.59 20 7 1 1 0
7 3 1 7500.00 2.59 20 13 1 1 0
7 3 -1 7500.00 2.59 20 23 1 1 0
7 4 1 7500.00 2.59 20 5 1 1 0
7 4 -1 7500.00 2.59 20 17 1 1 0
7 5 1 7500.00 2.59 20 20 1 1 0
7 5 -1 7500.00 2.59 20 2 1 1 0
7 6 1 7500.00 2.59 20 18 1 1 0
7 6 -1 7500.00 2.59 20 12 1 1 0
7 7 1 7500.00 2.59 20 24 1 1 0
7 7 -1 7500.00 2.59 20 20 1 1 0
7 8 1 7500.00 2.59 20 18 1 1 0
7 8 -1 7500.00 2.59 20 2 1 1 0
7 9 1 7500.00 2.59 20 8 1 1 0
7 9 -1 7500.00 2.59 20 18 1 1 0
7 10 1 7500.00 2.59 20 4 1 1 0
7 10 -1 7500.00 2.59 20 11 1 1 0
8 1 1 7500.00 2.59 20 14 1 1 0
8 1 -1 7500.00 2.59 20 6 1 1 0
8 2 1 7500.00 2.59 20 19 1 1 0
8 2 -1 7500.00 2.59 20 2 1 1 0
8 3 1 7500.00 2.59 20 4 1 1 0
8 3 -1 7500.00 2.59 20 14 1 1 0
8 4 1 7500.00 2.59 20 20 1 1 0
8 4 -1 7500.00 2.59 20 15 1 1 0
8 5 1 7500.00 2.59 20 20 1 1 0
8 5 -1 7500.00 2.59 20 3 1 1 0
8 6 1 7500.00 2.59 20 5 1 1 0
8 6 -1 7500.00 2.59 20 17 1 1 0
8 7 1 7500.00 2.59 20 12 1 1 0
8 7 -1 7500.00 2.59 20 13 1 1 0
8 8 1 7500.00 2.59 20 18 1 1 0
8 8 -1 7500.00 2.59 20 13 1 1 0
8 9 1 7500.00 2.59 20 21 1 1 0
8 9 -1 7500.00 2.59 20 17 1 1 0
8 10 1 7500.00 2.59 20 16 1 1 0
8 10 -1 7500.00 2.59 20 19 1 1 0
9 1 1 7500.00 2.59 20 14 1 1 0
9 1 -1 7500.00 2.59 20 7 1 1 0
9 2 1 7500.00 2.59 20 12 1 1 0
9 2 -1 7500.00 2.59 20 3 1 1 0
9 3 1 7500.00 2.59 20 3 1 1 0
9 3 -1 7500.00 2.59 20 4 1 1 0
9 4 1 7500.00 2.59 20 15 1 1 0
9 4 -1 7500.00 2.59 20 20 1 1 0
9 5 1 7500.00 2.59 20 16 1 1 0
9 5 -1 7500.00 2.59 20 18 1 1 0
#STACKS
150000.00 25.90 1
150000.00 25.90 1
150000.00 25.90 1
150000.00 25.90 1
150000.00 25.90 1
150000.00 25.90 1
150000.00 25.90 1
150000.00 25.90 1
150000.00 25.90 1
150000.00 25.90 1
150000.00 25.90 1
150000.00 25.90 1
#CELLS
1 0 0 1 1 1 1
1 0 0 1 1 1 1
1 0 0 1 1 1 1
1 0 0 1 1 1 1
1 0 0 1 1 1 1
1 0 0 1 1 1 1
1 0 0 1 1 1 1
1 0 0 1 1 1 1
1 0 0 1 1 1 1
1 0 0 1 1 1 1
2 0 0 1 1 1 1
2 0 0 1 1 1 1
2 0 0 1 1 1 1
2 0 0 1 1 1 1
2 0 0 1 1 1 1
2 0 0 1 1 1 1
2 0 0 1 1 1 1
2 0 0 1 1 1 1
2 0 0 1 1 1 1
2 0 0 1 1 1 1
3 0 0 1 1 1 1
3 0 0 1 1 1 1
3 0 0 1 1 1 1
3 0 0 1 1 1 1
3 0 0 1 1 1 1
3 0 0 1 1 1 1
3 0 0 1 1 1 1
3 0 0 1 1 1 1
3 0 0 1 1 1 1
3 0 0 1 1 1 1
4 1 1 1 1 1 1
4 1 1 1 1 1 1
4 1 1 1 1 1 1
4 1 1 1 1 1 1
4 1 1 1 1 1 1
4 1 1 1 1 1 1
4 1 1 1 1 1 1
4 1 1 1 1 1 1
4 1 1 1 1 1 1
4 1 1 1 1 1 1
5 1 1 1 1 1 1
5 1 1 1 1 1 1
5 1 1 1 1 1 1
5 1 1 1 1 1 1
5 1 1 1 1 1 1
5 1 1 1 1 1 1
5 1 1 1 1 1 1
5 1 1 1 1 1 1
5 1 1 1 1 1 1
5 1 1 1 1 1 1
6 1 1 1 1 1 1
6 1 1 1 1 1 1
6 1 1 1 1 1 1
6 1 1 1 1 1 1
6 1 1 1 1 1 1
6 1 1 1 1 1 1
6 1 1 1 1 1 1
6 1 1 1 1 1 1
6 1 1 1 1 1 1
6 1 1 1 1 1 1
7 1 1 1 1 1 1
7 1 1 1 1 1 1
7 1 1 1 1 1 1
7 1 1 1 1 1 1
7 1 1 1 1 1 1
7 1 1 1 1 1 1
7 1 1 1 1 1 1
7 1 1 1 1 1 1
7 1 1 1 1 1 1
7 1 1 1 1 1 1
8 1 1 1 1 1 1
8 1 1 1 1 1 1
8 1 1 1 1 1 1
8 1 1 1 1 1 1
8 1 1 1 1 1 1
8 1 1 1 1 1 1
8 1 1 1 1 1 1
8 1 1 1 1 1 1
8 1 1 1 1 1 1
8 1 1 1 1 1 1
9 1 1 1 1 1 1
9 1 1 1 1 1 1
9 1 1 1 1 1 1
9 1 1 1 1 1 1
9 1 1 1 1 1 1
9 1 1 1 1 1 1
9 1 1 1 1 1 1
9 1 1 1 1 1 1
9 1 1 1 1 1 1
9 1 1 1 1 1 1
10 0 0 1 1 1 1
10 0 0 1 1 1 1
10 0 0 1 1 1 1
10 0 0 1 1 1 1
10 0 0 1 1 1 1
10 0 0 1 1 1 1
10 0 0 1 1 1 1
10 0 0 1 1 1 1
10 0 0 1 1 1 1
10 0 0 1 1 1 1
11 0 0 1 1 1 1
11 0 0 1 1 1 1
11 0 0 1 1 1 1
11 0 0 1 1 1 1
11 0 0 1 1 1 1
11 0 0 1 1 1 1
11 0 0 1 1 1 1
11 0 0 1 1 1 1
11 0 0 1 1 1 1
11 0 0 1 1 1 1
12 0 0 1 1 1 1
12 0 0 1 1 1 1
12 0 0 1 1 1 1
12 0 0 1 1 1 1
12 0 0 1 1 1 1
12 0 0 1 1 1 1
12 0 0 1 1 1 1
12 0 0 1 1 1 1
12 0 0 1 1 1 1
12 0 0 1 1 1 1
#INFO-GEN
Namespace(bayType=5, francisco=True, meanPort=5, seed=6927, stdPort=13.322726086521277, target40=23, targetCapacity=88, targetHC=50, targetIMO=4, targetPorts=26, targetReefer=87, targetRelease=44, targetWeight=81)
