25 44 142 12 120 1 10
#POD
2 3 4 5 6 7 8 9 10 11 12 13 14 15 16 17 18 19 20 21 22 23 24 25 26
#LOCATIONS
1
#CONTAINERS_TOLOAD
0 0 0 22843.34 2.59 20 8 0 1 0
0 0 0 5191.94 2.59 20 19 0 1 0
0 0 0 21661.60 2.59 20 2 0 1 0
0 0 0 5431.03 2.59 20 25 0 1 0
0 0 0 13534.31 2.59 20 10 0 1 0
0 0 0 14052.93 2.59 20 13 0 1 0
0 0 0 19634.27 2.59 20 24 0 1 0
0 0 0 8264.64 2.59 20 21 0 1 0
0 0 0 18559.13 2.59 20 26 0 1 2
0 0 0 7061.98 2.59 20 19 0 1 2
0 0 0 19523.60 2.59 20 22 0 1 2
0 0 0 8829.90 2.59 20 20 0 1 2
0 0 0 14812.71 2.59 20 20 0 1 2
0 0 0 15970.82 2.59 20 26 0 1 2
0 0 0 11587.69 2.59 20 13 0 1 2
0 0 0 9909.44 2.59 20 17 0 1 2
0 0 0 13714.40 2.59 20 19 0 1 2
0 0 0 22271.25 2.59 20 13 0 1 2
0 0 0 5175.15 2.59 20 13 0 1 2
0 0 0 13338.45 2.59 20 7 0 1 2
0 0 0 15862.16 2.59 20 17 0 1 2
0 0 0 16024.05 2.59 20 18 0 1 2
0 0 0 9273.25 2.59 20 12 0 1 2
0 0 0 17262.40 2.59 20 11 0 1 2
0 0 0 13367.11 2.59 20 24 0 1 0
0 0 0 9563.60 2.59 20 15 0 1 0
0 0 0 21345.88 2.59 40 19 0 1 1
0 0 0 5224.62 2.59 40 11 0 1 4
0 0 0 20417.12 2.59 20 4 0 1 1
0 0 0 7768.39 2.59 20 19 0 1 1
0 0 0 16164.60 2.59 20 20 0 1 1
0 0 0 11679.39 2.59 20 22 0 1 1
0 0 0 13300.67 2.59 20 6 0 1 1
0 0 0 12203.39 2.59 20 19 0 1 1
0 0 0 14247.55 2.59 20 15 0 1 4
0 0 0 17541.38 2.59 20 13 0 1 4
0 0 0 12271.74 2.59 20 25 0 1 4
0 0 0 14070.95 2.59 20 23 0 1 4
0 0 0 13173.85 2.59 20 10 0 1 0
0 0 0 13218.13 2.59 20 25 0 1 0
0 0 0 15411.03 2.59 20 8 0 1 4
0 0 0 10545.30 2.59 20 26 0 1 4
0 0 0 17005.51 2.59 20 8 0 1 4
0 0 0 7009.33 2.59 20 24 0 1 4
#CONTAINERS_LOADED
3 1 1 7500.00 2.59 20 6 0 1 2
3 1 -1 7500.00 2.59 20 26 0 1 2
4 1 1 7500.00 2.59 20 5 1 1 0
4 1 -1 7500.00 2.59 20 26 1 1 0
4 2 1 7500.00 2.59 20 24 1 1 0
4 2 -1 7500.00 2.59 20 16 1 1 0
4 3 1 7500.00 2.59 20 26 1 1 0
4 3 -1 7500.00 2.59 20 20 1 1 0
4 4 1 7500.00 2.59 20 26 1 1 0
4 4 -1 7500.00 2.59 20 3 1 1 0
4 5 1 7500.00 2.59 20 18 1 1 0
4 5 -1 7500.00 2.59 20 23 1 1 0
4 6 1 7500.00 2.59 20 17 1 1 0
4 6 -1 7500.00 2.59 20 8 1 1 0
4 7 1 7500.00 2.59 20 20 1 1 0
4 7 -1 7500.00 2.59 20 26 1 1 0
4 8 1 7500.00 2.59 20 10 1 1 0
4 8 -1 7500.00 2.59 20 26 1 1 0
4 9 1 7500.00 2.59 20 23 1 1 0
4 9 -1 7500.00 2.59 20 19 1 1 0
4 10 1 7500.00 2.59 20 22 1 1 0
4 10 -1 7500.00 2.59 20 21 1 1 0
5 1 1 7500.00 2.59 20 25 1 1 0
5 1 -1 7500.00 2.59 20 18 1 1 0
5 2 1 7500.00 2.59 20 5 1 1 4
5 2 -1 7500.00 2.59 20 21 1 1 4
5 3 1 7500.00 2.59 20 22 1 1 1
5 3 -1 7500.00 2.59 20 19 1 1 1
5 4 1 7500.00 2.59 20 13 1 1 1
5 4 -1 7500.00 2.59 20 18 1 1 1
5 5 1 7500.00 2.59 20 12 1 1 4
5 5 -1 7500.00 2.59 20 8 1 1 4
5 6 1 7500.00 2.59 20 24 1 1 1
5 6 -1 7500.00 2.59 20 16 1 1 1
5 7 1 7500.00 2.59 20 16 1 1 4
5 7 -1 7500.00 2.59 20 4 1 1 4
5 8 1 7500.00 2.59 20 10 1 1 4
5 8 -1 7500.00 2.59 20 11 1 1 4
5 9 1 7500.00 2.59 20 25 1 1 1
5 9 -1 7500.00 2.59 20 9 1 1 1
5 10 1 7500.00 2.59 20 6 1 1 4
5 10 -1 7500.00 2.59 20 20 1 1 4
6 1 1 7500.00 2.59 20 18 1 1 0
6 1 -1 7500.00 2.59 20 16 1 1 0
6 2 1 7500.00 2.59 20 26 1 1 0
6 2 -1 7500.00 2.59 20 12 1 1 0
6 3 1 7500.00 2.59 20 22 1 1 0
6 3 -1 7500.00 2.59 20 15 1 1 0
6 4 1 7500.00 2.59 20 9 1 1 0
6 4 -1 7500.00 2.59 20 9 1 1 0
6 5 1 7500.00 2.59 20 23 1 1 0
6 5 -1 7500.00 2.59 20 18 1 1 0
6 6 1 7500.00 2.59 20 10 1 1 0
6 6 -1 7500.00 2.59 20 20 1 1 0
6 7 1 7500.00 2.59 20 19 1 1 0
6 7 -1 7500.00 2.59 20 18 1 1 0
6 8 1 7500.00 2.59 20 11 1 1 0
6 8 -1 7500.00 2.59 20 2 1 1 0
6 9 1 7500.00 2.59 20 26 1 1 0
6 9 -1 7500.00 2.59 20 22 1 1 0
6 10 1 7500.00 2.59 20 17 1 1 0
6 10 -1 7500.00 2.59 20 15 1 1 0
7 1 1 7500.00 2.59 20 13 1 1 4
7 1 -1 7500.00 2.59 20 10 1 1 4
7 2 1 7500.00 2.59 20 14 1 1 3
7 2 -1 7500.00 2.59 20 5 1 1 3
7 3 1 7500.00 2.59 20 9 1 1 3
7 3 -1 7500.00 2.59 20 11 1 1 3
7 4 1 7500.00 2.59 20 24 1 1 3
7 4 -1 7500.00 2.59 20 17 1 1 3
7 5 1 7500.00 2.59 20 19 1 1 0
7 5 -1 7500.00 2.59 20 13 1 1 0
7 6 1 7500.00 2.59 20 13 1 1 3
7 6 -1 7500.00 2.59 20 5 1 1 3
7 7 1 7500.00 2.59 20 9 1 1 3
7 7 -1 7500.00 2.59 20 11 1 1 3
7 8 1 7500.00 2.59 20 16 1 1 4
7 8 -1 7500.00 2.59 20 18 1 1 4
7 9 1 7500.00 2.59 20 20 1 1 3
7 9 -1 7500.00 2.59 20 20 1 1 3
7 10 1 7500.00 2.59 20 14 1 1 3
7 10 -1 7500.00 2.59 20 7 1 1 3
8 1 1 7500.00 2.59 20 23 1 1 0
8 1 -1 7500.00 2.59 20 19 1 1 0
8 2 1 7500.00 2.59 20 14 1 1 0
8 2 -1 7500.00 2.59 20 9 1 1 0
8 3 1 7500.00 2.59 20 16 1 1 0
8 3 -1 7500.00 2.59 20 22 1 1 0
8 4 1 7500.00 2.59 20 23 1 1 0
8 4 -1 7500.00 2.59 20 22 1 1 0
8 5 1 7500.00 2.59 20 19 1 1 0
8 5 -1 7500.00 2.59 20 20 1 1 0
8 6 1 7500.00 2.59 20 3 1 1 0
8 6 -1 7500.00 2.59 20 14 1 1 0
8 7 1 7500.00 2.59 20 23 1 1 0
8 7 -1 7500.00 2.59 20 9 1 1 0
8 8 1 7500.00 2.59 20 4 1 1 0
8 8 -1 7500.00 2.59 20 20 1 1 0
8 9 1 7500.00 2.59 20 16 1 1 0
8 9 -1 7500.00 2.59 20 23 1 1 0
8 10 1 7500.00 2.59 20 21 1 1 0
8 10 -1 7500.00 2.59 20 24 1 1 0
9 1 1 7500.00 2.59 20 20 1 1 4
9 1 -1 7500.00 2.59 20 8 1 1 4
9 2 1 7500.00 2.59 20 14 1 1 1
9 2 -1 7500.00 2.59 20 25 1 1 1
9 3 1 7500.00 2.59 20 17 1 1 0
9 3 -1 7500.00 2.59 20 8 1 1 0
9 4 1 7500.00 2.59 20 15 1 1 4
9 4 -1 7500.00 2.59 20 16 1 1 4
9 5 1 7500.00 2.59 20 4 1 1 1
9 5 -1 7500.00 2.59 20 21 1 1 1
9 6 1 7500.00 2.59 20 25 1 1 4
9 6 -1 7500.00 2.59 20 15 1 1 4
9 7 1 7500.00 2.59 20 15 1 1 1
9 7 -1 7500.00 2.59 20 6 1 1 1
9 8 1 7500.00 2.59 20 6 1 1 4
9 8 -1 7500.00 2.59 20 9 1 1 4
9 9 1 7500.00 2.59 20 18 1 1 1
9 9 -1 7500.00 2.59 20 15 1 1 1
9 10 1 7500.00 2.59 20 25 1 1 1
9 10 -1 7500.00 2.59 20 10 1 1 1
10 1 1 7500.00 2.59 20 13 0 1 0
10 1 -1 7500.00 2.59 20 16 0 1 0
10 2 1 7500.00 2.59 20 21 0 1 0
10 2 -1 7500.00 2.59 20 13 0 1 0
10 3 1 7500.00 2.59 20 18 0 1 0
10 3 -1 7500.00 2.59 20 24 0 1 0
10 4 1 7500.00 2.59 20 16 0 1 0
10 4 -1 7500.00 2.59 20 20 0 1 0
10 5 1 7500.00 2.59 20 22 0 1 0
10 5 -1 7500.00 2.59 20 16 0 1 0
10 6 1 7500.00 2.59 20 14 0 1 0
10 6 -1 7500.00 2.59 20 21 0 1 0
10 7 1 7500.00 2.59 20 18 0 1 0
10 7 -1 7500.00 2.59 20 10 0 1 0
10 8 1 7500.00 2.59 20 23 0 1 0
10 8 -1 7500.00 2.59 20 17 0 1 0
10 9 1 7500.00 2.59 20 15 0 1 0
10 9 -1 7500.00 2.59 20 15 0 1 0
10 10 1 7500.00 2.59 20 15 0 1 0
10 10 -1 7500.00 2.59 20 26 0 1 0
#STACKS
150000.00 25.90 1
150000.00 25.90 1
150000.00 25.90 1
150000.00 25.90 1
150000.00 25.90 1
150000.00 25.90 1
150000.00 25.90 1
150000.00 25.90 1
150000.00 25.90 1
150000.00 25.90 1
150000.00 25.90 1
150000.00 25.90 1
#CELLS
1 0 0 1 1 1 1
1 0 0 1 1 1 1
1 0 0 1 1 1 1
1 0 0 1 1 1 1
1 0 0 1 1 1 1
1 0 0 1 1 1 1
1 0 0 1 1 1 1
1 0 0 1 1 1 1
1 0 0 1 1 1 1
1 0 0 1 1 1 1
2 0 0 1 1 1 1
2 0 0 1 1 1 1
2 0 0 1 1 1 1
2 0 0 1 1 1 1
2 0 0 1 1 1 1
2 0 0 1 1 1 1
2 0 0 1 1 1 1
2 0 0 1 1 1 1
2 0 0 1 1 1 1
2 0 0 1 1 1 1
3 0 0 1 1 1 1
3 0 0 1 1 1 1
3 0 0 1 1 1 1
3 0 0 1 1 1 1
3 0 0 1 1 1 1
3 0 0 1 1 1 1
3 0 0 1 1 1 1
3 0 0 1 1 1 1
3 0 0 1 1 1 1
3 0 0 1 1 1 1
4 1 1 1 1 1 1
4 1 1 1 1 1 1
4 1 1 1 1 1 1
4 1 1 1 1 1 1
4 1 1 1 1 1 1
4 1 1 1 1 1 1
4 1 1 1 1 1 1
4 1 1 1 1 1 1
4 1 1 1 1 1 1
4 1 1 1 1 1 1
5 1 1 1 1 1 1
5 1 1 1 1 1 1
5 1 1 1 1 1 1
5 1 1 1 1 1 1
5 1 1 1 1 1 1
5 1 1 1 1 1 1
5 1 1 1 1 1 1
5 1 1 1 1 1 1
5 1 1 1 1 1 1
5 1 1 1 1 1 1
6 1 1 1 1 1 1
6 1 1 1 1 1 1
6 1 1 1 1 1 1
6 1 1 1 1 1 1
6 1 1 1 1 1 1
6 1 1 1 1 1 1
6 1 1 1 1 1 1
6 1 1 1 1 1 1
6 1 1 1 1 1 1
6 1 1 1 1 1 1
7 1 1 1 1 1 1
7 1 1 1 1 1 1
7 1 1 1 1 1 1
7 1 1 1 1 1 1
7 1 1 1 1 1 1
7 1 1 1 1 1 1
7 1 1 1 1 1 1
7 1 1 1 1 1 1
7 1 1 1 1 1 1
7 1 1 1 1 1 1
8 1 1 1 1 1 1
8 1 1 1 1 1 1
8 1 1 1 1 1 1
8 1 1 1 1 1 1
8 1 1 1 1 1 1
8 1 1 1 1 1 1
8 1 1 1 1 1 1
8 1 1 1 1 1 1
8 1 1 1 1 1 1
8 1 1 1 1 1 1
9 1 1 1 1 1 1
9 1 1 1 1 1 1
9 1 1 1 1 1 1
9 1 1 1 1 1 1
9 1 1 1 1 1 1
9 1 1 1 1 1 1
9 1 1 1 1 1 1
9 1 1 1 1 1 1
9 1 1 1 1 1 1
9 1 1 1 1 1 1
10 0 0 1 1 1 1
10 0 0 1 1 1 1
10 0 0 1 1 1 1
10 0 0 1 1 1 1
10 0 0 1 1 1 1
10 0 0 1 1 1 1
10 0 0 1 1 1 1
10 0 0 1 1 1 1
10 0 0 1 1 1 1
10 0 0 1 1 1 1
11 0 0 1 1 1 1
11 0 0 1 1 1 1
11 0 0 1 1 1 1
11 0 0 1 1 1 1
11 0 0 1 1 1 1
11 0 0 1 1 1 1
11 0 0 1 1 1 1
11 0 0 1 1 1 1
11 0 0 1 1 1 1
11 0 0 1 1 1 1
12 0 0 1 1 1 1
12 0 0 1 1 1 1
12 0 0 1 1 1 1
12 0 0 1 1 1 1
12 0 0 1 1 1 1
12 0 0 1 1 1 1
12 0 0 1 1 1 1
12 0 0 1 1 1 1
12 0 0 1 1 1 1
12 0 0 1 1 1 1
#INFO-GEN
Namespace(bayType=5, francisco=True, meanPort=24, seed=4527, stdPort=13.556894137474838, target40=3, targetCapacity=79, targetHC=0, targetIMO=84, targetPorts=26, targetReefer=21, targetRelease=77, targetWeight=81)
