26 53 178 12 120 1 10
#POD
1 2 3 4 5 6 7 8 9 10 11 12 13 14 15 16 17 18 19 20 21 22 23 24 25 26
#LOCATIONS
1
#CONTAINERS_TOLOAD
0 0 0 10407.80 2.59 20 24 0 1 2
0 0 0 3818.28 2.59 20 17 0 1 2
0 0 0 9966.64 2.59 20 26 0 1 2
0 0 0 3907.54 2.59 20 8 0 1 2
0 0 0 6932.61 2.59 20 2 0 1 2
0 0 0 7126.22 2.59 20 22 0 1 2
0 0 0 9209.81 2.59 20 22 0 1 2
0 0 0 4965.36 2.59 20 21 0 1 2
0 0 0 8808.45 2.59 20 8 0 1 0
0 0 0 4516.39 2.59 20 22 0 1 0
0 0 0 9168.50 2.59 20 17 0 1 2
0 0 0 5176.38 2.59 20 18 0 1 2
0 0 0 7409.85 2.59 20 13 0 1 2
0 0 0 7842.19 2.59 20 9 0 1 2
0 0 0 6205.91 2.59 20 4 0 1 0
0 0 0 5579.39 2.59 20 13 0 1 0
0 0 0 6999.84 2.59 20 24 0 1 0
0 0 0 10194.23 2.59 20 20 0 1 0
0 0 0 3812.02 2.59 20 10 0 1 0
0 0 0 6859.49 2.59 20 20 0 1 0
0 0 0 7801.63 2.59 20 21 0 1 0
0 0 0 7862.06 2.59 20 23 0 1 0
0 0 0 5341.89 2.59 20 17 0 1 0
0 0 0 8324.36 2.59 20 26 0 1 0
0 0 0 6870.19 2.59 20 24 0 1 0
0 0 0 5450.29 2.59 20 9 0 1 0
0 0 0 9848.78 2.59 20 14 0 1 0
0 0 0 3830.48 2.59 20 5 0 1 0
0 0 0 9502.06 2.59 20 15 0 1 0
0 0 0 4780.11 2.59 20 25 0 1 0
0 0 0 7914.53 2.59 20 20 0 1 0
0 0 0 6240.14 2.59 20 10 0 1 0
0 0 0 6845.39 2.59 20 23 0 1 0
0 0 0 6435.76 2.59 20 20 0 1 0
0 0 0 7198.87 2.59 20 26 0 1 1
0 0 0 8428.51 2.59 20 18 0 1 1
0 0 0 6461.27 2.59 40 15 0 1 0
0 0 0 7132.95 2.59 40 22 0 1 0
0 0 0 6798.04 2.59 40 26 0 1 0
0 0 0 6814.58 2.59 20 26 0 1 0
0 0 0 7633.22 2.59 20 7 0 1 0
0 0 0 5816.77 2.59 20 15 0 1 0
0 0 0 8228.46 2.59 20 20 0 1 0
0 0 0 5499.61 2.59 20 23 0 1 0
0 0 0 6634.01 2.59 20 23 0 1 0
0 0 0 9416.29 2.59 20 21 0 1 0
0 0 0 3908.36 2.59 20 12 0 1 0
0 0 0 9259.10 2.59 20 24 0 1 0
0 0 0 5736.29 2.59 20 21 0 1 0
0 0 0 6288.20 2.59 20 12 0 1 0
0 0 0 7722.21 2.59 20 17 0 1 0
0 0 0 7799.21 2.59 20 9 0 1 0
0 0 0 4612.46 2.59 20 25 0 1 0
#CONTAINERS_LOADED
3 1 1 7500.00 2.59 20 10 0 1 4
3 1 -1 7500.00 2.59 20 11 0 1 4
3 2 1 7500.00 2.59 20 22 0 1 1
3 2 -1 7500.00 2.59 20 19 0 1 1
3 3 1 7500.00 2.59 20 15 0 1 4
3 3 -1 7500.00 2.59 20 20 0 1 4
3 4 1 7500.00 2.59 20 21 0 1 0
3 4 -1 7500.00 2.59 20 7 0 1 0
3 5 1 7500.00 2.59 20 21 0 1 4
3 5 -1 7500.00 2.59 20 22 0 1 4
3 6 1 7500.00 2.59 20 23 0 1 4
3 6 -1 7500.00 2.59 20 19 0 1 4
3 7 1 7500.00 2.59 20 26 0 1 1
3 7 -1 7500.00 2.59 20 21 0 1 1
3 8 1 7500.00 2.59 20 24 0 1 1
3 8 -1 7500.00 2.59 20 17 0 1 1
3 9 1 7500.00 2.59 20 20 0 1 4
3 9 -1 7500.00 2.59 20 17 0 1 4
3 10 1 7500.00 2.59 20 24 0 1 1
3 10 -1 7500.00 2.59 20 14 0 1 1
4 1 1 7500.00 2.59 20 2 1 1 0
4 1 -1 7500.00 2.59 20 14 1 1 0
4 2 1 7500.00 2.59 20 11 1 1 0
4 2 -1 7500.00 2.59 20 10 1 1 0
4 3 1 7500.00 2.59 20 26 1 1 0
4 3 -1 7500.00 2.59 20 11 1 1 0
4 4 1 7500.00 2.59 20 11 1 1 0
4 4 -1 7500.00 2.59 20 25 1 1 0
4 5 1 7500.00 2.59 20 25 1 1 0
4 5 -1 7500.00 2.59 20 26 1 1 0
4 6 1 7500.00 2.59 20 13 1 1 0
4 6 -1 7500.00 2.59 20 19 1 1 0
4 7 1 7500.00 2.59 20 26 1 1 0
4 7 -1 7500.00 2.59 20 16 1 1 0
4 8 1 7500.00 2.59 20 16 1 1 0
4 8 -1 7500.00 2.59 20 16 1 1 0
4 9 1 7500.00 2.59 20 26 1 1 0
4 9 -1 7500.00 2.59 20 20 1 1 0
4 10 1 7500.00 2.59 20 13 1 1 0
4 10 -1 7500.00 2.59 20 22 1 1 0
5 1 1 7500.00 2.59 20 25 1 1 3
5 1 -1 7500.00 2.59 20 17 1 1 3
5 2 1 7500.00 2.59 20 22 1 1 0
5 2 -1 7500.00 2.59 20 22 1 1 0
5 3 1 7500.00 2.59 20 8 1 1 4
5 3 -1 7500.00 2.59 20 20 1 1 4
5 4 1 7500.00 2.59 20 12 1 1 4
5 4 -1 7500.00 2.59 20 10 1 1 4
5 5 1 7500.00 2.59 20 22 1 1 3
5 5 -1 7500.00 2.59 20 14 1 1 3
5 6 1 7500.00 2.59 20 13 1 1 3
5 6 -1 7500.00 2.59 20 13 1 1 3
5 7 1 7500.00 2.59 20 11 1 1 0
5 7 -1 7500.00 2.59 20 15 1 1 0
5 8 1 7500.00 2.59 20 1 1 1 3
5 8 -1 7500.00 2.59 20 14 1 1 3
5 9 1 7500.00 2.59 20 18 1 1 3
5 9 -1 7500.00 2.59 20 2 1 1 3
5 10 1 7500.00 2.59 20 26 1 1 3
5 10 -1 7500.00 2.59 20 3 1 1 3
6 1 1 7500.00 2.59 20 7 1 1 0
6 1 -1 7500.00 2.59 20 8 1 1 0
6 2 1 7500.00 2.59 20 9 1 1 0
6 2 -1 7500.00 2.59 20 11 1 1 0
6 3 1 7500.00 2.59 20 13 1 1 0
6 3 -1 7500.00 2.59 20 16 1 1 0
6 4 1 7500.00 2.59 20 14 1 1 0
6 4 -1 7500.00 2.59 20 17 1 1 0
6 5 1 7500.00 2.59 20 11 1 1 0
6 5 -1 7500.00 2.59 20 18 1 1 0
6 6 1 7500.00 2.59 20 9 1 1 0
6 6 -1 7500.00 2.59 20 26 1 1 0
6 7 1 7500.00 2.59 20 18 1 1 0
6 7 -1 7500.00 2.59 20 20 1 1 0
6 8 1 7500.00 2.59 20 15 1 1 0
6 8 -1 7500.00 2.59 20 25 1 1 0
6 9 1 7500.00 2.59 20 12 1 1 0
6 9 -1 7500.00 2.59 20 17 1 1 0
6 10 1 7500.00 2.59 20 22 1 1 0
6 10 -1 7500.00 2.59 20 18 1 1 0
7 1 1 7500.00 2.59 20 26 1 1 2
7 1 -1 7500.00 2.59 20 23 1 1 2
7 2 1 7500.00 2.59 20 13 1 1 2
7 2 -1 7500.00 2.59 20 25 1 1 2
7 3 1 7500.00 2.59 20 18 1 1 2
7 3 -1 7500.00 2.59 20 9 1 1 2
7 4 1 7500.00 2.59 20 18 1 1 2
7 4 -1 7500.00 2.59 20 4 1 1 2
7 5 1 7500.00 2.59 20 7 1 1 0
7 5 -1 7500.00 2.59 20 16 1 1 0
7 6 1 7500.00 2.59 20 7 1 1 0
7 6 -1 7500.00 2.59 20 26 1 1 0
7 7 1 7500.00 2.59 20 26 1 1 2
7 7 -1 7500.00 2.59 20 12 1 1 2
7 8 1 7500.00 2.59 20 11 1 1 2
7 8 -1 7500.00 2.59 20 16 1 1 2
7 9 1 7500.00 2.59 20 24 1 1 2
7 9 -1 7500.00 2.59 20 18 1 1 2
7 10 1 7500.00 2.59 20 24 1 1 2
7 10 -1 7500.00 2.59 20 8 1 1 2
8 1 1 7500.00 2.59 20 12 1 1 0
8 1 -1 7500.00 2.59 20 22 1 1 0
8 2 1 7500.00 2.59 20 11 1 1 0
8 2 -1 7500.00 2.59 20 18 1 1 0
8 3 1 7500.00 2.59 20 22 1 1 0
8 3 -1 7500.00 2.59 20 7 1 1 0
8 4 1 7500.00 2.59 20 20 1 1 0
8 4 -1 7500.00 2.59 20 26 1 1 0
8 5 1 7500.00 2.59 20 24 1 1 0
8 5 -1 7500.00 2.59 20 18 1 1 0
8 6 1 7500.00 2.59 20 26 1 1 0
8 6 -1 7500.00 2.59 20 22 1 1 0
8 7 1 7500.00 2.59 20 22 1 1 0
8 7 -1 7500.00 2.59 20 19 1 1 0
8 8 1 7500.00 2.59 20 4 1 1 0
8 8 -1 7500.00 2.59 20 18 1 1 0
8 9 1 7500.00 2.59 20 6 1 1 0
8 9 -1 7500.00 2.59 20 9 1 1 0
8 10 1 7500.00 2.59 20 12 1 1 0
8 10 -1 7500.00 2.59 20 10 1 1 0
9 1 1 7500.00 2.59 20 6 1 1 2
9 1 -1 7500.00 2.59 20 5 1 1 2
9 2 1 7500.00 2.59 20 15 1 1 2
9 2 -1 7500.00 2.59 20 15 1 1 2
9 3 1 7500.00 2.59 20 25 1 1 2
9 3 -1 7500.00 2.59 20 23 1 1 2
9 4 1 7500.00 2.59 20 25 1 1 2
9 4 -1 7500.00 2.59 20 24 1 1 2
9 5 1 7500.00 2.59 20 3 1 1 2
9 5 -1 7500.00 2.59 20 3 1 1 2
9 6 1 7500.00 2.59 20 15 1 1 0
9 6 -1 7500.00 2.59 20 17 1 1 0
9 7 1 7500.00 2.59 20 16 1 1 0
9 7 -1 7500.00 2.59 20 26 1 1 0
9 8 1 7500.00 2.59 20 12 1 1 2
9 8 -1 7500.00 2.59 20 16 1 1 2
9 9 1 7500.00 2.59 20 15 1 1 2
9 9 -1 7500.00 2.59 20 13 1 1 2
9 10 1 7500.00 2.59 20 15 1 1 2
9 10 -1 7500.00 2.59 20 10 1 1 2
10 1 1 7500.00 2.59 20 21 0 1 0
10 1 -1 7500.00 2.59 20 12 0 1 0
10 2 1 7500.00 2.59 20 21 0 1 0
10 2 -1 7500.00 2.59 20 23 0 1 0
10 3 1 7500.00 2.59 20 25 0 1 0
10 3 -1 7500.00 2.59 20 26 0 1 0
10 4 1 7500.00 2.59 20 24 0 1 0
10 4 -1 7500.00 2.59 20 24 0 1 0
10 5 1 7500.00 2.59 20 16 0 1 0
10 5 -1 7500.00 2.59 20 20 0 1 0
10 6 1 7500.00 2.59 20 19 0 1 0
10 6 -1 7500.00 2.59 20 20 0 1 0
10 7 1 7500.00 2.59 20 14 0 1 0
10 7 -1 7500.00 2.59 20 26 0 1 0
10 8 1 7500.00 2.59 20 25 0 1 0
10 8 -1 7500.00 2.59 20 12 0 1 0
10 9 1 7500.00 2.59 20 21 0 1 0
10 9 -1 7500.00 2.59 20 11 0 1 0
10 10 1 7500.00 2.59 20 10 0 1 0
10 10 -1 7500.00 2.59 20 25 0 1 0
11 1 1 7500.00 2.59 20 23 0 1 1
11 1 -1 7500.00 2.59 20 24 0 1 1
11 2 1 7500.00 2.59 20 10 0 1 4
11 2 -1 7500.00 2.59 20 1 0 1 4
11 3 1 7500.00 2.59 20 15 0 1 1
11 3 -1 7500.00 2.59 20 18 0 1 1
11 4 1 7500.00 2.59 20 26 0 1 0
11 4 -1 7500.00 2.59 20 23 0 1 0
11 5 1 7500.00 2.59 20 26 0 1 1
11 5 -1 7500.00 2.59 20 9 0 1 1
11 6 1 7500.00 2.59 20 1 0 1 4
11 6 -1 7500.00 2.59 20 17 0 1 4
11 7 1 7500.00 2.59 20 15 0 1 4
11 7 -1 7500.00 2.59 20 5 0 1 4
11 8 1 7500.00 2.59 20 17 0 1 0
11 8 -1 7500.00 2.59 20 23 0 1 0
11 9 1 7500.00 2.59 20 23 0 1 4
11 9 -1 7500.00 2.59 20 17 0 1 4
#STACKS
150000.00 25.90 1
150000.00 25.90 1
150000.00 25.90 1
150000.00 25.90 1
150000.00 25.90 1
150000.00 25.90 1
150000.00 25.90 1
150000.00 25.90 1
150000.00 25.90 1
150000.00 25.90 1
150000.00 25.90 1
150000.00 25.90 1
#CELLS
1 0 0 1 1 1 1
1 0 0 1 1 1 1
1 0 0 1 1 1 1
1 0 0 1 1 1 1
1 0 0 1 1 1 1
1 0 0 1 1 1 1
1 0 0 1 1 1 1
1 0 0 1 1 1 1
1 0 0 1 1 1 1
1 0 0 1 1 1 1
2 0 0 1 1 1 1
2 0 0 1 1 1 1
2 0 0 1 1 1 1
2 0 0 1 1 1 1
2 0 0 1 1 1 1
2 0 0 1 1 1 1
2 0 0 1 1 1 1
2 0 0 1 1 1 1
2 0 0 1 1 1 1
2 0 0 1 1 1 1
3 0 0 1 1 1 1
3 0 0 1 1 1 1
3 0 0 1 1 1 1
3 0 0 1 1 1 1
3 0 0 1 1 1 1
3 0 0 1 1 1 1
3 0 0 1 1 1 1
3 0 0 1 1 1 1
3 0 0 1 1 1 1
3 0 0 1 1 1 1
4 1 1 1 1 1 1
4 1 1 1 1 1 1
4 1 1 1 1 1 1
4 1 1 1 1 1 1
4 1 1 1 1 1 1
4 1 1 1 1 1 1
4 1 1 1 1 1 1
4 1 1 1 1 1 1
4 1 1 1 1 1 1
4 1 1 1 1 1 1
5 1 1 1 1 1 1
5 1 1 1 1 1 1
5 1 1 1 1 1 1
5 1 1 1 1 1 1
5 1 1 1 1 1 1
5 1 1 1 1 1 1
5 1 1 1 1 1 1
5 1 1 1 1 1 1
5 1 1 1 1 1 1
5 1 1 1 1 1 1
6 1 1 1 1 1 1
6 1 1 1 1 1 1
6 1 1 1 1 1 1
6 1 1 1 1 1 1
6 1 1 1 1 1 1
6 1 1 1 1 1 1
6 1 1 1 1 1 1
6 1 1 1 1 1 1
6 1 1 1 1 1 1
6 1 1 1 1 1 1
7 1 1 1 1 1 1
7 1 1 1 1 1 1
7 1 1 1 1 1 1
7 1 1 1 1 1 1
7 1 1 1 1 1 1
7 1 1 1 1 1 1
7 1 1 1 1 1 1
7 1 1 1 1 1 1
7 1 1 1 1 1 1
7 1 1 1 1 1 1
8 1 1 1 1 1 1
8 1 1 1 1 1 1
8 1 1 1 1 1 1
8 1 1 1 1 1 1
8 1 1 1 1 1 1
8 1 1 1 1 1 1
8 1 1 1 1 1 1
8 1 1 1 1 1 1
8 1 1 1 1 1 1
8 1 1 1 1 1 1
9 1 1 1 1 1 1
9 1 1 1 1 1 1
9 1 1 1 1 1 1
9 1 1 1 1 1 1
9 1 1 1 1 1 1
9 1 1 1 1 1 1
9 1 1 1 1 1 1
9 1 1 1 1 1 1
9 1 1 1 1 1 1
9 1 1 1 1 1 1
10 0 0 1 1 1 1
10 0 0 1 1 1 1
10 0 0 1 1 1 1
10 0 0 1 1 1 1
10 0 0 1 1 1 1
10 0 0 1 1 1 1
10 0 0 1 1 1 1
10 0 0 1 1 1 1
10 0 0 1 1 1 1
10 0 0 1 1 1 1
11 0 0 1 1 1 1
11 0 0 1 1 1 1
11 0 0 1 1 1 1
11 0 0 1 1 1 1
11 0 0 1 1 1 1
11 0 0 1 1 1 1
11 0 0 1 1 1 1
11 0 0 1 1 1 1
11 0 0 1 1 1 1
11 0 0 1 1 1 1
12 0 0 1 1 1 1
12 0 0 1 1 1 1
12 0 0 1 1 1 1
12 0 0 1 1 1 1
12 0 0 1 1 1 1
12 0 0 1 1 1 1
12 0 0 1 1 1 1
12 0 0 1 1 1 1
12 0 0 1 1 1 1
12 0 0 1 1 1 1
#INFO-GEN
Namespace(bayType=5, francisco=True, meanPort=24, seed=4527, stdPort=13.556894137474838, target40=3, targetCapacity=98, targetHC=40, targetIMO=84, targetPorts=26, targetReefer=21, targetRelease=77, targetWeight=79)
