12 11 11 5 40 1 8
#POD
1 2 3 4 5 7 8 9 10 13 14 15
#LOCATIONS
1
#CONTAINERS_TOLOAD
0 0 0 21485.67 2.59 20 10 0 1 0
0 0 0 8872.84 2.59 20 3 0 1 0
0 0 0 12980.30 2.59 20 5 0 1 0
0 0 0 22989.39 2.59 20 8 0 1 0
0 0 0 6800.36 2.59 20 8 0 1 0
0 0 0 20101.84 2.59 20 2 0 1 0
0 0 0 6918.72 2.59 20 13 0 1 0
0 0 0 17200.86 2.59 20 10 0 1 0
0 0 0 13073.09 2.59 20 8 1 1 0
0 0 0 14023.27 2.59 20 9 0 1 0
0 0 0 12303.67 2.90 40 14 0 1 0
#CONTAINERS_LOADED
3 1 1 7500.00 2.59 20 13 1 1 3
3 1 -1 7500.00 2.59 20 9 0 1 3
3 2 1 7500.00 2.59 20 13 1 1 0
3 2 -1 7500.00 2.59 20 4 0 1 0
3 3 1 7500.00 2.59 20 5 1 1 4
3 3 -1 7500.00 2.59 20 8 0 1 4
3 4 1 7500.00 2.59 20 2 1 1 0
3 4 -1 7500.00 2.59 20 15 0 1 0
3 5 0 15000.00 2.59 40 1 1 1 0
3 6 0 15000.00 2.59 40 1 0 1 3
3 7 0 15000.00 2.59 40 7 0 1 0
#STACKS
60000.00 10.36 1
75000.00 12.95 1
120000.00 20.72 1
75000.00 12.95 1
60000.00 10.36 1
#CELLS
1 0 0 0 0 0 1
1 0 0 0 0 0 1
1 0 0 0 0 0 1
1 0 0 0 0 0 1
1 0 0 1 1 1 1
1 0 0 1 1 1 1
1 0 0 1 1 1 1
1 0 0 1 1 1 1
2 0 0 0 0 0 1
2 0 0 0 0 0 1
2 0 0 0 0 0 1
2 0 1 1 1 1 1
2 0 1 1 1 1 1
2 0 0 1 1 1 1
2 0 0 1 1 1 1
2 0 0 1 1 1 1
3 0 1 1 1 1 1
3 0 1 1 1 1 1
3 0 1 1 1 1 1
3 0 1 1 1 1 1
3 0 1 1 1 1 1
3 0 0 1 1 1 1
3 0 0 1 1 1 1
3 0 0 1 1 1 1
4 0 0 0 0 0 1
4 0 0 0 0 0 1
4 0 0 0 0 0 1
4 0 1 1 1 1 1
4 0 1 1 1 1 1
4 0 0 1 1 1 1
4 0 0 1 1 1 1
4 0 0 1 1 1 1
5 0 0 0 0 0 1
5 0 0 0 0 0 1
5 0 0 0 0 0 1
5 0 0 0 0 0 1
5 0 0 1 1 1 1
5 0 0 1 1 1 1
5 0 0 1 1 1 1
5 0 0 1 1 1 1
#INFO-GEN
Namespace(bayType=1, francisco=True, meanPort=3, seed=3456, stdPort=11.889895101186168, target40=38, targetCapacity=50, targetHC=52, targetIMO=63, targetPorts=15, targetReefer=79, targetRelease=64, targetWeight=55)
