14 11 20 5 40 1 8
#POD
1 2 3 4 5 6 7 8 9 10 11 13 14 15
#LOCATIONS
1
#CONTAINERS_TOLOAD
0 0 0 20925.35 2.59 20 10 0 1 0
0 0 0 8694.83 2.59 20 3 0 1 0
0 0 0 12677.78 2.59 20 5 0 1 0
0 0 0 22383.49 2.59 20 8 0 1 0
0 0 0 6685.16 2.59 20 8 0 1 0
0 0 0 19583.46 2.59 20 2 0 1 0
0 0 0 6799.94 2.59 40 13 0 1 0
0 0 0 16770.41 2.90 40 10 0 1 0
0 0 0 12767.76 2.59 40 8 0 1 0
0 0 0 13689.15 2.59 40 9 0 1 0
0 0 0 12021.67 2.90 40 14 1 1 0
#CONTAINERS_LOADED
2 4 1 7500.00 2.59 20 13 1 1 0
2 4 -1 7500.00 2.59 20 9 0 1 0
2 5 1 7500.00 2.59 20 13 1 1 0
2 5 -1 7500.00 2.59 20 4 0 1 0
2 6 1 7500.00 2.59 20 5 0 1 0
2 6 -1 7500.00 2.59 20 8 0 1 0
3 1 1 7500.00 2.59 20 2 1 1 3
3 1 -1 7500.00 2.59 20 15 0 1 3
3 2 1 7500.00 2.59 20 1 1 1 0
3 2 -1 7500.00 2.59 20 1 0 1 0
3 3 1 7500.00 2.59 20 7 1 1 0
3 3 -1 7500.00 2.59 20 10 0 1 0
3 4 1 7500.00 2.59 20 9 1 1 0
3 4 -1 7500.00 2.59 20 6 0 1 0
3 5 1 7500.00 2.59 20 10 1 1 4
3 5 -1 7500.00 2.59 20 11 0 1 4
3 6 1 7500.00 2.59 20 7 0 1 3
3 6 -1 7500.00 2.59 20 8 0 1 3
3 7 0 15000.00 2.59 40 7 0 1 4
3 8 0 15000.00 2.59 40 9 0 1 3
#STACKS
60000.00 10.36 1
75000.00 12.95 1
120000.00 20.72 1
75000.00 12.95 1
60000.00 10.36 1
#CELLS
1 0 0 0 0 0 1
1 0 0 0 0 0 1
1 0 0 0 0 0 1
1 0 0 0 0 0 1
1 0 0 1 1 1 1
1 0 0 1 1 1 1
1 0 0 1 1 1 1
1 0 0 1 1 1 1
2 0 0 0 0 0 1
2 0 0 0 0 0 1
2 0 0 0 0 0 1
2 0 1 1 1 1 1
2 0 1 1 1 1 1
2 0 0 1 1 1 1
2 0 0 1 1 1 1
2 0 0 1 1 1 1
3 0 1 1 1 1 1
3 0 1 1 1 1 1
3 0 1 1 1 1 1
3 0 1 1 1 1 1
3 0 1 1 1 1 1
3 0 0 1 1 1 1
3 0 0 1 1 1 1
3 0 0 1 1 1 1
4 0 0 0 0 0 1
4 0 0 0 0 0 1
4 0 0 0 0 0 1
4 0 1 1 1 1 1
4 0 1 1 1 1 1
4 0 0 1 1 1 1
4 0 0 1 1 1 1
4 0 0 1 1 1 1
5 0 0 0 0 0 1
5 0 0 0 0 0 1
5 0 0 0 0 0 1
5 0 0 0 0 0 1
5 0 0 1 1 1 1
5 0 0 1 1 1 1
5 0 0 1 1 1 1
5 0 0 1 1 1 1
#INFO-GEN
Namespace(bayType=1, francisco=True, meanPort=3, seed=3456, stdPort=11.889895101186168, target40=38, targetCapacity=75, targetHC=52, targetIMO=63, targetPorts=15, targetReefer=79, targetRelease=64, targetWeight=68)
