14 15 28 5 40 1 8
#POD
1 2 3 4 5 6 7 8 9 10 11 13 14 15
#LOCATIONS
1
#CONTAINERS_TOLOAD
0 0 0 13072.64 2.59 20 3 0 1 0
0 0 0 6200.04 2.59 20 5 0 1 0
0 0 0 8438.15 2.59 20 8 0 1 1
0 0 0 13892.00 2.59 20 8 0 1 1
0 0 0 5070.77 2.59 20 2 0 1 0
0 0 0 12318.60 2.59 20 13 0 1 0
0 0 0 5135.27 2.59 20 10 0 1 1
0 0 0 10737.89 2.59 20 8 0 1 1
0 0 0 8488.71 2.90 40 9 0 1 0
0 0 0 9006.46 2.59 40 14 0 1 0
0 0 0 9201.01 2.59 40 13 0 1 0
0 0 0 12063.51 2.59 40 9 0 1 4
0 0 0 6013.14 2.59 40 13 0 1 1
0 0 0 10454.53 2.59 40 4 0 1 0
0 0 0 6857.28 2.90 40 5 0 1 1
#CONTAINERS_LOADED
2 4 1 7500.00 2.59 20 8 1 1 0
2 4 -1 7500.00 2.59 20 2 0 1 0
2 5 1 7500.00 2.59 20 15 1 1 0
2 5 -1 7500.00 2.59 20 1 0 1 0
2 6 1 7500.00 2.59 20 1 0 1 0
2 6 -1 7500.00 2.59 20 7 0 1 0
2 7 1 7500.00 2.59 20 10 0 1 0
2 7 -1 7500.00 2.59 20 9 0 1 0
2 8 1 7500.00 2.59 20 6 0 1 0
2 8 -1 7500.00 2.59 20 10 0 1 0
3 1 1 7500.00 2.59 20 11 1 1 4
3 1 -1 7500.00 2.59 20 7 0 1 4
3 2 1 7500.00 2.59 20 8 1 1 4
3 2 -1 7500.00 2.59 20 7 0 1 4
3 3 1 7500.00 2.59 20 9 1 1 4
3 3 -1 7500.00 2.59 20 6 0 1 4
3 4 1 7500.00 2.59 20 10 1 1 0
3 4 -1 7500.00 2.59 20 15 0 1 0
3 5 1 7500.00 2.59 20 5 1 1 4
3 5 -1 7500.00 2.59 20 10 0 1 4
3 6 1 7500.00 2.59 20 11 0 1 0
3 6 -1 7500.00 2.59 20 3 0 1 0
3 7 1 7500.00 2.59 20 13 0 1 0
3 7 -1 7500.00 2.59 20 2 0 1 0
3 8 1 7500.00 2.59 20 8 0 1 1
3 8 -1 7500.00 2.59 20 5 0 1 1
4 4 0 15000.00 2.59 40 3 1 1 0
4 5 0 15000.00 2.59 40 3 1 1 0
#STACKS
60000.00 10.36 1
75000.00 12.95 1
120000.00 20.72 1
75000.00 12.95 1
60000.00 10.36 1
#CELLS
1 0 0 0 0 0 1
1 0 0 0 0 0 1
1 0 0 0 0 0 1
1 0 0 0 0 0 1
1 0 0 1 1 1 1
1 0 0 1 1 1 1
1 0 0 1 1 1 1
1 0 0 1 1 1 1
2 0 0 0 0 0 1
2 0 0 0 0 0 1
2 0 0 0 0 0 1
2 0 1 1 1 1 1
2 0 1 1 1 1 1
2 0 0 1 1 1 1
2 0 0 1 1 1 1
2 0 0 1 1 1 1
3 0 1 1 1 1 1
3 0 1 1 1 1 1
3 0 1 1 1 1 1
3 0 1 1 1 1 1
3 0 1 1 1 1 1
3 0 0 1 1 1 1
3 0 0 1 1 1 1
3 0 0 1 1 1 1
4 0 0 0 0 0 1
4 0 0 0 0 0 1
4 0 0 0 0 0 1
4 0 1 1 1 1 1
4 0 1 1 1 1 1
4 0 0 1 1 1 1
4 0 0 1 1 1 1
4 0 0 1 1 1 1
5 0 0 0 0 0 1
5 0 0 0 0 0 1
5 0 0 0 0 0 1
5 0 0 0 0 0 1
5 0 0 1 1 1 1
5 0 0 1 1 1 1
5 0 0 1 1 1 1
5 0 0 1 1 1 1
#INFO-GEN
Namespace(bayType=1, francisco=True, meanPort=3, seed=3456, stdPort=11.889895101186168, target40=38, targetCapacity=100, targetHC=52, targetIMO=63, targetPorts=15, targetReefer=79, targetRelease=64, targetWeight=83)
