7 16 6 5 40 1 8
#POD
1 2 3 4 5 6 7
#LOCATIONS
1
#CONTAINERS_TOLOAD
0 0 0 16004.94 2.59 20 3 0 1 0
0 0 0 24316.61 2.59 20 7 0 1 0
0 0 0 5507.38 2.59 20 3 0 1 0
0 0 0 14704.40 2.59 20 5 0 1 0
0 0 0 23542.50 2.59 20 3 0 1 0
0 0 0 6061.83 2.59 20 2 0 1 0
0 0 0 22178.96 2.59 20 2 0 1 0
0 0 0 8610.10 2.59 20 6 0 1 0
0 0 0 17164.08 2.59 20 2 1 1 0
0 0 0 16113.69 2.59 20 6 0 1 0
0 0 0 11772.33 2.59 40 5 0 1 4
0 0 0 19546.73 2.59 40 2 0 1 0
0 0 0 10618.99 2.90 40 5 0 1 0
0 0 0 15019.71 2.90 40 2 0 1 0
0 0 0 12971.17 2.59 20 1 0 1 4
0 0 0 13914.57 2.59 20 3 0 1 4
#CONTAINERS_LOADED
3 1 1 7500.00 2.59 20 4 1 1 0
3 1 -1 7500.00 2.59 20 2 0 1 0
3 2 1 7500.00 2.59 20 2 1 1 0
3 2 -1 7500.00 2.59 20 3 0 1 0
3 3 1 7500.00 2.59 20 3 1 1 0
3 3 -1 7500.00 2.59 20 5 0 1 0
#STACKS
60000.00 10.36 1
75000.00 12.95 1
120000.00 20.72 1
75000.00 12.95 1
60000.00 10.36 1
#CELLS
1 0 0 0 0 0 1
1 0 0 0 0 0 1
1 0 0 0 0 0 1
1 0 0 0 0 0 1
1 0 0 1 1 1 1
1 0 0 1 1 1 1
1 0 0 1 1 1 1
1 0 0 1 1 1 1
2 0 0 0 0 0 1
2 0 0 0 0 0 1
2 0 0 0 0 0 1
2 0 1 1 1 1 1
2 0 1 1 1 1 1
2 0 0 1 1 1 1
2 0 0 1 1 1 1
2 0 0 1 1 1 1
3 0 1 1 1 1 1
3 0 1 1 1 1 1
3 0 1 1 1 1 1
3 0 1 1 1 1 1
3 0 1 1 1 1 1
3 0 0 1 1 1 1
3 0 0 1 1 1 1
3 0 0 1 1 1 1
4 0 0 0 0 0 1
4 0 0 0 0 0 1
4 0 0 0 0 0 1
4 0 1 1 1 1 1
4 0 1 1 1 1 1
4 0 0 1 1 1 1
4 0 0 1 1 1 1
4 0 0 1 1 1 1
5 0 0 0 0 0 1
5 0 0 0 0 0 1
5 0 0 0 0 0 1
5 0 0 0 0 0 1
5 0 0 1 1 1 1
5 0 0 1 1 1 1
5 0 0 1 1 1 1
5 0 0 1 1 1 1
#INFO-GEN
Namespace(bayType=1, francisco=True, meanPort=6, seed=2344, stdPort=5.201965974440161, target40=31, targetCapacity=50, targetHC=21, targetIMO=18, targetPorts=7, targetReefer=30, targetRelease=30, targetWeight=69)
