7 23 10 5 40 1 8
#POD
1 2 3 4 5 6 7
#LOCATIONS
1
#CONTAINERS_TOLOAD
0 0 0 9011.97 2.59 20 5 0 1 0
0 0 0 12854.31 2.59 20 4 0 1 0
0 0 0 4159.12 2.59 20 4 0 1 0
0 0 0 8410.75 2.59 20 5 0 1 0
0 0 0 12496.45 2.59 20 3 0 1 0
0 0 0 4415.43 2.59 20 3 0 1 0
0 0 0 11866.11 2.59 20 3 0 1 0
0 0 0 5593.45 2.59 20 2 0 1 0
0 0 0 9547.82 2.59 20 1 0 1 0
0 0 0 9062.24 2.59 20 1 0 1 0
0 0 0 7055.30 2.59 20 4 1 1 0
0 0 0 10649.27 2.59 20 2 0 1 0
0 0 0 6522.13 2.59 20 5 0 1 1
0 0 0 8556.51 2.59 20 7 0 1 1
0 0 0 7609.50 2.59 20 3 0 1 0
0 0 0 11351.56 2.59 20 7 0 1 0
0 0 0 5342.01 2.59 20 2 0 1 0
0 0 0 9186.31 2.59 20 5 0 1 0
0 0 0 9282.45 2.59 40 7 0 1 0
0 0 0 8713.51 2.59 40 3 0 1 0
0 0 0 7269.07 2.90 40 3 0 1 0
0 0 0 11298.64 2.59 40 6 0 1 0
0 0 0 5039.08 2.59 40 6 0 1 0
#CONTAINERS_LOADED
3 1 1 7500.00 2.59 20 5 1 1 0
3 1 -1 7500.00 2.59 20 6 0 1 0
3 2 1 7500.00 2.59 20 5 1 1 0
3 2 -1 7500.00 2.59 20 4 0 1 0
3 3 1 7500.00 2.59 20 4 1 1 0
3 3 -1 7500.00 2.59 20 5 0 1 0
3 4 1 7500.00 2.59 20 2 1 1 0
3 4 -1 7500.00 2.59 20 6 0 1 0
3 5 1 7500.00 2.59 20 4 1 1 0
3 5 -1 7500.00 2.59 20 5 0 1 0
#STACKS
60000.00 10.36 1
75000.00 12.95 1
120000.00 20.72 1
75000.00 12.95 1
60000.00 10.36 1
#CELLS
1 0 0 0 0 0 1
1 0 0 0 0 0 1
1 0 0 0 0 0 1
1 0 0 0 0 0 1
1 0 0 1 1 1 1
1 0 0 1 1 1 1
1 0 0 1 1 1 1
1 0 0 1 1 1 1
2 0 0 0 0 0 1
2 0 0 0 0 0 1
2 0 0 0 0 0 1
2 0 1 1 1 1 1
2 0 1 1 1 1 1
2 0 0 1 1 1 1
2 0 0 1 1 1 1
2 0 0 1 1 1 1
3 0 1 1 1 1 1
3 0 1 1 1 1 1
3 0 1 1 1 1 1
3 0 1 1 1 1 1
3 0 1 1 1 1 1
3 0 0 1 1 1 1
3 0 0 1 1 1 1
3 0 0 1 1 1 1
4 0 0 0 0 0 1
4 0 0 0 0 0 1
4 0 0 0 0 0 1
4 0 1 1 1 1 1
4 0 1 1 1 1 1
4 0 0 1 1 1 1
4 0 0 1 1 1 1
4 0 0 1 1 1 1
5 0 0 0 0 0 1
5 0 0 0 0 0 1
5 0 0 0 0 0 1
5 0 0 0 0 0 1
5 0 0 1 1 1 1
5 0 0 1 1 1 1
5 0 0 1 1 1 1
5 0 0 1 1 1 1
#INFO-GEN
Namespace(bayType=1, francisco=True, meanPort=6, seed=2344, stdPort=5.201965974440161, target40=31, targetCapacity=75, targetHC=21, targetIMO=18, targetPorts=7, targetReefer=30, targetRelease=30, targetWeight=62)
