7 30 14 5 40 1 8
#POD
1 2 3 4 5 6 7
#LOCATIONS
1
#CONTAINERS_TOLOAD
0 0 0 9804.66 2.59 20 2 0 1 0
0 0 0 14153.62 2.59 20 6 0 1 0
0 0 0 4311.95 2.59 20 2 0 1 0
0 0 0 9124.17 2.59 20 6 0 1 0
0 0 0 13748.58 2.59 20 5 0 1 0
0 0 0 4602.06 2.59 20 2 0 1 0
0 0 0 13035.13 2.59 20 5 0 1 0
0 0 0 5935.41 2.59 20 2 0 1 0
0 0 0 10411.16 2.59 20 1 0 1 0
0 0 0 9861.56 2.59 20 3 0 1 0
0 0 0 7590.00 2.59 20 4 0 1 0
0 0 0 11657.85 2.59 20 2 0 1 0
0 0 0 6986.53 2.59 20 2 0 1 0
0 0 0 9289.15 2.59 20 3 0 1 0
0 0 0 8217.28 2.59 20 3 0 1 0
0 0 0 12452.73 2.59 20 5 0 1 0
0 0 0 5650.81 2.59 20 2 1 1 0
0 0 0 10001.99 2.59 20 4 0 1 0
0 0 0 10110.80 2.59 20 5 0 1 0
0 0 0 9466.85 2.59 20 2 0 1 0
0 0 0 7831.95 2.59 40 3 0 1 0
0 0 0 12392.83 2.59 40 2 0 1 0
0 0 0 6957.29 2.59 40 7 0 1 0
0 0 0 8976.43 2.59 40 4 0 1 0
0 0 0 12430.73 2.59 20 6 0 1 0
0 0 0 5338.49 2.59 20 7 0 1 0
0 0 0 12029.43 2.59 40 1 0 1 0
0 0 0 6642.01 2.59 40 3 0 1 0
0 0 0 10602.69 2.90 40 5 0 1 0
0 0 0 6835.86 2.59 40 5 0 1 0
#CONTAINERS_LOADED
3 1 1 7500.00 2.59 20 6 1 1 0
3 1 -1 7500.00 2.59 20 3 0 1 0
3 2 1 7500.00 2.59 20 6 1 1 0
3 2 -1 7500.00 2.59 20 3 0 1 0
3 3 1 7500.00 2.59 20 1 1 1 0
3 3 -1 7500.00 2.59 20 5 0 1 0
3 4 1 7500.00 2.59 20 3 1 1 0
3 4 -1 7500.00 2.59 20 2 0 1 0
3 5 1 7500.00 2.59 20 5 1 1 0
3 5 -1 7500.00 2.59 20 6 0 1 0
3 6 1 7500.00 2.59 20 2 0 1 0
3 6 -1 7500.00 2.59 20 2 0 1 0
3 7 1 7500.00 2.59 20 1 0 1 4
3 7 -1 7500.00 2.59 20 2 0 1 4
#STACKS
60000.00 10.36 1
75000.00 12.95 1
120000.00 20.72 1
75000.00 12.95 1
60000.00 10.36 1
#CELLS
1 0 0 0 0 0 1
1 0 0 0 0 0 1
1 0 0 0 0 0 1
1 0 0 0 0 0 1
1 0 0 1 1 1 1
1 0 0 1 1 1 1
1 0 0 1 1 1 1
1 0 0 1 1 1 1
2 0 0 0 0 0 1
2 0 0 0 0 0 1
2 0 0 0 0 0 1
2 0 1 1 1 1 1
2 0 1 1 1 1 1
2 0 0 1 1 1 1
2 0 0 1 1 1 1
2 0 0 1 1 1 1
3 0 1 1 1 1 1
3 0 1 1 1 1 1
3 0 1 1 1 1 1
3 0 1 1 1 1 1
3 0 1 1 1 1 1
3 0 0 1 1 1 1
3 0 0 1 1 1 1
3 0 0 1 1 1 1
4 0 0 0 0 0 1
4 0 0 0 0 0 1
4 0 0 0 0 0 1
4 0 1 1 1 1 1
4 0 1 1 1 1 1
4 0 0 1 1 1 1
4 0 0 1 1 1 1
4 0 0 1 1 1 1
5 0 0 0 0 0 1
5 0 0 0 0 0 1
5 0 0 0 0 0 1
5 0 0 0 0 0 1
5 0 0 1 1 1 1
5 0 0 1 1 1 1
5 0 0 1 1 1 1
5 0 0 1 1 1 1
#INFO-GEN
Namespace(bayType=1, francisco=True, meanPort=6, seed=2344, stdPort=5.201965974440161, target40=31, targetCapacity=100, targetHC=21, targetIMO=18, targetPorts=7, targetReefer=30, targetRelease=30, targetWeight=97)
