5 16 8 5 40 1 8
#POD
1 2 3 4 5
#LOCATIONS
1
#CONTAINERS_TOLOAD
0 0 0 13937.58 2.59 20 1 0 1 0
0 0 0 18095.74 2.59 20 3 0 1 0
0 0 0 5869.98 2.59 20 2 0 1 0
0 0 0 13842.99 2.59 20 3 0 1 0
0 0 0 14192.46 2.59 20 2 0 1 0
0 0 0 15749.23 2.59 20 2 0 1 0
0 0 0 6802.67 2.59 20 2 1 1 0
0 0 0 21278.91 2.59 20 2 0 1 0
0 0 0 3628.00 2.59 20 2 1 1 0
0 0 0 19939.66 2.59 20 3 0 1 0
0 0 0 5305.89 2.59 40 3 0 1 2
0 0 0 21392.47 2.59 40 3 0 1 0
0 0 0 3917.22 2.59 20 4 0 1 0
0 0 0 21244.48 2.59 20 2 0 1 0
0 0 0 3807.82 2.59 20 1 0 1 0
0 0 0 12290.92 2.59 20 1 0 1 0
#CONTAINERS_LOADED
3 1 1 7500.00 2.59 20 3 1 1 2
3 1 -1 7500.00 2.59 20 1 0 1 2
3 2 1 7500.00 2.59 20 1 1 1 2
3 2 -1 7500.00 2.59 20 5 0 1 2
3 3 1 7500.00 2.59 20 4 1 1 0
3 3 -1 7500.00 2.59 20 2 0 1 0
3 4 1 7500.00 2.59 20 3 1 1 2
3 4 -1 7500.00 2.59 20 3 0 1 2
#STACKS
60000.00 10.36 1
75000.00 12.95 1
120000.00 20.72 1
75000.00 12.95 1
60000.00 10.36 1
#CELLS
1 0 0 0 0 0 1
1 0 0 0 0 0 1
1 0 0 0 0 0 1
1 0 0 0 0 0 1
1 0 0 1 1 1 1
1 0 0 1 1 1 1
1 0 0 1 1 1 1
1 0 0 1 1 1 1
2 0 0 0 0 0 1
2 0 0 0 0 0 1
2 0 0 0 0 0 1
2 0 1 1 1 1 1
2 0 1 1 1 1 1
2 0 0 1 1 1 1
2 0 0 1 1 1 1
2 0 0 1 1 1 1
3 0 1 1 1 1 1
3 0 1 1 1 1 1
3 0 1 1 1 1 1
3 0 1 1 1 1 1
3 0 1 1 1 1 1
3 0 0 1 1 1 1
3 0 0 1 1 1 1
3 0 0 1 1 1 1
4 0 0 0 0 0 1
4 0 0 0 0 0 1
4 0 0 0 0 0 1
4 0 1 1 1 1 1
4 0 1 1 1 1 1
4 0 0 1 1 1 1
4 0 0 1 1 1 1
4 0 0 1 1 1 1
5 0 0 0 0 0 1
5 0 0 0 0 0 1
5 0 0 0 0 0 1
5 0 0 0 0 0 1
5 0 0 1 1 1 1
5 0 0 1 1 1 1
5 0 0 1 1 1 1
5 0 0 1 1 1 1
#INFO-GEN
Namespace(bayType=1, francisco=True, meanPort=3, seed=6927, stdPort=1.2414811390692533, target40=23, targetCapacity=50, targetHC=51, targetIMO=33, targetPorts=6, targetReefer=87, targetRelease=44, targetWeight=61)
