6 20 14 5 40 1 8
#POD
1 2 3 4 5 6
#LOCATIONS
1
#CONTAINERS_TOLOAD
0 0 0 10148.64 2.59 20 2 0 1 2
0 0 0 12866.35 2.59 20 2 0 1 2
0 0 0 4875.78 2.59 20 2 0 1 0
0 0 0 10086.82 2.59 20 2 0 1 0
0 0 0 10315.22 2.59 20 2 0 1 0
0 0 0 11332.71 2.59 20 3 0 1 0
0 0 0 5485.37 2.59 20 3 0 1 0
0 0 0 14946.83 2.59 20 3 0 1 0
0 0 0 3410.45 2.59 20 4 1 1 0
0 0 0 14071.51 2.59 20 2 0 1 0
0 0 0 4507.09 2.59 20 1 1 1 0
0 0 0 15021.04 2.59 20 1 0 1 0
0 0 0 3599.48 2.59 20 3 0 1 3
0 0 0 14924.32 2.59 20 1 0 1 3
0 0 0 3527.98 2.59 40 1 0 1 0
0 0 0 12227.70 2.90 40 5 0 1 0
0 0 0 6827.67 2.90 40 4 0 1 0
0 0 0 13948.44 2.59 40 2 0 1 0
0 0 0 4244.79 2.59 20 3 1 1 0
0 0 0 8871.81 2.59 20 3 0 1 0
#CONTAINERS_LOADED
3 1 1 7500.00 2.59 20 2 1 1 0
3 1 -1 7500.00 2.59 20 5 0 1 0
3 2 1 7500.00 2.59 20 3 1 1 0
3 2 -1 7500.00 2.59 20 3 0 1 0
3 3 1 7500.00 2.59 20 3 1 1 0
3 3 -1 7500.00 2.59 20 1 0 1 0
3 4 1 7500.00 2.59 20 3 1 1 0
3 4 -1 7500.00 2.59 20 1 0 1 0
3 5 1 7500.00 2.59 20 2 1 1 0
3 5 -1 7500.00 2.59 20 3 0 1 0
3 6 1 7500.00 2.59 20 1 0 1 0
3 6 -1 7500.00 2.59 20 3 0 1 0
3 7 1 7500.00 2.59 20 6 0 1 4
3 7 -1 7500.00 2.59 20 3 0 1 4
#STACKS
60000.00 10.36 1
75000.00 12.95 1
120000.00 20.72 1
75000.00 12.95 1
60000.00 10.36 1
#CELLS
1 0 0 0 0 0 1
1 0 0 0 0 0 1
1 0 0 0 0 0 1
1 0 0 0 0 0 1
1 0 0 1 1 1 1
1 0 0 1 1 1 1
1 0 0 1 1 1 1
1 0 0 1 1 1 1
2 0 0 0 0 0 1
2 0 0 0 0 0 1
2 0 0 0 0 0 1
2 0 1 1 1 1 1
2 0 1 1 1 1 1
2 0 0 1 1 1 1
2 0 0 1 1 1 1
2 0 0 1 1 1 1
3 0 1 1 1 1 1
3 0 1 1 1 1 1
3 0 1 1 1 1 1
3 0 1 1 1 1 1
3 0 1 1 1 1 1
3 0 0 1 1 1 1
3 0 0 1 1 1 1
3 0 0 1 1 1 1
4 0 0 0 0 0 1
4 0 0 0 0 0 1
4 0 0 0 0 0 1
4 0 1 1 1 1 1
4 0 1 1 1 1 1
4 0 0 1 1 1 1
4 0 0 1 1 1 1
4 0 0 1 1 1 1
5 0 0 0 0 0 1
5 0 0 0 0 0 1
5 0 0 0 0 0 1
5 0 0 0 0 0 1
5 0 0 1 1 1 1
5 0 0 1 1 1 1
5 0 0 1 1 1 1
5 0 0 1 1 1 1
#INFO-GEN
Namespace(bayType=1, francisco=True, meanPort=3, seed=6927, stdPort=1.2414811390692533, target40=23, targetCapacity=75, targetHC=51, targetIMO=33, targetPorts=6, targetReefer=87, targetRelease=44, targetWeight=65)
