6 25 22 5 40 1 8
#POD
1 2 3 4 5 6
#LOCATIONS
1
#CONTAINERS_TOLOAD
0 0 0 9027.60 2.59 20 2 0 1 4
0 0 0 11319.12 2.59 20 3 0 1 4
0 0 0 4581.62 2.59 20 3 0 1 0
0 0 0 8975.47 2.59 20 2 0 1 0
0 0 0 9168.06 2.59 20 1 0 1 0
0 0 0 10025.98 2.59 20 4 0 1 0
0 0 0 5095.61 2.59 20 2 0 1 4
0 0 0 13073.34 2.59 20 3 0 1 4
0 0 0 3346.08 2.59 20 2 0 1 0
0 0 0 12335.29 2.59 20 2 0 1 0
0 0 0 4270.75 2.59 20 5 0 1 0
0 0 0 13135.92 2.59 20 3 0 1 0
0 0 0 3505.47 2.90 40 5 0 1 0
0 0 0 13054.36 2.59 20 1 0 1 0
0 0 0 3445.18 2.59 20 2 0 1 0
0 0 0 10780.62 2.59 20 2 0 1 0
0 0 0 6227.42 2.59 20 3 0 1 0
0 0 0 12231.52 2.59 20 4 0 1 0
0 0 0 4049.58 2.59 20 1 0 1 0
0 0 0 8589.66 2.59 20 2 1 1 0
0 0 0 8639.68 2.59 20 4 0 1 0
0 0 0 11500.28 2.59 40 5 0 1 0
0 0 0 4877.82 2.90 40 3 0 1 0
0 0 0 8675.29 2.90 40 5 0 1 4
0 0 0 7068.26 2.90 40 3 0 1 1
#CONTAINERS_LOADED
2 4 1 7500.00 2.59 20 3 1 1 0
2 4 -1 7500.00 2.59 20 2 0 1 0
2 5 1 7500.00 2.59 20 1 1 1 0
2 5 -1 7500.00 2.59 20 3 0 1 0
2 6 1 7500.00 2.59 20 1 0 1 0
2 6 -1 7500.00 2.59 20 1 0 1 0
3 1 1 7500.00 2.59 20 2 1 1 0
3 1 -1 7500.00 2.59 20 2 0 1 0
3 2 1 7500.00 2.59 20 1 1 1 4
3 2 -1 7500.00 2.59 20 6 0 1 4
3 3 1 7500.00 2.59 20 1 1 1 0
3 3 -1 7500.00 2.59 20 1 0 1 0
3 4 1 7500.00 2.59 20 3 1 1 1
3 4 -1 7500.00 2.59 20 3 0 1 1
3 5 1 7500.00 2.59 20 4 1 1 1
3 5 -1 7500.00 2.59 20 3 0 1 1
3 6 1 7500.00 2.59 20 1 0 1 1
3 6 -1 7500.00 2.59 20 2 0 1 1
3 7 1 7500.00 2.59 20 1 0 1 0
3 7 -1 7500.00 2.59 20 3 0 1 0
3 8 1 7500.00 2.59 20 3 0 1 0
3 8 -1 7500.00 2.59 20 1 0 1 0
#STACKS
60000.00 10.36 1
75000.00 12.95 1
120000.00 20.72 1
75000.00 12.95 1
60000.00 10.36 1
#CELLS
1 0 0 0 0 0 1
1 0 0 0 0 0 1
1 0 0 0 0 0 1
1 0 0 0 0 0 1
1 0 0 1 1 1 1
1 0 0 1 1 1 1
1 0 0 1 1 1 1
1 0 0 1 1 1 1
2 0 0 0 0 0 1
2 0 0 0 0 0 1
2 0 0 0 0 0 1
2 0 1 1 1 1 1
2 0 1 1 1 1 1
2 0 0 1 1 1 1
2 0 0 1 1 1 1
2 0 0 1 1 1 1
3 0 1 1 1 1 1
3 0 1 1 1 1 1
3 0 1 1 1 1 1
3 0 1 1 1 1 1
3 0 1 1 1 1 1
3 0 0 1 1 1 1
3 0 0 1 1 1 1
3 0 0 1 1 1 1
4 0 0 0 0 0 1
4 0 0 0 0 0 1
4 0 0 0 0 0 1
4 0 1 1 1 1 1
4 0 1 1 1 1 1
4 0 0 1 1 1 1
4 0 0 1 1 1 1
4 0 0 1 1 1 1
5 0 0 0 0 0 1
5 0 0 0 0 0 1
5 0 0 0 0 0 1
5 0 0 0 0 0 1
5 0 0 1 1 1 1
5 0 0 1 1 1 1
5 0 0 1 1 1 1
5 0 0 1 1 1 1
#INFO-GEN
Namespace(bayType=1, francisco=True, meanPort=3, seed=6927, stdPort=1.2414811390692533, target40=23, targetCapacity=100, targetHC=51, targetIMO=33, targetPorts=6, targetReefer=87, targetRelease=44, targetWeight=92)
