25 12 34 7 56 1 8
#POD
1 3 4 5 6 7 8 9 10 11 12 13 14 15 16 17 18 19 20 21 23 25 26 28 29
#LOCATIONS
1
#CONTAINERS_TOLOAD
0 0 0 25088.48 2.59 20 17 0 1 0
0 0 0 26540.83 2.59 20 19 0 1 0
0 0 0 22804.89 2.59 20 10 0 1 0
0 0 0 26036.86 2.59 20 3 0 1 0
0 0 0 23892.30 2.59 20 20 0 1 0
0 0 0 20842.65 2.59 20 28 0 1 0
0 0 0 23948.52 2.59 20 13 0 1 0
0 0 0 27116.85 2.59 20 3 0 1 0
0 0 0 24874.32 2.59 20 20 1 1 0
0 0 0 23425.59 2.59 20 11 0 1 0
0 0 0 20777.45 2.59 20 25 1 1 0
0 0 0 21751.26 2.59 20 1 0 1 0
#CONTAINERS_LOADED
3 1 1 7500.00 2.59 20 14 1 1 0
3 1 -1 7500.00 2.59 20 5 0 1 0
3 2 1 7500.00 2.59 20 17 1 1 2
3 2 -1 7500.00 2.59 20 17 0 1 2
3 3 1 7500.00 2.59 20 3 1 1 0
3 3 -1 7500.00 2.59 20 8 0 1 0
3 4 1 7500.00 2.59 20 7 1 1 0
3 4 -1 7500.00 2.59 20 15 0 1 0
3 5 1 7500.00 2.59 20 4 1 1 0
3 5 -1 7500.00 2.59 20 23 0 1 0
3 6 1 7500.00 2.59 20 6 1 1 2
3 6 -1 7500.00 2.59 20 1 0 1 2
3 7 1 7500.00 2.59 20 12 1 1 0
3 7 -1 7500.00 2.59 20 9 0 1 0
3 8 1 7500.00 2.59 20 13 0 1 2
3 8 -1 7500.00 2.59 20 13 0 1 2
4 1 1 7500.00 2.59 20 17 1 1 0
4 1 -1 7500.00 2.59 20 5 0 1 0
4 2 1 7500.00 2.59 20 20 1 1 0
4 2 -1 7500.00 2.59 20 25 0 1 0
4 3 1 7500.00 2.59 20 4 1 1 0
4 3 -1 7500.00 2.59 20 25 0 1 0
4 4 1 7500.00 2.59 20 12 1 1 0
4 4 -1 7500.00 2.59 20 16 0 1 0
4 5 1 7500.00 2.59 20 29 1 1 0
4 5 -1 7500.00 2.59 20 21 0 1 0
4 6 1 7500.00 2.59 20 29 1 1 0
4 6 -1 7500.00 2.59 20 26 0 1 0
4 7 1 7500.00 2.59 20 18 1 1 0
4 7 -1 7500.00 2.59 20 21 0 1 0
4 8 1 7500.00 2.59 20 14 0 1 0
4 8 -1 7500.00 2.59 20 23 0 1 0
5 1 1 7500.00 2.59 20 13 1 1 0
5 1 -1 7500.00 2.59 20 1 0 1 0
#STACKS
75000.00 12.95 1
90000.00 15.54 1
120000.00 20.72 1
120000.00 20.72 1
120000.00 20.72 1
90000.00 15.54 1
75000.00 12.95 1
#CELLS
1 0 0 0 0 0 1
1 0 0 0 0 0 1
1 0 0 0 0 0 1
1 0 0 1 1 1 1
1 0 0 1 1 1 1
1 0 0 1 1 1 1
1 0 0 1 1 1 1
1 0 0 1 1 1 1
2 0 0 0 0 0 1
2 0 0 0 0 0 1
2 0 0 1 1 1 1
2 0 0 1 1 1 1
2 0 0 1 1 1 1
2 0 0 1 1 1 1
2 0 0 1 1 1 1
2 0 0 1 1 1 1
3 0 1 1 1 1 1
3 0 1 1 1 1 1
3 0 1 1 1 1 1
3 0 1 1 1 1 1
3 0 1 1 1 1 1
3 0 1 1 1 1 1
3 0 1 1 1 1 1
3 0 0 1 1 1 1
4 0 1 1 1 1 1
4 0 1 1 1 1 1
4 0 1 1 1 1 1
4 0 1 1 1 1 1
4 0 1 1 1 1 1
4 0 1 1 1 1 1
4 0 1 1 1 1 1
4 0 0 1 1 1 1
5 0 1 1 1 1 1
5 0 1 1 1 1 1
5 0 1 1 1 1 1
5 0 1 1 1 1 1
5 0 1 1 1 1 1
5 0 1 1 1 1 1
5 0 1 1 1 1 1
5 0 0 1 1 1 1
6 0 0 0 0 0 1
6 0 0 0 0 0 1
6 0 0 1 1 1 1
6 0 0 1 1 1 1
6 0 0 1 1 1 1
6 0 0 1 1 1 1
6 0 0 1 1 1 1
6 0 0 1 1 1 1
7 0 0 0 0 0 1
7 0 0 0 0 0 1
7 0 0 0 0 0 1
7 0 0 1 1 1 1
7 0 0 1 1 1 1
7 0 0 1 1 1 1
7 0 0 1 1 1 1
7 0 0 1 1 1 1
#INFO-GEN
Namespace(bayType=2, francisco=True, meanPort=17, seed=1234, stdPort=19.80377748166358, target40=0, targetCapacity=50, targetHC=55, targetIMO=8, targetPorts=29, targetReefer=44, targetRelease=78, targetWeight=66)
