14 19 37 7 56 1 8
#POD
1 2 3 4 5 6 7 8 9 10 11 13 14 15
#LOCATIONS
1
#CONTAINERS_TOLOAD
0 0 0 19798.13 2.59 20 8 0 1 0
0 0 0 8336.71 2.59 20 8 0 1 0
0 0 0 12069.21 2.59 20 2 0 1 0
0 0 0 21164.58 2.59 20 13 0 1 0
0 0 0 6453.43 2.59 20 10 0 1 0
0 0 0 18540.63 2.59 20 8 0 1 0
0 0 0 6560.98 2.59 20 9 0 1 0
0 0 0 15904.48 2.59 20 14 0 1 0
0 0 0 12153.53 2.59 20 13 0 1 0
0 0 0 13016.97 2.59 20 9 0 1 0
0 0 0 13341.42 2.59 20 13 0 1 0
0 0 0 18115.22 2.59 20 4 0 1 0
0 0 0 8025.01 2.90 40 5 0 1 4
0 0 0 15431.92 2.59 40 8 0 1 0
0 0 0 9493.04 2.90 40 2 1 1 0
0 0 0 18630.71 2.90 40 15 0 1 0
0 0 0 10644.58 2.90 40 1 0 1 0
0 0 0 10898.31 2.90 40 1 0 1 0
0 0 0 12658.14 2.59 40 7 0 1 0
#CONTAINERS_LOADED
3 1 1 7500.00 2.59 20 10 1 1 4
3 1 -1 7500.00 2.59 20 9 0 1 4
3 2 1 7500.00 2.59 20 6 1 1 4
3 2 -1 7500.00 2.59 20 10 0 1 4
3 3 1 7500.00 2.59 20 11 1 1 3
3 3 -1 7500.00 2.59 20 7 0 1 3
3 4 1 7500.00 2.59 20 8 1 1 0
3 4 -1 7500.00 2.59 20 7 0 1 0
3 5 1 7500.00 2.59 20 9 1 1 0
3 5 -1 7500.00 2.59 20 6 0 1 0
3 6 1 7500.00 2.59 20 10 1 1 3
3 6 -1 7500.00 2.59 20 15 0 1 3
3 7 1 7500.00 2.59 20 5 1 1 0
3 7 -1 7500.00 2.59 20 10 0 1 0
3 8 1 7500.00 2.59 20 11 0 1 4
3 8 -1 7500.00 2.59 20 3 0 1 4
4 1 1 7500.00 2.59 20 13 1 1 0
4 1 -1 7500.00 2.59 20 2 0 1 0
4 2 1 7500.00 2.59 20 8 1 1 0
4 2 -1 7500.00 2.59 20 5 0 1 0
4 3 1 7500.00 2.59 20 3 1 1 0
4 3 -1 7500.00 2.59 20 3 0 1 0
4 4 1 7500.00 2.59 20 3 1 1 0
4 4 -1 7500.00 2.59 20 1 0 1 0
4 5 1 7500.00 2.59 20 10 1 1 0
4 5 -1 7500.00 2.59 20 11 0 1 0
4 6 1 7500.00 2.59 20 6 1 1 0
4 6 -1 7500.00 2.59 20 9 0 1 0
4 7 1 7500.00 2.59 20 8 1 1 0
4 7 -1 7500.00 2.59 20 7 0 1 0
4 8 1 7500.00 2.59 20 7 0 1 0
4 8 -1 7500.00 2.59 20 2 0 1 0
5 1 0 15000.00 2.59 40 1 1 1 4
5 2 0 15000.00 2.59 40 2 1 1 0
5 3 0 15000.00 2.59 40 8 1 1 3
5 4 0 15000.00 2.59 40 4 1 1 0
5 5 0 15000.00 2.59 40 8 1 1 3
#STACKS
75000.00 12.95 1
90000.00 15.54 1
120000.00 20.72 1
120000.00 20.72 1
120000.00 20.72 1
90000.00 15.54 1
75000.00 12.95 1
#CELLS
1 0 0 0 0 0 1
1 0 0 0 0 0 1
1 0 0 0 0 0 1
1 0 0 1 1 1 1
1 0 0 1 1 1 1
1 0 0 1 1 1 1
1 0 0 1 1 1 1
1 0 0 1 1 1 1
2 0 0 0 0 0 1
2 0 0 0 0 0 1
2 0 0 1 1 1 1
2 0 0 1 1 1 1
2 0 0 1 1 1 1
2 0 0 1 1 1 1
2 0 0 1 1 1 1
2 0 0 1 1 1 1
3 0 1 1 1 1 1
3 0 1 1 1 1 1
3 0 1 1 1 1 1
3 0 1 1 1 1 1
3 0 1 1 1 1 1
3 0 1 1 1 1 1
3 0 1 1 1 1 1
3 0 0 1 1 1 1
4 0 1 1 1 1 1
4 0 1 1 1 1 1
4 0 1 1 1 1 1
4 0 1 1 1 1 1
4 0 1 1 1 1 1
4 0 1 1 1 1 1
4 0 1 1 1 1 1
4 0 0 1 1 1 1
5 0 1 1 1 1 1
5 0 1 1 1 1 1
5 0 1 1 1 1 1
5 0 1 1 1 1 1
5 0 1 1 1 1 1
5 0 1 1 1 1 1
5 0 1 1 1 1 1
5 0 0 1 1 1 1
6 0 0 0 0 0 1
6 0 0 0 0 0 1
6 0 0 1 1 1 1
6 0 0 1 1 1 1
6 0 0 1 1 1 1
6 0 0 1 1 1 1
6 0 0 1 1 1 1
6 0 0 1 1 1 1
7 0 0 0 0 0 1
7 0 0 0 0 0 1
7 0 0 0 0 0 1
7 0 0 1 1 1 1
7 0 0 1 1 1 1
7 0 0 1 1 1 1
7 0 0 1 1 1 1
7 0 0 1 1 1 1
#INFO-GEN
Namespace(bayType=2, francisco=True, meanPort=3, seed=3456, stdPort=11.889895101186168, target40=38, targetCapacity=75, targetHC=52, targetIMO=63, targetPorts=15, targetReefer=79, targetRelease=64, targetWeight=67)
