7 27 12 7 56 1 8
#POD
1 2 3 4 5 6 7
#LOCATIONS
1
#CONTAINERS_TOLOAD
0 0 0 12366.67 2.59 20 4 0 1 0
0 0 0 18353.06 2.59 20 4 0 1 0
0 0 0 4805.91 2.59 20 5 0 1 0
0 0 0 11429.97 2.59 20 3 0 1 0
0 0 0 17795.51 2.59 20 3 0 1 0
0 0 0 5205.25 2.59 20 3 0 1 0
0 0 0 16813.44 2.59 20 2 0 1 0
0 0 0 7040.61 2.59 20 1 0 1 0
0 0 0 13201.53 2.59 20 1 0 1 0
0 0 0 12444.99 2.59 20 4 0 1 0
0 0 0 9318.17 2.59 20 2 0 1 0
0 0 0 14917.60 2.59 20 5 0 1 0
0 0 0 8487.50 2.59 20 7 1 1 0
0 0 0 11657.06 2.59 20 3 0 1 0
0 0 0 10181.63 2.59 20 7 1 1 0
0 0 0 16011.76 2.59 20 2 0 1 0
0 0 0 6648.87 2.59 20 5 0 1 0
0 0 0 12638.30 2.59 20 7 0 1 0
0 0 0 12788.08 2.59 20 3 0 1 0
0 0 0 11901.67 2.59 20 3 0 1 0
0 0 0 9651.22 2.59 40 6 0 1 0
0 0 0 15929.31 2.59 40 6 0 1 0
0 0 0 8447.24 2.59 40 5 0 1 1
0 0 0 11226.61 2.59 40 6 0 1 0
0 0 0 15981.48 2.59 40 5 0 1 0
0 0 0 6218.95 2.59 40 4 1 1 0
0 0 0 10522.61 2.59 40 4 1 1 0
#CONTAINERS_LOADED
4 1 1 7500.00 2.59 20 5 1 1 0
4 1 -1 7500.00 2.59 20 2 0 1 0
4 2 1 7500.00 2.59 20 6 1 1 0
4 2 -1 7500.00 2.59 20 4 0 1 0
4 3 1 7500.00 2.59 20 5 1 1 0
4 3 -1 7500.00 2.59 20 4 0 1 0
4 4 1 7500.00 2.59 20 4 1 1 0
4 4 -1 7500.00 2.59 20 2 0 1 0
4 5 1 7500.00 2.59 20 4 1 1 0
4 5 -1 7500.00 2.59 20 2 0 1 0
4 6 1 7500.00 2.59 20 3 1 1 0
4 6 -1 7500.00 2.59 20 6 0 1 0
#STACKS
75000.00 12.95 1
90000.00 15.54 1
120000.00 20.72 1
120000.00 20.72 1
120000.00 20.72 1
90000.00 15.54 1
75000.00 12.95 1
#CELLS
1 0 0 0 0 0 1
1 0 0 0 0 0 1
1 0 0 0 0 0 1
1 0 0 1 1 1 1
1 0 0 1 1 1 1
1 0 0 1 1 1 1
1 0 0 1 1 1 1
1 0 0 1 1 1 1
2 0 0 0 0 0 1
2 0 0 0 0 0 1
2 0 0 1 1 1 1
2 0 0 1 1 1 1
2 0 0 1 1 1 1
2 0 0 1 1 1 1
2 0 0 1 1 1 1
2 0 0 1 1 1 1
3 0 1 1 1 1 1
3 0 1 1 1 1 1
3 0 1 1 1 1 1
3 0 1 1 1 1 1
3 0 1 1 1 1 1
3 0 1 1 1 1 1
3 0 1 1 1 1 1
3 0 0 1 1 1 1
4 0 1 1 1 1 1
4 0 1 1 1 1 1
4 0 1 1 1 1 1
4 0 1 1 1 1 1
4 0 1 1 1 1 1
4 0 1 1 1 1 1
4 0 1 1 1 1 1
4 0 0 1 1 1 1
5 0 1 1 1 1 1
5 0 1 1 1 1 1
5 0 1 1 1 1 1
5 0 1 1 1 1 1
5 0 1 1 1 1 1
5 0 1 1 1 1 1
5 0 1 1 1 1 1
5 0 0 1 1 1 1
6 0 0 0 0 0 1
6 0 0 0 0 0 1
6 0 0 1 1 1 1
6 0 0 1 1 1 1
6 0 0 1 1 1 1
6 0 0 1 1 1 1
6 0 0 1 1 1 1
6 0 0 1 1 1 1
7 0 0 0 0 0 1
7 0 0 0 0 0 1
7 0 0 0 0 0 1
7 0 0 1 1 1 1
7 0 0 1 1 1 1
7 0 0 1 1 1 1
7 0 0 1 1 1 1
7 0 0 1 1 1 1
#INFO-GEN
Namespace(bayType=2, francisco=True, meanPort=6, seed=2344, stdPort=5.201965974440161, target40=31, targetCapacity=50, targetHC=21, targetIMO=18, targetPorts=7, targetReefer=30, targetRelease=30, targetWeight=52)
