7 38 20 7 56 1 8
#POD
1 2 3 4 5 6 7
#LOCATIONS
1
#CONTAINERS_TOLOAD
0 0 0 9983.12 2.59 20 5 0 1 0
0 0 0 14446.15 2.59 20 2 0 1 0
0 0 0 4346.36 2.59 20 5 0 1 0
0 0 0 9284.79 2.59 20 2 0 1 0
0 0 0 14030.48 2.59 20 1 0 1 0
0 0 0 4644.08 2.59 20 3 0 1 0
0 0 0 13298.32 2.59 20 4 0 1 0
0 0 0 6012.39 2.59 20 2 0 1 0
0 0 0 10605.53 2.59 20 2 0 1 0
0 0 0 10041.52 2.59 20 3 0 1 0
0 0 0 7710.38 2.59 20 3 0 1 0
0 0 0 11884.92 2.59 20 5 0 1 0
0 0 0 7091.09 2.59 20 2 0 1 1
0 0 0 9454.09 2.59 20 4 0 1 1
0 0 0 8354.11 2.59 20 5 0 1 0
0 0 0 12700.64 2.59 20 2 0 1 0
0 0 0 5720.33 2.59 20 3 0 1 0
0 0 0 10185.63 2.59 20 2 0 1 0
0 0 0 10297.30 2.59 20 7 0 1 0
0 0 0 9636.45 2.59 20 4 0 1 0
0 0 0 7958.68 2.59 20 6 0 1 0
0 0 0 12639.17 2.59 20 7 0 1 0
0 0 0 7061.07 2.59 20 1 1 1 0
0 0 0 9133.18 2.59 20 3 0 1 0
0 0 0 12678.07 2.59 40 5 0 1 0
0 0 0 5399.82 2.59 40 5 0 1 0
0 0 0 12266.25 2.90 40 6 0 1 0
0 0 0 6737.53 2.59 40 3 0 1 0
0 0 0 10802.09 2.59 40 6 0 1 0
0 0 0 9870.06 2.59 40 3 0 1 0
0 0 0 6656.86 2.59 20 1 1 1 0
0 0 0 14167.06 2.59 20 5 0 1 0
0 0 0 4798.61 2.59 20 3 1 1 0
0 0 0 9302.94 2.59 20 2 0 1 0
0 0 0 12729.29 2.59 40 5 0 1 0
0 0 0 7297.11 2.59 40 6 0 1 0
0 0 0 12259.16 2.59 40 2 0 1 0
0 0 0 4879.39 2.59 40 2 0 1 0
#CONTAINERS_LOADED
3 1 1 7500.00 2.59 20 1 1 1 0
3 1 -1 7500.00 2.59 20 2 0 1 0
3 2 1 7500.00 2.59 20 7 1 1 0
3 2 -1 7500.00 2.59 20 4 0 1 0
4 1 1 7500.00 2.59 20 2 1 1 0
4 1 -1 7500.00 2.59 20 4 0 1 0
4 2 1 7500.00 2.59 20 1 1 1 0
4 2 -1 7500.00 2.59 20 4 0 1 0
4 3 1 7500.00 2.59 20 2 1 1 0
4 3 -1 7500.00 2.59 20 7 0 1 0
4 4 1 7500.00 2.59 20 6 1 1 0
4 4 -1 7500.00 2.59 20 4 0 1 0
4 5 1 7500.00 2.59 20 5 1 1 0
4 5 -1 7500.00 2.59 20 7 0 1 0
4 6 1 7500.00 2.59 20 7 1 1 0
4 6 -1 7500.00 2.59 20 6 0 1 0
4 7 1 7500.00 2.59 20 7 1 1 0
4 7 -1 7500.00 2.59 20 5 0 1 0
4 8 1 7500.00 2.59 20 6 0 1 0
4 8 -1 7500.00 2.59 20 3 0 1 0
#STACKS
75000.00 12.95 1
90000.00 15.54 1
120000.00 20.72 1
120000.00 20.72 1
120000.00 20.72 1
90000.00 15.54 1
75000.00 12.95 1
#CELLS
1 0 0 0 0 0 1
1 0 0 0 0 0 1
1 0 0 0 0 0 1
1 0 0 1 1 1 1
1 0 0 1 1 1 1
1 0 0 1 1 1 1
1 0 0 1 1 1 1
1 0 0 1 1 1 1
2 0 0 0 0 0 1
2 0 0 0 0 0 1
2 0 0 1 1 1 1
2 0 0 1 1 1 1
2 0 0 1 1 1 1
2 0 0 1 1 1 1
2 0 0 1 1 1 1
2 0 0 1 1 1 1
3 0 1 1 1 1 1
3 0 1 1 1 1 1
3 0 1 1 1 1 1
3 0 1 1 1 1 1
3 0 1 1 1 1 1
3 0 1 1 1 1 1
3 0 1 1 1 1 1
3 0 0 1 1 1 1
4 0 1 1 1 1 1
4 0 1 1 1 1 1
4 0 1 1 1 1 1
4 0 1 1 1 1 1
4 0 1 1 1 1 1
4 0 1 1 1 1 1
4 0 1 1 1 1 1
4 0 0 1 1 1 1
5 0 1 1 1 1 1
5 0 1 1 1 1 1
5 0 1 1 1 1 1
5 0 1 1 1 1 1
5 0 1 1 1 1 1
5 0 1 1 1 1 1
5 0 1 1 1 1 1
5 0 0 1 1 1 1
6 0 0 0 0 0 1
6 0 0 0 0 0 1
6 0 0 1 1 1 1
6 0 0 1 1 1 1
6 0 0 1 1 1 1
6 0 0 1 1 1 1
6 0 0 1 1 1 1
6 0 0 1 1 1 1
7 0 0 0 0 0 1
7 0 0 0 0 0 1
7 0 0 0 0 0 1
7 0 0 1 1 1 1
7 0 0 1 1 1 1
7 0 0 1 1 1 1
7 0 0 1 1 1 1
7 0 0 1 1 1 1
#INFO-GEN
Namespace(bayType=2, francisco=True, meanPort=6, seed=2344, stdPort=5.201965974440161, target40=31, targetCapacity=75, targetHC=21, targetIMO=18, targetPorts=7, targetReefer=30, targetRelease=30, targetWeight=66)
