7 52 26 7 56 1 8
#POD
1 2 3 4 5 6 7
#LOCATIONS
1
#CONTAINERS_TOLOAD
0 0 0 9095.18 2.59 20 3 0 1 0
0 0 0 12990.70 2.59 20 3 0 1 0
0 0 0 4175.16 2.59 20 5 0 1 0
0 0 0 8485.64 2.59 20 2 0 1 0
0 0 0 12627.89 2.59 20 4 0 1 0
0 0 0 4435.02 2.59 20 5 0 1 0
0 0 0 11988.83 2.59 20 2 0 1 0
0 0 0 5629.35 2.59 20 3 0 1 0
0 0 0 9638.45 2.59 20 2 0 1 0
0 0 0 9146.15 2.59 20 7 0 1 0
0 0 0 7111.43 2.59 20 4 0 1 0
0 0 0 10755.15 2.59 20 6 0 1 0
0 0 0 6570.88 2.59 20 7 0 1 0
0 0 0 8633.42 2.59 20 1 0 1 0
0 0 0 7673.30 2.59 20 3 0 1 0
0 0 0 11467.15 2.59 20 5 0 1 0
0 0 0 5374.43 2.59 20 5 0 1 0
0 0 0 9271.94 2.59 20 6 0 1 0
0 0 0 9369.40 2.59 20 3 0 1 0
0 0 0 8792.59 2.59 20 6 0 1 0
0 0 0 7328.15 2.59 20 3 0 1 0
0 0 0 11413.50 2.59 20 1 0 1 0
0 0 0 6544.68 2.59 20 5 0 1 0
0 0 0 8353.31 2.59 20 3 0 1 0
0 0 0 11447.45 2.59 20 2 0 1 0
0 0 0 5094.67 2.59 20 5 0 1 0
0 0 0 11087.99 2.59 20 6 0 1 0
0 0 0 6262.28 2.59 20 2 0 1 0
0 0 0 9810.00 2.59 40 2 0 1 0
0 0 0 8996.49 2.59 40 1 0 1 0
0 0 0 6191.86 2.90 40 2 0 1 0
0 0 0 12747.10 2.59 20 7 0 1 0
0 0 0 4569.90 2.59 20 4 0 1 0
0 0 0 8501.49 2.59 20 2 0 1 0
0 0 0 11492.15 2.59 20 4 0 1 0
0 0 0 6750.70 2.59 20 1 0 1 0
0 0 0 11081.81 2.59 20 4 0 1 0
0 0 0 4719.07 2.59 20 2 1 1 2
0 0 0 10880.93 2.59 20 7 0 1 2
0 0 0 7720.95 2.59 20 6 1 1 0
0 0 0 9826.11 2.59 20 4 0 1 0
0 0 0 6362.85 2.59 40 5 0 1 0
0 0 0 9278.05 2.59 40 7 0 1 0
0 0 0 10851.62 2.59 40 7 0 1 0
0 0 0 5614.66 2.59 40 6 0 1 0
0 0 0 10205.26 2.90 40 7 0 1 0
0 0 0 8839.80 2.59 40 5 0 1 0
0 0 0 6699.28 2.59 40 6 0 1 4
0 0 0 8983.14 2.59 40 3 0 1 3
0 0 0 10233.95 2.90 40 3 0 1 0
0 0 0 6572.00 2.59 40 4 0 1 0
0 0 0 7790.75 2.59 40 1 0 1 0
#CONTAINERS_LOADED
3 1 1 7500.00 2.59 20 2 1 1 0
3 1 -1 7500.00 2.59 20 5 0 1 0
3 2 1 7500.00 2.59 20 3 1 1 0
3 2 -1 7500.00 2.59 20 2 0 1 0
3 3 1 7500.00 2.59 20 4 1 1 0
3 3 -1 7500.00 2.59 20 5 0 1 0
3 4 1 7500.00 2.59 20 5 1 1 0
3 4 -1 7500.00 2.59 20 3 0 1 0
3 5 1 7500.00 2.59 20 1 1 1 2
3 5 -1 7500.00 2.59 20 6 0 1 2
4 1 1 7500.00 2.59 20 5 1 1 0
4 1 -1 7500.00 2.59 20 6 0 1 0
4 2 1 7500.00 2.59 20 1 1 1 0
4 2 -1 7500.00 2.59 20 4 0 1 0
4 3 1 7500.00 2.59 20 3 1 1 0
4 3 -1 7500.00 2.59 20 6 0 1 0
4 4 1 7500.00 2.59 20 6 1 1 0
4 4 -1 7500.00 2.59 20 6 0 1 0
4 5 1 7500.00 2.59 20 5 1 1 0
4 5 -1 7500.00 2.59 20 6 0 1 0
4 6 1 7500.00 2.59 20 6 1 1 0
4 6 -1 7500.00 2.59 20 6 0 1 0
4 7 1 7500.00 2.59 20 5 1 1 0
4 7 -1 7500.00 2.59 20 6 0 1 0
4 8 1 7500.00 2.59 20 7 0 1 0
4 8 -1 7500.00 2.59 20 5 0 1 0
#STACKS
75000.00 12.95 1
90000.00 15.54 1
120000.00 20.72 1
120000.00 20.72 1
120000.00 20.72 1
90000.00 15.54 1
75000.00 12.95 1
#CELLS
1 0 0 0 0 0 1
1 0 0 0 0 0 1
1 0 0 0 0 0 1
1 0 0 1 1 1 1
1 0 0 1 1 1 1
1 0 0 1 1 1 1
1 0 0 1 1 1 1
1 0 0 1 1 1 1
2 0 0 0 0 0 1
2 0 0 0 0 0 1
2 0 0 1 1 1 1
2 0 0 1 1 1 1
2 0 0 1 1 1 1
2 0 0 1 1 1 1
2 0 0 1 1 1 1
2 0 0 1 1 1 1
3 0 1 1 1 1 1
3 0 1 1 1 1 1
3 0 1 1 1 1 1
3 0 1 1 1 1 1
3 0 1 1 1 1 1
3 0 1 1 1 1 1
3 0 1 1 1 1 1
3 0 0 1 1 1 1
4 0 1 1 1 1 1
4 0 1 1 1 1 1
4 0 1 1 1 1 1
4 0 1 1 1 1 1
4 0 1 1 1 1 1
4 0 1 1 1 1 1
4 0 1 1 1 1 1
4 0 0 1 1 1 1
5 0 1 1 1 1 1
5 0 1 1 1 1 1
5 0 1 1 1 1 1
5 0 1 1 1 1 1
5 0 1 1 1 1 1
5 0 1 1 1 1 1
5 0 1 1 1 1 1
5 0 0 1 1 1 1
6 0 0 0 0 0 1
6 0 0 0 0 0 1
6 0 0 1 1 1 1
6 0 0 1 1 1 1
6 0 0 1 1 1 1
6 0 0 1 1 1 1
6 0 0 1 1 1 1
6 0 0 1 1 1 1
7 0 0 0 0 0 1
7 0 0 0 0 0 1
7 0 0 0 0 0 1
7 0 0 1 1 1 1
7 0 0 1 1 1 1
7 0 0 1 1 1 1
7 0 0 1 1 1 1
7 0 0 1 1 1 1
#INFO-GEN
Namespace(bayType=2, francisco=True, meanPort=6, seed=2344, stdPort=5.201965974440161, target40=31, targetCapacity=100, targetHC=21, targetIMO=18, targetPorts=7, targetReefer=30, targetRelease=30, targetWeight=90)
