6 23 18 7 56 1 8
#POD
1 2 3 4 5 6
#LOCATIONS
1
#CONTAINERS_TOLOAD
0 0 0 16378.30 2.59 20 2 0 1 3
0 0 0 21464.35 2.59 20 4 0 1 3
0 0 0 6510.42 2.59 20 2 0 1 3
0 0 0 16262.60 2.59 20 3 0 1 3
0 0 0 16690.05 2.59 20 3 1 1 0
0 0 0 18594.22 2.59 20 2 0 1 0
0 0 0 7651.23 2.59 20 1 1 1 0
0 0 0 25357.85 2.59 20 4 0 1 0
0 0 0 3768.13 2.59 20 2 1 1 0
0 0 0 23719.74 2.59 20 3 0 1 0
0 0 0 5820.44 2.59 20 2 1 1 0
0 0 0 25496.75 2.59 20 2 0 1 0
0 0 0 4121.89 2.59 20 5 1 1 0
0 0 0 25315.74 2.59 20 3 0 1 0
0 0 0 3988.09 2.90 40 5 0 1 0
0 0 0 20269.14 2.90 40 1 1 1 3
0 0 0 10163.28 2.90 40 2 1 1 3
0 0 0 23489.43 2.90 40 2 1 1 3
0 0 0 5329.55 2.90 40 3 1 1 0
0 0 0 15406.30 2.59 20 4 1 1 0
0 0 0 15517.32 2.59 20 1 0 1 0
0 0 0 21866.44 2.59 20 2 1 1 0
0 0 0 5355.73 2.59 20 4 0 1 0
#CONTAINERS_LOADED
3 1 1 7500.00 2.59 20 5 1 1 4
3 1 -1 7500.00 2.59 20 3 0 1 4
4 1 1 7500.00 2.59 20 5 1 1 0
4 1 -1 7500.00 2.59 20 3 0 1 0
4 2 1 7500.00 2.59 20 3 1 1 0
4 2 -1 7500.00 2.59 20 2 0 1 0
4 3 1 7500.00 2.59 20 1 1 1 0
4 3 -1 7500.00 2.59 20 3 0 1 0
4 4 1 7500.00 2.59 20 1 1 1 0
4 4 -1 7500.00 2.59 20 1 0 1 0
4 5 1 7500.00 2.59 20 2 1 1 0
4 5 -1 7500.00 2.59 20 2 0 1 0
4 6 1 7500.00 2.59 20 1 1 1 0
4 6 -1 7500.00 2.59 20 6 0 1 0
4 7 1 7500.00 2.59 20 1 1 1 0
4 7 -1 7500.00 2.59 20 1 0 1 0
4 8 1 7500.00 2.59 20 3 0 1 0
4 8 -1 7500.00 2.59 20 3 0 1 0
#STACKS
75000.00 12.95 1
90000.00 15.54 1
120000.00 20.72 1
120000.00 20.72 1
120000.00 20.72 1
90000.00 15.54 1
75000.00 12.95 1
#CELLS
1 0 0 0 0 0 1
1 0 0 0 0 0 1
1 0 0 0 0 0 1
1 0 0 1 1 1 1
1 0 0 1 1 1 1
1 0 0 1 1 1 1
1 0 0 1 1 1 1
1 0 0 1 1 1 1
2 0 0 0 0 0 1
2 0 0 0 0 0 1
2 0 0 1 1 1 1
2 0 0 1 1 1 1
2 0 0 1 1 1 1
2 0 0 1 1 1 1
2 0 0 1 1 1 1
2 0 0 1 1 1 1
3 0 1 1 1 1 1
3 0 1 1 1 1 1
3 0 1 1 1 1 1
3 0 1 1 1 1 1
3 0 1 1 1 1 1
3 0 1 1 1 1 1
3 0 1 1 1 1 1
3 0 0 1 1 1 1
4 0 1 1 1 1 1
4 0 1 1 1 1 1
4 0 1 1 1 1 1
4 0 1 1 1 1 1
4 0 1 1 1 1 1
4 0 1 1 1 1 1
4 0 1 1 1 1 1
4 0 0 1 1 1 1
5 0 1 1 1 1 1
5 0 1 1 1 1 1
5 0 1 1 1 1 1
5 0 1 1 1 1 1
5 0 1 1 1 1 1
5 0 1 1 1 1 1
5 0 1 1 1 1 1
5 0 0 1 1 1 1
6 0 0 0 0 0 1
6 0 0 0 0 0 1
6 0 0 1 1 1 1
6 0 0 1 1 1 1
6 0 0 1 1 1 1
6 0 0 1 1 1 1
6 0 0 1 1 1 1
6 0 0 1 1 1 1
7 0 0 0 0 0 1
7 0 0 0 0 0 1
7 0 0 0 0 0 1
7 0 0 1 1 1 1
7 0 0 1 1 1 1
7 0 0 1 1 1 1
7 0 0 1 1 1 1
7 0 0 1 1 1 1
#INFO-GEN
Namespace(bayType=2, francisco=True, meanPort=3, seed=6927, stdPort=1.2414811390692533, target40=23, targetCapacity=50, targetHC=51, targetIMO=33, targetPorts=6, targetReefer=87, targetRelease=44, targetWeight=61)
