6 33 28 7 56 1 8
#POD
1 2 3 4 5 6
#LOCATIONS
1
#CONTAINERS_TOLOAD
0 0 0 8209.08 2.59 20 1 0 1 0
0 0 0 10189.42 2.59 20 4 0 1 0
0 0 0 4366.84 2.59 20 2 0 1 0
0 0 0 8164.03 2.59 20 3 0 1 0
0 0 0 8330.46 2.59 20 2 0 1 0
0 0 0 9071.88 2.59 20 2 0 1 0
0 0 0 4811.04 2.59 20 5 0 1 0
0 0 0 11705.42 2.59 20 3 0 1 0
0 0 0 3299.09 2.59 20 5 0 1 0
0 0 0 11067.60 2.59 20 1 0 1 0
0 0 0 4098.19 2.59 20 2 0 1 0
0 0 0 11759.51 2.59 20 2 0 1 0
0 0 0 3436.83 2.59 20 3 0 1 0
0 0 0 11689.03 2.59 20 4 0 1 0
0 0 0 3384.73 2.59 20 1 0 1 0
0 0 0 9724.05 2.59 20 2 0 1 0
0 0 0 5789.15 2.59 40 4 0 1 0
0 0 0 10977.92 2.90 40 5 0 1 0
0 0 0 3907.05 2.90 40 3 1 1 0
0 0 0 7830.61 2.59 20 5 1 1 0
0 0 0 7873.84 2.59 20 3 0 1 0
0 0 0 10345.98 2.59 20 3 1 1 0
0 0 0 4622.82 2.59 20 2 0 1 0
0 0 0 7904.62 2.59 20 1 1 1 1
0 0 0 9922.84 2.59 20 3 0 1 1
0 0 0 4564.60 2.59 20 1 1 1 0
0 0 0 7496.57 2.59 20 1 0 1 0
0 0 0 11436.60 2.59 20 2 1 1 1
0 0 0 3354.03 2.59 20 2 0 1 1
0 0 0 11487.57 2.90 40 1 0 1 0
0 0 0 3763.93 2.59 40 6 0 1 0
0 0 0 11344.87 2.59 40 1 0 1 0
0 0 0 3648.81 2.59 40 1 0 1 0
#CONTAINERS_LOADED
3 1 1 7500.00 2.59 20 3 1 1 4
3 1 -1 7500.00 2.59 20 3 0 1 4
3 2 1 7500.00 2.59 20 4 1 1 4
3 2 -1 7500.00 2.59 20 3 0 1 4
3 3 1 7500.00 2.59 20 1 1 1 0
3 3 -1 7500.00 2.59 20 2 0 1 0
3 4 1 7500.00 2.59 20 1 1 1 0
3 4 -1 7500.00 2.59 20 3 0 1 0
3 5 1 7500.00 2.59 20 3 1 1 0
3 5 -1 7500.00 2.59 20 1 0 1 0
3 6 1 7500.00 2.59 20 3 1 1 0
3 6 -1 7500.00 2.59 20 1 0 1 0
4 1 1 7500.00 2.59 20 3 1 1 0
4 1 -1 7500.00 2.59 20 1 0 1 0
4 2 1 7500.00 2.59 20 2 1 1 0
4 2 -1 7500.00 2.59 20 2 0 1 0
4 3 1 7500.00 2.59 20 2 1 1 0
4 3 -1 7500.00 2.59 20 2 0 1 0
4 4 1 7500.00 2.59 20 3 1 1 0
4 4 -1 7500.00 2.59 20 3 0 1 0
4 5 1 7500.00 2.59 20 1 1 1 0
4 5 -1 7500.00 2.59 20 4 0 1 0
4 6 1 7500.00 2.59 20 3 1 1 0
4 6 -1 7500.00 2.59 20 2 0 1 0
4 7 1 7500.00 2.59 20 3 1 1 0
4 7 -1 7500.00 2.59 20 1 0 1 0
4 8 1 7500.00 2.59 20 4 0 1 0
4 8 -1 7500.00 2.59 20 2 0 1 0
#STACKS
75000.00 12.95 1
90000.00 15.54 1
120000.00 20.72 1
120000.00 20.72 1
120000.00 20.72 1
90000.00 15.54 1
75000.00 12.95 1
#CELLS
1 0 0 0 0 0 1
1 0 0 0 0 0 1
1 0 0 0 0 0 1
1 0 0 1 1 1 1
1 0 0 1 1 1 1
1 0 0 1 1 1 1
1 0 0 1 1 1 1
1 0 0 1 1 1 1
2 0 0 0 0 0 1
2 0 0 0 0 0 1
2 0 0 1 1 1 1
2 0 0 1 1 1 1
2 0 0 1 1 1 1
2 0 0 1 1 1 1
2 0 0 1 1 1 1
2 0 0 1 1 1 1
3 0 1 1 1 1 1
3 0 1 1 1 1 1
3 0 1 1 1 1 1
3 0 1 1 1 1 1
3 0 1 1 1 1 1
3 0 1 1 1 1 1
3 0 1 1 1 1 1
3 0 0 1 1 1 1
4 0 1 1 1 1 1
4 0 1 1 1 1 1
4 0 1 1 1 1 1
4 0 1 1 1 1 1
4 0 1 1 1 1 1
4 0 1 1 1 1 1
4 0 1 1 1 1 1
4 0 0 1 1 1 1
5 0 1 1 1 1 1
5 0 1 1 1 1 1
5 0 1 1 1 1 1
5 0 1 1 1 1 1
5 0 1 1 1 1 1
5 0 1 1 1 1 1
5 0 1 1 1 1 1
5 0 0 1 1 1 1
6 0 0 0 0 0 1
6 0 0 0 0 0 1
6 0 0 1 1 1 1
6 0 0 1 1 1 1
6 0 0 1 1 1 1
6 0 0 1 1 1 1
6 0 0 1 1 1 1
6 0 0 1 1 1 1
7 0 0 0 0 0 1
7 0 0 0 0 0 1
7 0 0 0 0 0 1
7 0 0 1 1 1 1
7 0 0 1 1 1 1
7 0 0 1 1 1 1
7 0 0 1 1 1 1
7 0 0 1 1 1 1
#INFO-GEN
Namespace(bayType=2, francisco=True, meanPort=3, seed=6927, stdPort=1.2414811390692533, target40=23, targetCapacity=75, targetHC=51, targetIMO=33, targetPorts=6, targetReefer=87, targetRelease=44, targetWeight=52)
