6 44 38 7 56 1 8
#POD
1 2 3 4 5 6
#LOCATIONS
1
#CONTAINERS_TOLOAD
0 0 0 9662.32 2.59 20 4 0 1 0
0 0 0 12195.15 2.59 20 2 0 1 0
0 0 0 4748.17 2.59 20 3 0 1 2
0 0 0 9604.70 2.59 20 3 0 1 2
0 0 0 9817.57 2.59 20 2 0 1 2
0 0 0 10765.84 2.59 20 5 0 1 2
0 0 0 5316.29 2.59 20 3 0 1 0
0 0 0 14134.09 2.59 20 3 0 1 0
0 0 0 3382.53 2.59 20 3 0 1 0
0 0 0 13318.32 2.59 20 1 0 1 0
0 0 0 4404.57 2.59 20 3 0 1 0
0 0 0 14203.26 2.59 20 1 0 1 0
0 0 0 3558.70 2.59 20 2 0 1 0
0 0 0 14113.12 2.59 20 3 0 1 0
0 0 0 3492.06 2.59 20 1 0 1 0
0 0 0 11599.94 2.59 20 3 0 1 0
0 0 0 6567.28 2.59 20 6 0 1 0
0 0 0 13203.63 2.59 20 3 0 1 0
0 0 0 4160.11 2.59 20 2 0 1 0
0 0 0 9178.27 2.59 20 1 0 1 0
0 0 0 9233.56 2.59 20 3 0 1 0
0 0 0 12395.39 2.59 20 1 0 1 0
0 0 0 5075.56 2.59 20 3 0 1 4
0 0 0 9272.92 2.59 20 4 0 1 4
0 0 0 11854.19 2.59 20 2 0 1 0
0 0 0 5001.10 2.59 20 4 0 1 0
0 0 0 8751.04 2.59 20 3 1 1 3
0 0 0 13790.27 2.59 20 2 0 1 3
0 0 0 3452.80 2.59 20 3 1 1 0
0 0 0 13855.46 2.59 20 1 0 1 0
0 0 0 3977.05 2.59 20 2 1 1 0
0 0 0 13672.94 2.59 20 2 0 1 0
0 0 0 4419.25 2.90 40 2 0 1 0
0 0 0 9822.16 2.90 40 4 0 1 0
0 0 0 10850.97 2.59 40 2 0 1 0
0 0 0 5800.01 2.90 40 2 0 1 0
0 0 0 9732.74 2.90 40 4 0 1 0
0 0 0 7938.46 2.59 20 4 0 1 0
0 0 0 10984.03 2.59 20 2 0 1 0
0 0 0 8208.85 2.90 40 2 0 1 0
0 0 0 8306.20 2.59 40 2 0 1 4
0 0 0 10109.82 2.90 40 3 0 1 1
0 0 0 6050.19 2.90 40 2 0 1 1
0 0 0 8803.13 2.90 40 1 0 1 0
#CONTAINERS_LOADED
3 1 1 7500.00 2.59 20 2 1 1 0
3 1 -1 7500.00 2.59 20 5 0 1 0
3 2 1 7500.00 2.59 20 1 1 1 0
3 2 -1 7500.00 2.59 20 1 0 1 0
3 3 1 7500.00 2.59 20 3 1 1 0
3 3 -1 7500.00 2.59 20 3 0 1 0
3 4 1 7500.00 2.59 20 2 1 1 0
3 4 -1 7500.00 2.59 20 3 0 1 0
3 5 1 7500.00 2.59 20 1 1 1 0
3 5 -1 7500.00 2.59 20 5 0 1 0
3 6 1 7500.00 2.59 20 3 1 1 0
3 6 -1 7500.00 2.59 20 1 0 1 0
3 7 1 7500.00 2.59 20 4 1 1 0
3 7 -1 7500.00 2.59 20 3 0 1 0
3 8 1 7500.00 2.59 20 3 0 1 2
3 8 -1 7500.00 2.59 20 2 0 1 2
4 1 1 7500.00 2.59 20 3 1 1 0
4 1 -1 7500.00 2.59 20 2 0 1 0
4 2 1 7500.00 2.59 20 2 1 1 0
4 2 -1 7500.00 2.59 20 3 0 1 0
4 3 1 7500.00 2.59 20 3 1 1 0
4 3 -1 7500.00 2.59 20 2 0 1 0
4 4 1 7500.00 2.59 20 5 1 1 0
4 4 -1 7500.00 2.59 20 3 0 1 0
4 5 1 7500.00 2.59 20 4 1 1 0
4 5 -1 7500.00 2.59 20 3 0 1 0
4 6 1 7500.00 2.59 20 1 1 1 0
4 6 -1 7500.00 2.59 20 1 0 1 0
4 7 1 7500.00 2.59 20 1 1 1 0
4 7 -1 7500.00 2.59 20 3 0 1 0
4 8 1 7500.00 2.59 20 2 0 1 0
4 8 -1 7500.00 2.59 20 2 0 1 0
5 1 1 7500.00 2.59 20 4 1 1 0
5 1 -1 7500.00 2.59 20 3 0 1 0
5 2 1 7500.00 2.59 20 3 1 1 0
5 2 -1 7500.00 2.59 20 3 0 1 0
5 3 1 7500.00 2.59 20 3 1 1 0
5 3 -1 7500.00 2.59 20 1 0 1 0
#STACKS
75000.00 12.95 1
90000.00 15.54 1
120000.00 20.72 1
120000.00 20.72 1
120000.00 20.72 1
90000.00 15.54 1
75000.00 12.95 1
#CELLS
1 0 0 0 0 0 1
1 0 0 0 0 0 1
1 0 0 0 0 0 1
1 0 0 1 1 1 1
1 0 0 1 1 1 1
1 0 0 1 1 1 1
1 0 0 1 1 1 1
1 0 0 1 1 1 1
2 0 0 0 0 0 1
2 0 0 0 0 0 1
2 0 0 1 1 1 1
2 0 0 1 1 1 1
2 0 0 1 1 1 1
2 0 0 1 1 1 1
2 0 0 1 1 1 1
2 0 0 1 1 1 1
3 0 1 1 1 1 1
3 0 1 1 1 1 1
3 0 1 1 1 1 1
3 0 1 1 1 1 1
3 0 1 1 1 1 1
3 0 1 1 1 1 1
3 0 1 1 1 1 1
3 0 0 1 1 1 1
4 0 1 1 1 1 1
4 0 1 1 1 1 1
4 0 1 1 1 1 1
4 0 1 1 1 1 1
4 0 1 1 1 1 1
4 0 1 1 1 1 1
4 0 1 1 1 1 1
4 0 0 1 1 1 1
5 0 1 1 1 1 1
5 0 1 1 1 1 1
5 0 1 1 1 1 1
5 0 1 1 1 1 1
5 0 1 1 1 1 1
5 0 1 1 1 1 1
5 0 1 1 1 1 1
5 0 0 1 1 1 1
6 0 0 0 0 0 1
6 0 0 0 0 0 1
6 0 0 1 1 1 1
6 0 0 1 1 1 1
6 0 0 1 1 1 1
6 0 0 1 1 1 1
6 0 0 1 1 1 1
6 0 0 1 1 1 1
7 0 0 0 0 0 1
7 0 0 0 0 0 1
7 0 0 0 0 0 1
7 0 0 1 1 1 1
7 0 0 1 1 1 1
7 0 0 1 1 1 1
7 0 0 1 1 1 1
7 0 0 1 1 1 1
#INFO-GEN
Namespace(bayType=2, francisco=True, meanPort=3, seed=6927, stdPort=1.2414811390692533, target40=23, targetCapacity=100, targetHC=51, targetIMO=33, targetPorts=6, targetReefer=87, targetRelease=44, targetWeight=96)
