24 12 34 7 56 1 8
#POD
1 2 3 4 6 7 8 9 11 12 13 14 15 16 17 18 19 20 21 22 23 24 25 27
#LOCATIONS
1
#CONTAINERS_TOLOAD
0 0 0 28837.30 2.59 20 9 0 1 0
0 0 0 17478.99 2.59 20 2 0 1 0
0 0 0 23086.06 2.59 20 17 0 1 0
0 0 0 15548.22 2.59 20 22 0 1 0
0 0 0 15804.17 2.59 20 23 0 1 0
0 0 0 20490.37 2.59 20 18 0 1 0
0 0 0 26860.54 2.59 20 23 0 1 0
0 0 0 18281.50 2.59 20 21 0 1 0
0 0 0 22164.55 2.59 20 6 0 1 0
0 0 0 13156.64 2.59 20 17 0 1 0
0 0 0 24865.53 2.59 20 22 1 1 0
0 0 0 12670.13 2.59 20 20 0 1 0
#CONTAINERS_LOADED
3 1 1 7500.00 2.59 20 27 1 1 0
3 1 -1 7500.00 2.59 20 16 0 1 0
3 2 1 7500.00 2.59 20 11 1 1 0
3 2 -1 7500.00 2.59 20 19 0 1 0
3 3 1 7500.00 2.59 20 27 1 1 0
3 3 -1 7500.00 2.59 20 8 0 1 0
3 4 1 7500.00 2.59 20 12 1 1 0
3 4 -1 7500.00 2.59 20 24 0 1 0
3 5 1 7500.00 2.59 20 25 1 1 0
3 5 -1 7500.00 2.59 20 9 0 1 0
3 6 1 7500.00 2.59 20 8 1 1 0
3 6 -1 7500.00 2.59 20 18 0 1 0
3 7 1 7500.00 2.59 20 21 1 1 0
3 7 -1 7500.00 2.59 20 24 0 1 0
3 8 1 7500.00 2.59 20 3 0 1 0
3 8 -1 7500.00 2.59 20 21 0 1 0
4 1 1 7500.00 2.59 20 6 1 1 0
4 1 -1 7500.00 2.59 20 22 0 1 0
4 2 1 7500.00 2.59 20 4 1 1 0
4 2 -1 7500.00 2.59 20 27 0 1 0
4 3 1 7500.00 2.59 20 4 1 1 0
4 3 -1 7500.00 2.59 20 16 0 1 0
4 4 1 7500.00 2.59 20 1 1 1 0
4 4 -1 7500.00 2.59 20 7 0 1 0
4 5 1 7500.00 2.59 20 6 1 1 0
4 5 -1 7500.00 2.59 20 9 0 1 0
4 6 1 7500.00 2.59 20 13 1 1 0
4 6 -1 7500.00 2.59 20 6 0 1 0
4 7 1 7500.00 2.59 20 20 1 1 0
4 7 -1 7500.00 2.59 20 17 0 1 0
4 8 1 7500.00 2.59 20 14 0 1 0
4 8 -1 7500.00 2.59 20 17 0 1 0
5 1 1 7500.00 2.59 20 19 1 1 0
5 1 -1 7500.00 2.59 20 15 0 1 0
#STACKS
75000.00 12.95 1
90000.00 15.54 1
120000.00 20.72 1
120000.00 20.72 1
120000.00 20.72 1
90000.00 15.54 1
75000.00 12.95 1
#CELLS
1 0 0 0 0 0 1
1 0 0 0 0 0 1
1 0 0 0 0 0 1
1 0 0 1 1 1 1
1 0 0 1 1 1 1
1 0 0 1 1 1 1
1 0 0 1 1 1 1
1 0 0 1 1 1 1
2 0 0 0 0 0 1
2 0 0 0 0 0 1
2 0 0 1 1 1 1
2 0 0 1 1 1 1
2 0 0 1 1 1 1
2 0 0 1 1 1 1
2 0 0 1 1 1 1
2 0 0 1 1 1 1
3 0 1 1 1 1 1
3 0 1 1 1 1 1
3 0 1 1 1 1 1
3 0 1 1 1 1 1
3 0 1 1 1 1 1
3 0 1 1 1 1 1
3 0 1 1 1 1 1
3 0 0 1 1 1 1
4 0 1 1 1 1 1
4 0 1 1 1 1 1
4 0 1 1 1 1 1
4 0 1 1 1 1 1
4 0 1 1 1 1 1
4 0 1 1 1 1 1
4 0 1 1 1 1 1
4 0 0 1 1 1 1
5 0 1 1 1 1 1
5 0 1 1 1 1 1
5 0 1 1 1 1 1
5 0 1 1 1 1 1
5 0 1 1 1 1 1
5 0 1 1 1 1 1
5 0 1 1 1 1 1
5 0 0 1 1 1 1
6 0 0 0 0 0 1
6 0 0 0 0 0 1
6 0 0 1 1 1 1
6 0 0 1 1 1 1
6 0 0 1 1 1 1
6 0 0 1 1 1 1
6 0 0 1 1 1 1
6 0 0 1 1 1 1
7 0 0 0 0 0 1
7 0 0 0 0 0 1
7 0 0 0 0 0 1
7 0 0 1 1 1 1
7 0 0 1 1 1 1
7 0 0 1 1 1 1
7 0 0 1 1 1 1
7 0 0 1 1 1 1
#INFO-GEN
Namespace(bayType=2, francisco=True, meanPort=15, seed=4527, stdPort=23.56233744134304, target40=3, targetCapacity=50, targetHC=52, targetIMO=5, targetPorts=28, targetReefer=21, targetRelease=77, targetWeight=55)
