7 32 16 7 56 1 8
#POD
1 2 3 4 5 6 7
#LOCATIONS
1
#CONTAINERS_TOLOAD
0 0 0 9466.34 2.59 20 2 0 1 0
0 0 0 13599.08 2.59 20 6 0 1 0
0 0 0 4246.72 2.59 20 2 0 1 0
0 0 0 8819.68 2.59 20 6 0 1 0
0 0 0 13214.18 2.59 20 5 0 1 0
0 0 0 4522.41 2.59 20 2 0 1 0
0 0 0 12536.20 2.59 20 5 0 1 0
0 0 0 5789.46 2.59 20 2 0 1 0
0 0 0 10042.69 2.59 20 1 0 1 0
0 0 0 9520.41 2.59 20 3 0 1 0
0 0 0 7361.79 2.59 20 4 0 1 0
0 0 0 11227.39 2.59 20 2 0 1 0
0 0 0 6788.33 2.59 20 2 0 1 0
0 0 0 8976.46 2.59 20 3 0 1 0
0 0 0 7957.88 2.59 20 3 0 1 0
0 0 0 11982.75 2.59 20 5 0 1 0
0 0 0 5519.02 2.59 20 2 0 1 0
0 0 0 9653.86 2.59 20 4 0 1 0
0 0 0 9757.26 2.59 20 5 0 1 0
0 0 0 9145.32 2.59 20 2 0 1 0
0 0 0 7591.71 2.59 20 3 1 1 0
0 0 0 11925.83 2.59 20 2 0 1 0
0 0 0 6760.54 2.59 20 7 1 1 0
0 0 0 8679.29 2.59 20 4 0 1 0
0 0 0 11961.85 2.59 40 6 0 1 0
0 0 0 5222.23 2.90 40 7 0 1 0
0 0 0 11580.51 2.59 40 1 0 1 0
0 0 0 6460.93 2.90 40 3 0 1 0
0 0 0 10224.70 2.59 40 5 0 1 0
0 0 0 9361.64 2.59 40 5 0 1 0
0 0 0 6386.23 2.59 40 6 1 1 0
0 0 0 8709.28 2.59 40 3 1 1 0
#CONTAINERS_LOADED
4 1 1 7500.00 2.59 20 6 1 1 0
4 1 -1 7500.00 2.59 20 3 0 1 0
4 2 1 7500.00 2.59 20 1 1 1 0
4 2 -1 7500.00 2.59 20 5 0 1 0
4 3 1 7500.00 2.59 20 3 1 1 0
4 3 -1 7500.00 2.59 20 2 0 1 0
4 4 1 7500.00 2.59 20 5 1 1 0
4 4 -1 7500.00 2.59 20 6 0 1 0
4 5 1 7500.00 2.59 20 2 1 1 0
4 5 -1 7500.00 2.59 20 2 0 1 0
4 6 1 7500.00 2.59 20 1 1 1 0
4 6 -1 7500.00 2.59 20 2 0 1 0
4 7 1 7500.00 2.59 20 7 1 1 0
4 7 -1 7500.00 2.59 20 4 0 1 0
4 8 1 7500.00 2.59 20 2 0 1 0
4 8 -1 7500.00 2.59 20 4 0 1 0
#STACKS
75000.00 12.95 1
90000.00 15.54 1
120000.00 20.72 1
120000.00 20.72 1
120000.00 20.72 1
90000.00 15.54 1
75000.00 12.95 1
#CELLS
1 0 0 0 0 0 1
1 0 0 0 0 0 1
1 0 0 0 0 0 1
1 0 0 1 1 1 1
1 0 0 1 1 1 1
1 0 0 1 1 1 1
1 0 0 1 1 1 1
1 0 0 1 1 1 1
2 0 0 0 0 0 1
2 0 0 0 0 0 1
2 0 0 1 1 1 1
2 0 0 1 1 1 1
2 0 0 1 1 1 1
2 0 0 1 1 1 1
2 0 0 1 1 1 1
2 0 0 1 1 1 1
3 0 1 1 1 1 1
3 0 1 1 1 1 1
3 0 1 1 1 1 1
3 0 1 1 1 1 1
3 0 1 1 1 1 1
3 0 1 1 1 1 1
3 0 1 1 1 1 1
3 0 0 1 1 1 1
4 0 1 1 1 1 1
4 0 1 1 1 1 1
4 0 1 1 1 1 1
4 0 1 1 1 1 1
4 0 1 1 1 1 1
4 0 1 1 1 1 1
4 0 1 1 1 1 1
4 0 0 1 1 1 1
5 0 1 1 1 1 1
5 0 1 1 1 1 1
5 0 1 1 1 1 1
5 0 1 1 1 1 1
5 0 1 1 1 1 1
5 0 1 1 1 1 1
5 0 1 1 1 1 1
5 0 0 1 1 1 1
6 0 0 0 0 0 1
6 0 0 0 0 0 1
6 0 0 1 1 1 1
6 0 0 1 1 1 1
6 0 0 1 1 1 1
6 0 0 1 1 1 1
6 0 0 1 1 1 1
6 0 0 1 1 1 1
7 0 0 0 0 0 1
7 0 0 0 0 0 1
7 0 0 0 0 0 1
7 0 0 1 1 1 1
7 0 0 1 1 1 1
7 0 0 1 1 1 1
7 0 0 1 1 1 1
7 0 0 1 1 1 1
#INFO-GEN
Namespace(bayType=2, francisco=True, meanPort=6, seed=2344, stdPort=5.201965974440161, target40=31, targetCapacity=61, targetHC=21, targetIMO=18, targetPorts=7, targetReefer=30, targetRelease=30, targetWeight=50)
