26 16 50 9 72 1 8
#POD
1 3 4 5 6 7 8 9 10 11 12 13 14 15 16 17 18 19 20 21 22 23 25 26 28 29
#LOCATIONS
1
#CONTAINERS_TOLOAD
0 0 0 27498.56 2.59 20 19 0 1 0
0 0 0 28238.24 2.59 20 10 0 1 0
0 0 0 26335.53 2.59 20 3 0 1 0
0 0 0 27981.57 2.59 20 20 0 1 0
0 0 0 26889.35 2.59 20 28 0 1 0
0 0 0 25336.16 2.59 20 13 0 1 0
0 0 0 26917.98 2.59 20 3 0 1 0
0 0 0 28531.61 2.59 20 20 0 1 0
0 0 0 27389.49 2.59 20 11 0 1 0
0 0 0 26651.65 2.59 20 25 0 1 0
0 0 0 25302.95 2.59 20 1 1 1 0
0 0 0 27348.99 2.59 20 14 1 1 0
0 0 0 27470.56 2.59 20 5 1 1 0
0 0 0 26996.47 2.59 20 17 1 1 0
0 0 0 25846.46 2.59 20 17 1 1 0
0 0 0 25760.44 2.59 20 3 1 1 0
#CONTAINERS_LOADED
3 1 1 7500.00 2.59 20 8 1 1 0
3 1 -1 7500.00 2.59 20 7 1 1 0
4 1 1 7500.00 2.59 20 15 1 1 0
4 1 -1 7500.00 2.59 20 4 1 1 0
4 2 1 7500.00 2.59 20 23 1 1 0
4 2 -1 7500.00 2.59 20 6 1 1 0
4 3 1 7500.00 2.59 20 1 1 1 0
4 3 -1 7500.00 2.59 20 12 1 1 0
4 4 1 7500.00 2.59 20 9 1 1 0
4 4 -1 7500.00 2.59 20 13 1 1 0
4 5 1 7500.00 2.59 20 13 1 1 0
4 5 -1 7500.00 2.59 20 17 1 1 0
4 6 1 7500.00 2.59 20 5 1 1 0
4 6 -1 7500.00 2.59 20 20 1 1 0
4 7 1 7500.00 2.59 20 25 1 1 0
4 7 -1 7500.00 2.59 20 4 1 1 0
4 8 1 7500.00 2.59 20 25 0 1 0
4 8 -1 7500.00 2.59 20 12 0 1 0
5 1 1 7500.00 2.59 20 16 1 1 1
5 1 -1 7500.00 2.59 20 29 1 1 1
5 2 1 7500.00 2.59 20 21 1 1 4
5 2 -1 7500.00 2.59 20 29 1 1 4
5 3 1 7500.00 2.59 20 26 1 1 1
5 3 -1 7500.00 2.59 20 18 1 1 1
5 4 1 7500.00 2.59 20 21 1 1 0
5 4 -1 7500.00 2.59 20 14 1 1 0
5 5 1 7500.00 2.59 20 23 1 1 0
5 5 -1 7500.00 2.59 20 13 1 1 0
5 6 1 7500.00 2.59 20 1 1 1 0
5 6 -1 7500.00 2.59 20 20 1 1 0
5 7 1 7500.00 2.59 20 22 1 1 0
5 7 -1 7500.00 2.59 20 8 1 1 0
5 8 1 7500.00 2.59 20 5 0 1 0
5 8 -1 7500.00 2.59 20 21 0 1 0
6 1 1 7500.00 2.59 20 13 1 1 0
6 1 -1 7500.00 2.59 20 9 1 1 0
6 2 1 7500.00 2.59 20 22 1 1 0
6 2 -1 7500.00 2.59 20 6 1 1 0
6 3 1 7500.00 2.59 20 6 1 1 0
6 3 -1 7500.00 2.59 20 13 1 1 0
6 4 1 7500.00 2.59 20 17 1 1 0
6 4 -1 7500.00 2.59 20 19 1 1 0
6 5 1 7500.00 2.59 20 20 1 1 0
6 5 -1 7500.00 2.59 20 21 1 1 0
6 6 1 7500.00 2.59 20 10 1 1 0
6 6 -1 7500.00 2.59 20 21 1 1 0
6 7 1 7500.00 2.59 20 29 1 1 0
6 7 -1 7500.00 2.59 20 23 1 1 0
6 8 1 7500.00 2.59 20 21 0 1 0
6 8 -1 7500.00 2.59 20 18 0 1 0
#STACKS
90000.00 15.54 1
105000.00 18.13 1
120000.00 20.72 1
120000.00 20.72 1
120000.00 20.72 1
120000.00 20.72 1
120000.00 20.72 1
105000.00 18.13 1
90000.00 15.54 1
#CELLS
1 0 0 0 0 0 1
1 0 0 0 0 0 1
1 0 0 1 1 1 1
1 0 0 1 1 1 1
1 0 0 1 1 1 1
1 0 0 1 1 1 1
1 0 0 1 1 1 1
1 0 0 1 1 1 1
2 0 0 0 0 0 1
2 0 1 1 1 1 1
2 0 1 1 1 1 1
2 0 1 1 1 1 1
2 0 1 1 1 1 1
2 0 1 1 1 1 1
2 0 1 1 1 1 1
2 0 0 1 1 1 1
3 1 1 1 1 1 1
3 1 1 1 1 1 1
3 1 1 1 1 1 1
3 1 1 1 1 1 1
3 1 1 1 1 1 1
3 1 1 1 1 1 1
3 1 1 1 1 1 1
3 0 0 1 1 1 1
4 1 1 1 1 1 1
4 1 1 1 1 1 1
4 1 1 1 1 1 1
4 1 1 1 1 1 1
4 1 1 1 1 1 1
4 1 1 1 1 1 1
4 1 1 1 1 1 1
4 0 0 1 1 1 1
5 1 1 1 1 1 1
5 1 1 1 1 1 1
5 1 1 1 1 1 1
5 1 1 1 1 1 1
5 1 1 1 1 1 1
5 1 1 1 1 1 1
5 1 1 1 1 1 1
5 0 0 1 1 1 1
6 1 1 1 1 1 1
6 1 1 1 1 1 1
6 1 1 1 1 1 1
6 1 1 1 1 1 1
6 1 1 1 1 1 1
6 1 1 1 1 1 1
6 1 1 1 1 1 1
6 0 0 1 1 1 1
7 1 1 1 1 1 1
7 1 1 1 1 1 1
7 1 1 1 1 1 1
7 1 1 1 1 1 1
7 1 1 1 1 1 1
7 1 1 1 1 1 1
7 1 1 1 1 1 1
7 0 0 1 1 1 1
8 0 0 0 0 0 1
8 0 1 1 1 1 1
8 0 1 1 1 1 1
8 0 1 1 1 1 1
8 0 1 1 1 1 1
8 0 1 1 1 1 1
8 0 1 1 1 1 1
8 0 0 1 1 1 1
9 0 0 0 0 0 1
9 0 0 0 0 0 1
9 0 0 1 1 1 1
9 0 0 1 1 1 1
9 0 0 1 1 1 1
9 0 0 1 1 1 1
9 0 0 1 1 1 1
9 0 0 1 1 1 1
#INFO-GEN
Namespace(bayType=3, francisco=True, meanPort=17, seed=1234, stdPort=19.80377748166358, target40=0, targetCapacity=50, targetHC=55, targetIMO=8, targetPorts=29, targetReefer=44, targetRelease=78, targetWeight=70)
