14 21 33 9 72 1 8
#POD
1 2 3 4 5 6 7 8 9 10 11 13 14 15
#LOCATIONS
1
#CONTAINERS_TOLOAD
0 0 0 26446.69 2.59 20 8 0 1 4
0 0 0 18247.54 2.59 20 8 0 1 4
0 0 0 16056.08 2.59 20 2 0 1 3
0 0 0 28130.60 2.59 20 13 0 1 3
0 0 0 19470.69 2.59 20 10 1 1 4
0 0 0 19242.21 2.59 20 8 1 1 4
0 0 0 13800.14 2.59 20 9 1 1 3
0 0 0 22016.35 2.59 20 14 1 1 3
0 0 0 19706.83 2.59 20 13 1 1 0
0 0 0 19438.11 2.59 20 9 1 1 0
0 0 0 20129.45 2.59 20 13 1 1 3
0 0 0 25917.76 2.59 20 4 1 1 3
0 0 0 16050.28 2.59 20 5 1 1 3
0 0 0 20302.80 2.59 20 8 1 1 3
0 0 0 15767.73 2.59 20 2 1 1 0
0 0 0 25306.53 2.59 20 15 1 1 0
0 0 0 20735.48 2.59 40 1 0 1 0
0 0 0 14757.74 2.59 40 1 0 1 0
0 0 0 28485.51 2.90 40 7 0 1 0
0 0 0 17023.22 2.90 40 10 1 1 0
0 0 0 13850.26 2.59 40 9 1 1 0
#CONTAINERS_LOADED
4 1 1 7500.00 2.59 20 6 1 1 0
4 1 -1 7500.00 2.59 20 10 1 1 0
4 2 1 7500.00 2.59 20 11 1 1 0
4 2 -1 7500.00 2.59 20 7 1 1 0
4 3 1 7500.00 2.59 20 8 1 1 0
4 3 -1 7500.00 2.59 20 7 1 1 0
4 4 1 7500.00 2.59 20 9 1 1 0
4 4 -1 7500.00 2.59 20 6 1 1 0
4 5 1 7500.00 2.59 20 10 1 1 0
4 5 -1 7500.00 2.59 20 15 1 1 0
4 6 1 7500.00 2.59 20 5 1 1 0
4 6 -1 7500.00 2.59 20 10 1 1 0
4 7 1 7500.00 2.59 20 11 1 1 0
4 7 -1 7500.00 2.59 20 3 1 1 0
4 8 1 7500.00 2.59 20 13 0 1 0
4 8 -1 7500.00 2.59 20 2 0 1 0
5 1 1 7500.00 2.59 20 8 1 1 0
5 1 -1 7500.00 2.59 20 5 1 1 0
5 2 1 7500.00 2.59 20 3 1 1 0
5 2 -1 7500.00 2.59 20 3 1 1 0
5 3 1 7500.00 2.59 20 3 1 1 0
5 3 -1 7500.00 2.59 20 1 1 1 0
5 4 1 7500.00 2.59 20 10 1 1 4
5 4 -1 7500.00 2.59 20 11 1 1 4
5 5 1 7500.00 2.59 20 6 1 1 4
5 5 -1 7500.00 2.59 20 9 1 1 4
5 6 0 15000.00 2.59 40 8 1 1 4
5 7 0 15000.00 2.59 40 7 1 1 0
5 8 0 15000.00 2.59 40 7 0 1 4
6 1 0 15000.00 2.59 40 2 1 1 0
6 2 0 15000.00 2.59 40 1 1 1 0
6 3 0 15000.00 2.59 40 2 1 1 0
6 4 0 15000.00 2.59 40 8 1 1 0
#STACKS
90000.00 15.54 1
105000.00 18.13 1
120000.00 20.72 1
120000.00 20.72 1
120000.00 20.72 1
120000.00 20.72 1
120000.00 20.72 1
105000.00 18.13 1
90000.00 15.54 1
#CELLS
1 0 0 0 0 0 1
1 0 0 0 0 0 1
1 0 0 1 1 1 1
1 0 0 1 1 1 1
1 0 0 1 1 1 1
1 0 0 1 1 1 1
1 0 0 1 1 1 1
1 0 0 1 1 1 1
2 0 0 0 0 0 1
2 0 1 1 1 1 1
2 0 1 1 1 1 1
2 0 1 1 1 1 1
2 0 1 1 1 1 1
2 0 1 1 1 1 1
2 0 1 1 1 1 1
2 0 0 1 1 1 1
3 1 1 1 1 1 1
3 1 1 1 1 1 1
3 1 1 1 1 1 1
3 1 1 1 1 1 1
3 1 1 1 1 1 1
3 1 1 1 1 1 1
3 1 1 1 1 1 1
3 0 0 1 1 1 1
4 1 1 1 1 1 1
4 1 1 1 1 1 1
4 1 1 1 1 1 1
4 1 1 1 1 1 1
4 1 1 1 1 1 1
4 1 1 1 1 1 1
4 1 1 1 1 1 1
4 0 0 1 1 1 1
5 1 1 1 1 1 1
5 1 1 1 1 1 1
5 1 1 1 1 1 1
5 1 1 1 1 1 1
5 1 1 1 1 1 1
5 1 1 1 1 1 1
5 1 1 1 1 1 1
5 0 0 1 1 1 1
6 1 1 1 1 1 1
6 1 1 1 1 1 1
6 1 1 1 1 1 1
6 1 1 1 1 1 1
6 1 1 1 1 1 1
6 1 1 1 1 1 1
6 1 1 1 1 1 1
6 0 0 1 1 1 1
7 1 1 1 1 1 1
7 1 1 1 1 1 1
7 1 1 1 1 1 1
7 1 1 1 1 1 1
7 1 1 1 1 1 1
7 1 1 1 1 1 1
7 1 1 1 1 1 1
7 0 0 1 1 1 1
8 0 0 0 0 0 1
8 0 1 1 1 1 1
8 0 1 1 1 1 1
8 0 1 1 1 1 1
8 0 1 1 1 1 1
8 0 1 1 1 1 1
8 0 1 1 1 1 1
8 0 0 1 1 1 1
9 0 0 0 0 0 1
9 0 0 0 0 0 1
9 0 0 1 1 1 1
9 0 0 1 1 1 1
9 0 0 1 1 1 1
9 0 0 1 1 1 1
9 0 0 1 1 1 1
9 0 0 1 1 1 1
#INFO-GEN
Namespace(bayType=3, francisco=True, meanPort=3, seed=3456, stdPort=11.889895101186168, target40=38, targetCapacity=50, targetHC=52, targetIMO=63, targetPorts=15, targetReefer=79, targetRelease=64, targetWeight=61)
