15 28 52 9 72 1 8
#POD
1 2 3 4 5 6 7 8 9 10 11 12 13 14 15
#LOCATIONS
1
#CONTAINERS_TOLOAD
0 0 0 14865.33 2.59 20 2 0 1 0
0 0 0 6769.58 2.59 20 2 0 1 0
0 0 0 9406.02 2.59 20 8 0 1 0
0 0 0 15830.52 2.59 20 13 0 1 0
0 0 0 5439.32 2.59 20 12 1 1 0
0 0 0 13977.10 2.59 20 10 0 1 0
0 0 0 5515.30 2.59 20 1 1 1 0
0 0 0 12115.06 2.59 20 7 0 1 0
0 0 0 9465.58 2.59 20 9 1 1 0
0 0 0 10075.47 2.59 20 7 0 1 0
0 0 0 10304.65 2.59 20 2 1 1 0
0 0 0 13676.61 2.59 20 4 0 1 0
0 0 0 6549.41 2.59 20 15 1 1 0
0 0 0 11781.26 2.59 20 10 0 1 0
0 0 0 7586.35 2.59 20 6 0 1 0
0 0 0 14040.73 2.59 20 13 0 1 0
0 0 0 8399.74 2.59 20 14 0 1 4
0 0 0 8578.96 2.59 20 15 0 1 4
0 0 0 16131.95 2.59 40 1 0 1 0
0 0 0 4631.38 2.59 40 14 0 1 2
0 0 0 15209.58 2.59 40 9 0 1 2
0 0 0 4872.81 2.59 40 10 1 1 2
0 0 0 13020.58 2.59 40 13 1 1 0
0 0 0 10232.74 2.59 40 1 1 1 2
0 0 0 10856.60 2.90 40 1 1 1 2
0 0 0 9656.85 2.59 40 11 1 1 2
0 0 0 10672.67 2.90 40 3 1 1 0
0 0 0 6525.86 2.59 40 9 1 1 0
#CONTAINERS_LOADED
3 1 1 7500.00 2.59 20 4 1 1 0
3 1 -1 7500.00 2.59 20 1 1 1 0
3 2 1 7500.00 2.59 20 6 1 1 0
3 2 -1 7500.00 2.59 20 14 1 1 0
3 3 1 7500.00 2.59 20 13 1 1 4
3 3 -1 7500.00 2.59 20 8 1 1 4
3 4 1 7500.00 2.59 20 4 1 1 1
3 4 -1 7500.00 2.59 20 1 1 1 1
3 5 1 7500.00 2.59 20 1 1 1 4
3 5 -1 7500.00 2.59 20 8 1 1 4
3 6 1 7500.00 2.59 20 8 1 1 4
3 6 -1 7500.00 2.59 20 11 1 1 4
4 1 1 7500.00 2.59 20 4 1 1 0
4 1 -1 7500.00 2.59 20 1 1 1 0
4 2 1 7500.00 2.59 20 7 1 1 0
4 2 -1 7500.00 2.59 20 1 1 1 0
4 3 1 7500.00 2.59 20 8 1 1 0
4 3 -1 7500.00 2.59 20 3 1 1 0
4 4 1 7500.00 2.59 20 4 1 1 0
4 4 -1 7500.00 2.59 20 6 1 1 0
4 5 1 7500.00 2.59 20 12 1 1 0
4 5 -1 7500.00 2.59 20 11 1 1 0
4 6 1 7500.00 2.59 20 4 1 1 0
4 6 -1 7500.00 2.59 20 11 1 1 0
4 7 1 7500.00 2.59 20 14 1 1 0
4 7 -1 7500.00 2.59 20 6 1 1 0
4 8 1 7500.00 2.59 20 7 0 1 0
4 8 -1 7500.00 2.59 20 1 0 1 0
5 1 1 7500.00 2.59 20 15 1 1 0
5 1 -1 7500.00 2.59 20 2 1 1 0
5 2 1 7500.00 2.59 20 7 1 1 0
5 2 -1 7500.00 2.59 20 10 1 1 0
5 3 1 7500.00 2.59 20 1 1 1 1
5 3 -1 7500.00 2.59 20 1 1 1 1
5 4 1 7500.00 2.59 20 3 1 1 0
5 4 -1 7500.00 2.59 20 3 1 1 0
5 5 1 7500.00 2.59 20 6 1 1 4
5 5 -1 7500.00 2.59 20 14 1 1 4
5 6 1 7500.00 2.59 20 1 1 1 1
5 6 -1 7500.00 2.59 20 4 1 1 1
5 7 1 7500.00 2.59 20 11 1 1 4
5 7 -1 7500.00 2.59 20 10 1 1 4
5 8 1 7500.00 2.59 20 5 0 1 1
5 8 -1 7500.00 2.59 20 1 0 1 1
6 1 0 15000.00 2.59 40 12 1 1 0
6 2 0 15000.00 2.59 40 3 1 1 0
6 3 0 15000.00 2.59 40 2 1 1 0
6 4 0 15000.00 2.59 40 3 1 1 0
6 5 0 15000.00 2.59 40 9 1 1 0
6 6 0 15000.00 2.59 40 1 1 1 0
6 7 0 15000.00 2.59 40 1 1 1 0
6 8 0 15000.00 2.59 40 4 0 1 0
#STACKS
90000.00 15.54 1
105000.00 18.13 1
120000.00 20.72 1
120000.00 20.72 1
120000.00 20.72 1
120000.00 20.72 1
120000.00 20.72 1
105000.00 18.13 1
90000.00 15.54 1
#CELLS
1 0 0 0 0 0 1
1 0 0 0 0 0 1
1 0 0 1 1 1 1
1 0 0 1 1 1 1
1 0 0 1 1 1 1
1 0 0 1 1 1 1
1 0 0 1 1 1 1
1 0 0 1 1 1 1
2 0 0 0 0 0 1
2 0 1 1 1 1 1
2 0 1 1 1 1 1
2 0 1 1 1 1 1
2 0 1 1 1 1 1
2 0 1 1 1 1 1
2 0 1 1 1 1 1
2 0 0 1 1 1 1
3 1 1 1 1 1 1
3 1 1 1 1 1 1
3 1 1 1 1 1 1
3 1 1 1 1 1 1
3 1 1 1 1 1 1
3 1 1 1 1 1 1
3 1 1 1 1 1 1
3 0 0 1 1 1 1
4 1 1 1 1 1 1
4 1 1 1 1 1 1
4 1 1 1 1 1 1
4 1 1 1 1 1 1
4 1 1 1 1 1 1
4 1 1 1 1 1 1
4 1 1 1 1 1 1
4 0 0 1 1 1 1
5 1 1 1 1 1 1
5 1 1 1 1 1 1
5 1 1 1 1 1 1
5 1 1 1 1 1 1
5 1 1 1 1 1 1
5 1 1 1 1 1 1
5 1 1 1 1 1 1
5 0 0 1 1 1 1
6 1 1 1 1 1 1
6 1 1 1 1 1 1
6 1 1 1 1 1 1
6 1 1 1 1 1 1
6 1 1 1 1 1 1
6 1 1 1 1 1 1
6 1 1 1 1 1 1
6 0 0 1 1 1 1
7 1 1 1 1 1 1
7 1 1 1 1 1 1
7 1 1 1 1 1 1
7 1 1 1 1 1 1
7 1 1 1 1 1 1
7 1 1 1 1 1 1
7 1 1 1 1 1 1
7 0 0 1 1 1 1
8 0 0 0 0 0 1
8 0 1 1 1 1 1
8 0 1 1 1 1 1
8 0 1 1 1 1 1
8 0 1 1 1 1 1
8 0 1 1 1 1 1
8 0 1 1 1 1 1
8 0 0 1 1 1 1
9 0 0 0 0 0 1
9 0 0 0 0 0 1
9 0 0 1 1 1 1
9 0 0 1 1 1 1
9 0 0 1 1 1 1
9 0 0 1 1 1 1
9 0 0 1 1 1 1
9 0 0 1 1 1 1
#INFO-GEN
Namespace(bayType=3, francisco=True, meanPort=3, seed=3456, stdPort=11.889895101186168, target40=38, targetCapacity=75, targetHC=52, targetIMO=63, targetPorts=15, targetReefer=79, targetRelease=64, targetWeight=53)
