15 35 72 9 72 1 8
#POD
1 2 3 4 5 6 7 8 9 10 11 12 13 14 15
#LOCATIONS
1
#CONTAINERS_TOLOAD
0 0 0 13112.07 2.59 20 8 0 1 2
0 0 0 6212.57 2.59 20 2 0 1 2
0 0 0 8459.44 2.59 20 13 0 1 0
0 0 0 13934.64 2.59 20 10 0 1 0
0 0 0 5078.88 2.59 20 8 0 1 0
0 0 0 12355.09 2.59 20 9 0 1 0
0 0 0 5143.63 2.59 20 14 0 1 0
0 0 0 10768.18 2.59 20 13 0 1 0
0 0 0 8510.20 2.59 20 9 0 1 0
0 0 0 9029.98 2.59 20 13 0 1 0
0 0 0 9225.29 2.59 20 4 0 1 2
0 0 0 12099.00 2.59 20 5 0 1 2
0 0 0 6024.93 2.59 20 8 0 1 0
0 0 0 10483.71 2.59 20 2 0 1 0
0 0 0 6908.65 2.59 20 15 0 1 0
0 0 0 12409.31 2.59 20 1 0 1 0
0 0 0 7601.86 2.59 20 1 1 1 0
0 0 0 7754.60 2.59 20 7 0 1 0
0 0 0 14191.52 2.59 20 10 1 1 0
0 0 0 4390.32 2.59 20 9 0 1 0
0 0 0 13405.45 2.59 20 6 1 1 0
0 0 0 4596.07 2.59 20 10 0 1 0
0 0 0 11539.90 2.59 40 11 0 1 0
0 0 0 9164.01 2.59 40 7 0 1 0
0 0 0 9695.68 2.90 40 8 0 1 0
0 0 0 8673.21 2.59 40 7 1 1 0
0 0 0 9538.93 2.59 40 9 1 1 0
0 0 0 6406.06 2.90 40 6 1 1 0
0 0 0 14354.64 2.59 40 10 1 1 0
0 0 0 3924.23 2.90 40 15 0 1 3
0 0 0 8855.14 2.90 40 5 0 1 4
0 0 0 11344.69 2.90 40 10 0 1 3
0 0 0 7746.11 2.59 40 11 0 1 0
0 0 0 8391.14 2.59 40 3 0 1 4
0 0 0 9060.86 2.59 40 13 0 1 0
#CONTAINERS_LOADED
2 2 1 7500.00 2.59 20 2 1 1 0
2 2 -1 7500.00 2.59 20 8 0 1 0
2 3 1 7500.00 2.59 20 5 1 1 0
2 3 -1 7500.00 2.59 20 3 0 1 0
3 1 1 7500.00 2.59 20 3 1 1 0
3 1 -1 7500.00 2.59 20 3 1 1 0
3 2 1 7500.00 2.59 20 1 1 1 0
3 2 -1 7500.00 2.59 20 10 1 1 0
3 3 1 7500.00 2.59 20 11 1 1 3
3 3 -1 7500.00 2.59 20 6 1 1 3
3 4 1 7500.00 2.59 20 9 1 1 4
3 4 -1 7500.00 2.59 20 8 1 1 4
3 5 1 7500.00 2.59 20 7 1 1 3
3 5 -1 7500.00 2.59 20 7 1 1 3
3 6 1 7500.00 2.59 20 2 1 1 0
3 6 -1 7500.00 2.59 20 1 1 1 0
3 7 1 7500.00 2.59 20 2 1 1 4
3 7 -1 7500.00 2.59 20 8 1 1 4
3 8 1 7500.00 2.59 20 4 0 1 3
3 8 -1 7500.00 2.59 20 8 0 1 3
4 1 1 7500.00 2.59 20 2 1 1 0
4 1 -1 7500.00 2.59 20 14 1 1 0
4 2 1 7500.00 2.59 20 1 1 1 0
4 2 -1 7500.00 2.59 20 5 1 1 0
4 3 1 7500.00 2.59 20 14 1 1 0
4 3 -1 7500.00 2.59 20 7 1 1 0
4 4 1 7500.00 2.59 20 8 1 1 0
4 4 -1 7500.00 2.59 20 8 1 1 0
4 5 1 7500.00 2.59 20 6 1 1 0
4 5 -1 7500.00 2.59 20 4 1 1 0
4 6 1 7500.00 2.59 20 5 1 1 0
4 6 -1 7500.00 2.59 20 1 1 1 0
4 7 1 7500.00 2.59 20 14 1 1 0
4 7 -1 7500.00 2.59 20 2 1 1 0
4 8 1 7500.00 2.59 20 10 0 1 0
4 8 -1 7500.00 2.59 20 5 0 1 0
5 1 1 7500.00 2.59 20 7 1 1 3
5 1 -1 7500.00 2.59 20 9 1 1 3
5 2 1 7500.00 2.59 20 14 1 1 0
5 2 -1 7500.00 2.59 20 1 1 1 0
5 3 1 7500.00 2.59 20 3 1 1 0
5 3 -1 7500.00 2.59 20 3 1 1 0
5 4 1 7500.00 2.59 20 1 1 1 0
5 4 -1 7500.00 2.59 20 13 1 1 0
5 5 1 7500.00 2.59 20 7 1 1 0
5 5 -1 7500.00 2.59 20 7 1 1 0
5 6 1 7500.00 2.59 20 6 1 1 0
5 6 -1 7500.00 2.59 20 5 1 1 0
5 7 1 7500.00 2.59 20 11 1 1 3
5 7 -1 7500.00 2.59 20 6 1 1 3
5 8 1 7500.00 2.59 20 7 0 1 0
5 8 -1 7500.00 2.59 20 10 0 1 0
6 1 1 7500.00 2.59 20 2 1 1 0
6 1 -1 7500.00 2.59 20 15 1 1 0
6 2 1 7500.00 2.59 20 11 1 1 0
6 2 -1 7500.00 2.59 20 13 1 1 0
6 3 1 7500.00 2.59 20 13 1 1 0
6 3 -1 7500.00 2.59 20 5 1 1 0
6 4 1 7500.00 2.59 20 12 1 1 0
6 4 -1 7500.00 2.59 20 5 1 1 0
6 5 0 15000.00 2.59 40 12 1 1 0
6 6 0 15000.00 2.59 40 1 1 1 0
6 7 0 15000.00 2.59 40 9 1 1 0
6 8 0 15000.00 2.59 40 6 0 1 0
7 1 0 15000.00 2.59 40 10 1 1 0
7 2 0 15000.00 2.59 40 10 1 1 0
7 3 0 15000.00 2.59 40 4 1 1 0
7 4 0 15000.00 2.59 40 6 1 1 4
7 5 0 15000.00 2.59 40 14 1 1 3
7 6 0 15000.00 2.59 40 4 1 1 4
7 7 0 15000.00 2.59 40 5 1 1 4
7 8 0 15000.00 2.59 40 1 0 1 4
#STACKS
90000.00 15.54 1
105000.00 18.13 1
120000.00 20.72 1
120000.00 20.72 1
120000.00 20.72 1
120000.00 20.72 1
120000.00 20.72 1
105000.00 18.13 1
90000.00 15.54 1
#CELLS
1 0 0 0 0 0 1
1 0 0 0 0 0 1
1 0 0 1 1 1 1
1 0 0 1 1 1 1
1 0 0 1 1 1 1
1 0 0 1 1 1 1
1 0 0 1 1 1 1
1 0 0 1 1 1 1
2 0 0 0 0 0 1
2 0 1 1 1 1 1
2 0 1 1 1 1 1
2 0 1 1 1 1 1
2 0 1 1 1 1 1
2 0 1 1 1 1 1
2 0 1 1 1 1 1
2 0 0 1 1 1 1
3 1 1 1 1 1 1
3 1 1 1 1 1 1
3 1 1 1 1 1 1
3 1 1 1 1 1 1
3 1 1 1 1 1 1
3 1 1 1 1 1 1
3 1 1 1 1 1 1
3 0 0 1 1 1 1
4 1 1 1 1 1 1
4 1 1 1 1 1 1
4 1 1 1 1 1 1
4 1 1 1 1 1 1
4 1 1 1 1 1 1
4 1 1 1 1 1 1
4 1 1 1 1 1 1
4 0 0 1 1 1 1
5 1 1 1 1 1 1
5 1 1 1 1 1 1
5 1 1 1 1 1 1
5 1 1 1 1 1 1
5 1 1 1 1 1 1
5 1 1 1 1 1 1
5 1 1 1 1 1 1
5 0 0 1 1 1 1
6 1 1 1 1 1 1
6 1 1 1 1 1 1
6 1 1 1 1 1 1
6 1 1 1 1 1 1
6 1 1 1 1 1 1
6 1 1 1 1 1 1
6 1 1 1 1 1 1
6 0 0 1 1 1 1
7 1 1 1 1 1 1
7 1 1 1 1 1 1
7 1 1 1 1 1 1
7 1 1 1 1 1 1
7 1 1 1 1 1 1
7 1 1 1 1 1 1
7 1 1 1 1 1 1
7 0 0 1 1 1 1
8 0 0 0 0 0 1
8 0 1 1 1 1 1
8 0 1 1 1 1 1
8 0 1 1 1 1 1
8 0 1 1 1 1 1
8 0 1 1 1 1 1
8 0 1 1 1 1 1
8 0 0 1 1 1 1
9 0 0 0 0 0 1
9 0 0 0 0 0 1
9 0 0 1 1 1 1
9 0 0 1 1 1 1
9 0 0 1 1 1 1
9 0 0 1 1 1 1
9 0 0 1 1 1 1
9 0 0 1 1 1 1
#INFO-GEN
Namespace(bayType=3, francisco=True, meanPort=3, seed=3456, stdPort=11.889895101186168, target40=38, targetCapacity=100, targetHC=52, targetIMO=63, targetPorts=15, targetReefer=79, targetRelease=64, targetWeight=89)
