7 55 28 9 72 1 8
#POD
1 2 3 4 5 6 7
#LOCATIONS
1
#CONTAINERS_TOLOAD
0 0 0 10428.74 2.59 20 4 0 1 0
0 0 0 15176.56 2.59 20 2 0 1 0
0 0 0 4432.27 2.59 20 5 0 1 0
0 0 0 9685.84 2.59 20 7 0 1 0
0 0 0 14734.37 2.59 20 3 0 1 0
0 0 0 4748.99 2.59 20 7 0 1 0
0 0 0 13955.48 2.59 20 2 0 1 0
0 0 0 6204.62 2.59 20 5 0 1 0
0 0 0 11090.87 2.59 20 7 0 1 0
0 0 0 10490.86 2.59 20 3 0 1 0
0 0 0 8010.96 2.59 20 3 1 1 0
0 0 0 12451.89 2.59 20 6 0 1 0
0 0 0 7352.15 2.59 20 6 1 1 0
0 0 0 9865.95 2.59 20 5 0 1 0
0 0 0 8695.77 2.59 20 6 0 1 0
0 0 0 13319.67 2.59 20 5 0 1 0
0 0 0 5893.93 2.59 20 4 0 1 0
0 0 0 10644.17 2.59 20 4 0 1 0
0 0 0 10762.96 2.59 20 5 0 1 4
0 0 0 10059.94 2.59 20 2 0 1 4
0 0 0 8275.11 2.59 20 6 0 1 0
0 0 0 13254.28 2.59 20 4 0 1 0
0 0 0 7320.22 2.59 20 5 0 1 0
0 0 0 9524.55 2.59 20 4 0 1 0
0 0 0 13295.66 2.59 20 4 0 1 0
0 0 0 5552.96 2.59 20 2 0 1 0
0 0 0 12857.56 2.59 20 4 1 1 0
0 0 0 6976.03 2.59 20 2 1 1 0
0 0 0 11299.96 2.59 20 3 1 1 0
0 0 0 10308.45 2.59 20 6 1 1 0
0 0 0 6890.21 2.59 20 7 0 1 0
0 0 0 14879.67 2.59 20 7 0 1 0
0 0 0 4913.38 2.59 20 5 0 1 0
0 0 0 9705.15 2.59 20 6 0 1 0
0 0 0 13350.15 2.59 40 1 0 1 0
0 0 0 7571.32 2.90 40 3 0 1 0
0 0 0 12850.02 2.59 40 6 0 1 0
0 0 0 5095.19 2.59 40 7 0 1 0
0 0 0 12605.19 2.59 40 6 0 1 0
0 0 0 8753.84 2.59 20 5 0 1 0
0 0 0 11319.58 2.59 20 4 0 1 0
0 0 0 7098.60 2.59 20 7 1 1 0
0 0 0 10651.63 2.59 20 7 1 1 0
0 0 0 12569.47 2.59 20 2 1 1 0
0 0 0 6186.72 2.59 20 3 1 1 0
0 0 0 11781.69 2.59 40 3 0 1 0
0 0 0 10117.49 2.59 40 1 0 1 0
0 0 0 7508.64 2.90 40 4 0 1 4
0 0 0 10292.19 2.90 40 3 0 1 0
0 0 0 11816.66 2.90 40 2 0 1 0
0 0 0 7353.51 2.59 40 5 0 1 0
0 0 0 10207.65 2.59 40 3 1 1 0
0 0 0 9184.09 2.59 40 4 1 1 1
0 0 0 9356.23 2.90 40 3 0 1 0
0 0 0 9445.94 2.90 40 4 1 1 0
#CONTAINERS_LOADED
4 1 1 7500.00 2.59 20 6 1 1 0
4 1 -1 7500.00 2.59 20 1 1 1 0
4 2 1 7500.00 2.59 20 7 1 1 0
4 2 -1 7500.00 2.59 20 6 1 1 0
4 3 1 7500.00 2.59 20 6 1 1 0
4 3 -1 7500.00 2.59 20 7 1 1 0
4 4 1 7500.00 2.59 20 5 1 1 0
4 4 -1 7500.00 2.59 20 4 1 1 0
4 5 1 7500.00 2.59 20 6 1 1 0
4 5 -1 7500.00 2.59 20 5 1 1 0
4 6 1 7500.00 2.59 20 2 1 1 0
4 6 -1 7500.00 2.59 20 4 1 1 0
5 1 1 7500.00 2.59 20 3 1 1 0
5 1 -1 7500.00 2.59 20 4 1 1 0
5 2 1 7500.00 2.59 20 5 1 1 0
5 2 -1 7500.00 2.59 20 3 1 1 0
5 3 1 7500.00 2.59 20 3 1 1 0
5 3 -1 7500.00 2.59 20 3 1 1 0
5 4 1 7500.00 2.59 20 7 1 1 0
5 4 -1 7500.00 2.59 20 7 1 1 0
5 5 1 7500.00 2.59 20 7 1 1 0
5 5 -1 7500.00 2.59 20 4 1 1 0
5 6 1 7500.00 2.59 20 4 1 1 0
5 6 -1 7500.00 2.59 20 1 1 1 0
5 7 1 7500.00 2.59 20 7 1 1 0
5 7 -1 7500.00 2.59 20 5 1 1 0
5 8 1 7500.00 2.59 20 5 0 1 4
5 8 -1 7500.00 2.59 20 5 0 1 4
#STACKS
90000.00 15.54 1
105000.00 18.13 1
120000.00 20.72 1
120000.00 20.72 1
120000.00 20.72 1
120000.00 20.72 1
120000.00 20.72 1
105000.00 18.13 1
90000.00 15.54 1
#CELLS
1 0 0 0 0 0 1
1 0 0 0 0 0 1
1 0 0 1 1 1 1
1 0 0 1 1 1 1
1 0 0 1 1 1 1
1 0 0 1 1 1 1
1 0 0 1 1 1 1
1 0 0 1 1 1 1
2 0 0 0 0 0 1
2 0 1 1 1 1 1
2 0 1 1 1 1 1
2 0 1 1 1 1 1
2 0 1 1 1 1 1
2 0 1 1 1 1 1
2 0 1 1 1 1 1
2 0 0 1 1 1 1
3 1 1 1 1 1 1
3 1 1 1 1 1 1
3 1 1 1 1 1 1
3 1 1 1 1 1 1
3 1 1 1 1 1 1
3 1 1 1 1 1 1
3 1 1 1 1 1 1
3 0 0 1 1 1 1
4 1 1 1 1 1 1
4 1 1 1 1 1 1
4 1 1 1 1 1 1
4 1 1 1 1 1 1
4 1 1 1 1 1 1
4 1 1 1 1 1 1
4 1 1 1 1 1 1
4 0 0 1 1 1 1
5 1 1 1 1 1 1
5 1 1 1 1 1 1
5 1 1 1 1 1 1
5 1 1 1 1 1 1
5 1 1 1 1 1 1
5 1 1 1 1 1 1
5 1 1 1 1 1 1
5 0 0 1 1 1 1
6 1 1 1 1 1 1
6 1 1 1 1 1 1
6 1 1 1 1 1 1
6 1 1 1 1 1 1
6 1 1 1 1 1 1
6 1 1 1 1 1 1
6 1 1 1 1 1 1
6 0 0 1 1 1 1
7 1 1 1 1 1 1
7 1 1 1 1 1 1
7 1 1 1 1 1 1
7 1 1 1 1 1 1
7 1 1 1 1 1 1
7 1 1 1 1 1 1
7 1 1 1 1 1 1
7 0 0 1 1 1 1
8 0 0 0 0 0 1
8 0 1 1 1 1 1
8 0 1 1 1 1 1
8 0 1 1 1 1 1
8 0 1 1 1 1 1
8 0 1 1 1 1 1
8 0 1 1 1 1 1
8 0 0 1 1 1 1
9 0 0 0 0 0 1
9 0 0 0 0 0 1
9 0 0 1 1 1 1
9 0 0 1 1 1 1
9 0 0 1 1 1 1
9 0 0 1 1 1 1
9 0 0 1 1 1 1
9 0 0 1 1 1 1
#INFO-GEN
Namespace(bayType=3, francisco=True, meanPort=6, seed=2344, stdPort=5.201965974440161, target40=31, targetCapacity=75, targetHC=21, targetIMO=18, targetPorts=7, targetReefer=30, targetRelease=30, targetWeight=69)
