7 39 16 7 56 1 8
#POD
1 2 3 4 5 6 7
#LOCATIONS
1
#CONTAINERS_TOLOAD
0 0 0 11716.31 2.59 20 3 0 1 0
0 0 0 17287.05 2.59 20 3 0 1 0
0 0 0 4680.52 2.59 20 3 0 1 0
0 0 0 10844.65 2.59 20 2 0 1 0
0 0 0 16768.21 2.59 20 1 0 1 0
0 0 0 5052.13 2.59 20 1 0 1 0
0 0 0 15854.33 2.59 20 4 0 1 0
0 0 0 6760.06 2.59 20 2 0 1 0
0 0 0 12493.20 2.59 20 5 0 1 0
0 0 0 11789.20 2.59 20 7 0 1 0
0 0 0 8879.48 2.59 20 3 0 1 0
0 0 0 14090.12 2.59 20 7 0 1 0
0 0 0 8106.48 2.59 20 2 0 1 0
0 0 0 11055.98 2.59 20 5 0 1 0
0 0 0 9682.98 2.59 20 7 0 1 0
0 0 0 15108.31 2.59 20 3 0 1 0
0 0 0 6395.51 2.59 20 3 0 1 0
0 0 0 11969.08 2.59 20 6 0 1 0
0 0 0 12108.46 2.59 20 6 0 1 0
0 0 0 11283.60 2.59 20 5 0 1 0
0 0 0 9189.41 2.59 20 6 0 1 0
0 0 0 15031.59 2.59 20 5 0 1 0
0 0 0 8069.02 2.59 20 4 0 1 0
0 0 0 10655.41 2.59 20 4 0 1 0
0 0 0 15080.14 2.59 20 5 1 1 0
0 0 0 5995.45 2.59 20 2 0 1 0
0 0 0 14566.10 2.59 20 6 1 1 0
0 0 0 7665.17 2.59 20 4 0 1 0
0 0 0 12738.54 2.59 40 5 0 1 0
0 0 0 11575.18 2.59 40 4 0 1 4
0 0 0 7564.48 2.59 40 4 0 1 0
0 0 0 16938.69 2.59 40 2 0 1 4
0 0 0 5245.01 2.59 40 4 0 1 0
0 0 0 10867.32 2.59 40 2 0 1 0
0 0 0 15144.07 2.59 40 3 1 1 0
0 0 0 8363.64 2.59 20 6 1 1 0
0 0 0 14557.26 2.59 20 7 0 1 0
0 0 0 5458.33 2.59 40 7 0 1 0
0 0 0 10848.51 2.59 40 5 0 1 0
#CONTAINERS_LOADED
4 1 1 7500.00 2.59 20 6 1 1 0
4 1 -1 7500.00 2.59 20 1 0 1 0
4 2 1 7500.00 2.59 20 3 1 1 0
4 2 -1 7500.00 2.59 20 6 0 1 0
4 3 1 7500.00 2.59 20 7 1 1 0
4 3 -1 7500.00 2.59 20 6 0 1 0
4 4 1 7500.00 2.59 20 5 1 1 0
4 4 -1 7500.00 2.59 20 4 0 1 0
4 5 1 7500.00 2.59 20 7 1 1 0
4 5 -1 7500.00 2.59 20 7 0 1 0
4 6 1 7500.00 2.59 20 2 1 1 0
4 6 -1 7500.00 2.59 20 3 0 1 0
4 7 1 7500.00 2.59 20 3 1 1 0
4 7 -1 7500.00 2.59 20 1 0 1 0
4 8 1 7500.00 2.59 20 4 0 1 0
4 8 -1 7500.00 2.59 20 3 0 1 0
#STACKS
75000.00 12.95 1
90000.00 15.54 1
120000.00 20.72 1
120000.00 20.72 1
120000.00 20.72 1
90000.00 15.54 1
75000.00 12.95 1
#CELLS
1 0 0 0 0 0 1
1 0 0 0 0 0 1
1 0 0 0 0 0 1
1 0 0 1 1 1 1
1 0 0 1 1 1 1
1 0 0 1 1 1 1
1 0 0 1 1 1 1
1 0 0 1 1 1 1
2 0 0 0 0 0 1
2 0 0 0 0 0 1
2 0 0 1 1 1 1
2 0 0 1 1 1 1
2 0 0 1 1 1 1
2 0 0 1 1 1 1
2 0 0 1 1 1 1
2 0 0 1 1 1 1
3 0 1 1 1 1 1
3 0 1 1 1 1 1
3 0 1 1 1 1 1
3 0 1 1 1 1 1
3 0 1 1 1 1 1
3 0 1 1 1 1 1
3 0 1 1 1 1 1
3 0 0 1 1 1 1
4 0 1 1 1 1 1
4 0 1 1 1 1 1
4 0 1 1 1 1 1
4 0 1 1 1 1 1
4 0 1 1 1 1 1
4 0 1 1 1 1 1
4 0 1 1 1 1 1
4 0 0 1 1 1 1
5 0 1 1 1 1 1
5 0 1 1 1 1 1
5 0 1 1 1 1 1
5 0 1 1 1 1 1
5 0 1 1 1 1 1
5 0 1 1 1 1 1
5 0 1 1 1 1 1
5 0 0 1 1 1 1
6 0 0 0 0 0 1
6 0 0 0 0 0 1
6 0 0 1 1 1 1
6 0 0 1 1 1 1
6 0 0 1 1 1 1
6 0 0 1 1 1 1
6 0 0 1 1 1 1
6 0 0 1 1 1 1
7 0 0 0 0 0 1
7 0 0 0 0 0 1
7 0 0 0 0 0 1
7 0 0 1 1 1 1
7 0 0 1 1 1 1
7 0 0 1 1 1 1
7 0 0 1 1 1 1
7 0 0 1 1 1 1
#INFO-GEN
Namespace(bayType=2, francisco=True, meanPort=6, seed=2344, stdPort=5.201965974440161, target40=31, targetCapacity=71, targetHC=21, targetIMO=18, targetPorts=7, targetReefer=30, targetRelease=30, targetWeight=75)
