6 31 28 9 72 1 8
#POD
1 2 3 4 5 6
#LOCATIONS
1
#CONTAINERS_TOLOAD
0 0 0 16522.14 2.59 20 3 0 1 0
0 0 0 21662.87 2.59 20 2 0 1 0
0 0 0 6548.17 2.59 20 1 0 1 1
0 0 0 16405.20 2.59 20 4 0 1 1
0 0 0 16837.24 2.59 20 2 1 1 0
0 0 0 18761.88 2.59 20 3 1 1 0
0 0 0 7701.24 2.59 20 2 1 1 0
0 0 0 25598.24 2.59 20 2 1 1 0
0 0 0 3776.39 2.59 20 5 1 1 0
0 0 0 23942.52 2.59 20 3 1 1 0
0 0 0 5850.77 2.59 20 5 1 1 0
0 0 0 25738.62 2.59 20 1 1 1 0
0 0 0 4133.96 2.59 20 2 1 1 0
0 0 0 25555.67 2.59 20 2 1 1 0
0 0 0 3998.71 2.59 20 3 1 1 4
0 0 0 20454.81 2.59 20 4 1 1 4
0 0 0 10240.30 2.59 20 1 0 1 0
0 0 0 23709.73 2.59 20 2 0 1 0
0 0 0 5354.60 2.59 20 4 0 1 0
0 0 0 15539.69 2.59 20 5 0 1 0
0 0 0 15651.90 2.59 40 3 0 1 0
0 0 0 22069.29 2.59 40 5 0 1 0
0 0 0 7212.64 2.59 40 3 1 1 0
0 0 0 15731.79 2.59 40 3 1 1 0
0 0 0 20970.86 2.90 40 2 1 1 0
0 0 0 7061.51 2.59 40 1 1 1 0
0 0 0 14672.56 2.59 20 3 1 1 0
0 0 0 24900.39 2.59 20 1 1 1 0
0 0 0 3919.02 2.59 20 1 1 1 0
0 0 0 25032.71 2.59 20 2 1 1 0
0 0 0 4639.57 2.59 40 2 1 1 3
#CONTAINERS_LOADED
4 1 1 7500.00 2.59 20 1 1 1 0
4 1 -1 7500.00 2.59 20 6 1 1 0
4 2 1 7500.00 2.59 20 1 1 1 0
4 2 -1 7500.00 2.59 20 1 1 1 0
4 3 1 7500.00 2.59 20 3 1 1 0
4 3 -1 7500.00 2.59 20 3 1 1 0
4 4 1 7500.00 2.59 20 4 1 1 0
4 4 -1 7500.00 2.59 20 3 1 1 0
4 5 1 7500.00 2.59 20 1 1 1 0
4 5 -1 7500.00 2.59 20 2 1 1 0
4 6 1 7500.00 2.59 20 1 1 1 0
4 6 -1 7500.00 2.59 20 3 1 1 0
5 1 1 7500.00 2.59 20 3 1 1 0
5 1 -1 7500.00 2.59 20 1 1 1 0
5 2 1 7500.00 2.59 20 3 1 1 0
5 2 -1 7500.00 2.59 20 1 1 1 0
5 3 1 7500.00 2.59 20 3 1 1 1
5 3 -1 7500.00 2.59 20 1 1 1 1
5 4 1 7500.00 2.59 20 2 1 1 0
5 4 -1 7500.00 2.59 20 2 1 1 0
5 5 1 7500.00 2.59 20 2 1 1 4
5 5 -1 7500.00 2.59 20 2 1 1 4
5 6 1 7500.00 2.59 20 3 1 1 0
5 6 -1 7500.00 2.59 20 3 1 1 0
5 7 1 7500.00 2.59 20 1 1 1 0
5 7 -1 7500.00 2.59 20 4 1 1 0
5 8 1 7500.00 2.59 20 3 0 1 0
5 8 -1 7500.00 2.59 20 2 0 1 0
#STACKS
90000.00 15.54 1
105000.00 18.13 1
120000.00 20.72 1
120000.00 20.72 1
120000.00 20.72 1
120000.00 20.72 1
120000.00 20.72 1
105000.00 18.13 1
90000.00 15.54 1
#CELLS
1 0 0 0 0 0 1
1 0 0 0 0 0 1
1 0 0 1 1 1 1
1 0 0 1 1 1 1
1 0 0 1 1 1 1
1 0 0 1 1 1 1
1 0 0 1 1 1 1
1 0 0 1 1 1 1
2 0 0 0 0 0 1
2 0 1 1 1 1 1
2 0 1 1 1 1 1
2 0 1 1 1 1 1
2 0 1 1 1 1 1
2 0 1 1 1 1 1
2 0 1 1 1 1 1
2 0 0 1 1 1 1
3 1 1 1 1 1 1
3 1 1 1 1 1 1
3 1 1 1 1 1 1
3 1 1 1 1 1 1
3 1 1 1 1 1 1
3 1 1 1 1 1 1
3 1 1 1 1 1 1
3 0 0 1 1 1 1
4 1 1 1 1 1 1
4 1 1 1 1 1 1
4 1 1 1 1 1 1
4 1 1 1 1 1 1
4 1 1 1 1 1 1
4 1 1 1 1 1 1
4 1 1 1 1 1 1
4 0 0 1 1 1 1
5 1 1 1 1 1 1
5 1 1 1 1 1 1
5 1 1 1 1 1 1
5 1 1 1 1 1 1
5 1 1 1 1 1 1
5 1 1 1 1 1 1
5 1 1 1 1 1 1
5 0 0 1 1 1 1
6 1 1 1 1 1 1
6 1 1 1 1 1 1
6 1 1 1 1 1 1
6 1 1 1 1 1 1
6 1 1 1 1 1 1
6 1 1 1 1 1 1
6 1 1 1 1 1 1
6 0 0 1 1 1 1
7 1 1 1 1 1 1
7 1 1 1 1 1 1
7 1 1 1 1 1 1
7 1 1 1 1 1 1
7 1 1 1 1 1 1
7 1 1 1 1 1 1
7 1 1 1 1 1 1
7 0 0 1 1 1 1
8 0 0 0 0 0 1
8 0 1 1 1 1 1
8 0 1 1 1 1 1
8 0 1 1 1 1 1
8 0 1 1 1 1 1
8 0 1 1 1 1 1
8 0 1 1 1 1 1
8 0 0 1 1 1 1
9 0 0 0 0 0 1
9 0 0 0 0 0 1
9 0 0 1 1 1 1
9 0 0 1 1 1 1
9 0 0 1 1 1 1
9 0 0 1 1 1 1
9 0 0 1 1 1 1
9 0 0 1 1 1 1
#INFO-GEN
Namespace(bayType=3, francisco=True, meanPort=3, seed=6927, stdPort=1.2414811390692533, target40=23, targetCapacity=50, targetHC=51, targetIMO=33, targetPorts=6, targetReefer=87, targetRelease=44, targetWeight=59)
