6 47 40 9 72 1 8
#POD
1 2 3 4 5 6
#LOCATIONS
1
#CONTAINERS_TOLOAD
0 0 0 9798.17 2.59 20 1 0 1 0
0 0 0 12382.64 2.59 20 2 0 1 0
0 0 0 4783.82 2.59 20 4 0 1 0
0 0 0 9739.38 2.59 20 5 0 1 0
0 0 0 9956.59 2.59 20 3 1 1 0
0 0 0 10924.19 2.59 20 5 0 1 0
0 0 0 5363.52 2.59 20 3 1 1 0
0 0 0 14361.12 2.59 20 3 0 1 0
0 0 0 3390.33 2.59 20 2 1 1 0
0 0 0 13528.72 2.59 20 1 0 1 0
0 0 0 4433.21 2.59 20 3 1 1 0
0 0 0 14431.70 2.59 20 1 0 1 0
0 0 0 3570.09 2.59 20 1 1 1 0
0 0 0 14339.72 2.59 20 2 0 1 0
0 0 0 3502.09 2.59 20 2 0 1 0
0 0 0 11775.30 2.59 20 1 0 1 0
0 0 0 6640.02 2.59 20 6 0 1 2
0 0 0 13411.69 2.59 20 1 0 1 2
0 0 0 4183.76 2.59 20 1 1 1 0
0 0 0 9304.25 2.59 20 3 1 1 0
0 0 0 9360.66 2.59 20 3 1 1 0
0 0 0 12586.97 2.59 20 4 1 1 0
0 0 0 5117.88 2.59 20 3 1 1 2
0 0 0 9400.83 2.59 20 1 1 1 2
0 0 0 12034.74 2.59 20 2 1 1 0
0 0 0 5041.90 2.59 20 1 1 1 0
0 0 0 8868.31 2.59 20 3 1 1 0
0 0 0 14010.29 2.59 20 3 1 1 0
0 0 0 3462.03 2.59 20 1 1 1 0
0 0 0 14076.81 2.59 20 3 1 1 0
0 0 0 3996.97 2.90 40 1 0 1 0
0 0 0 13890.57 2.59 20 3 0 1 0
0 0 0 4448.19 2.59 20 1 0 1 0
0 0 0 9961.27 2.59 20 2 1 1 0
0 0 0 11011.06 2.59 20 2 1 1 0
0 0 0 5857.10 2.59 20 2 1 1 0
0 0 0 9870.03 2.59 20 2 1 1 0
0 0 0 8039.16 2.90 40 3 0 1 0
0 0 0 11146.83 2.59 40 3 0 1 3
0 0 0 8315.06 2.59 40 1 1 1 0
0 0 0 8414.39 2.59 40 4 1 1 3
0 0 0 10254.80 2.90 40 3 1 1 3
0 0 0 6112.39 2.59 40 2 1 1 0
0 0 0 11821.43 2.59 40 3 1 1 0
0 0 0 8440.03 2.90 40 1 1 1 0
0 0 0 8437.59 2.59 40 4 1 1 0
0 0 0 7087.41 2.90 40 2 1 1 0
#CONTAINERS_LOADED
4 1 1 7500.00 2.59 20 2 1 1 0
4 1 -1 7500.00 2.59 20 1 1 1 0
4 2 1 7500.00 2.59 20 1 1 1 0
4 2 -1 7500.00 2.59 20 1 1 1 0
4 3 1 7500.00 2.59 20 3 1 1 0
4 3 -1 7500.00 2.59 20 3 1 1 0
4 4 1 7500.00 2.59 20 3 1 1 0
4 4 -1 7500.00 2.59 20 1 1 1 0
4 5 1 7500.00 2.59 20 3 1 1 0
4 5 -1 7500.00 2.59 20 6 1 1 0
4 6 1 7500.00 2.59 20 4 1 1 0
4 6 -1 7500.00 2.59 20 4 1 1 0
4 7 1 7500.00 2.59 20 4 1 1 0
4 7 -1 7500.00 2.59 20 4 1 1 0
4 8 1 7500.00 2.59 20 1 0 1 0
4 8 -1 7500.00 2.59 20 3 0 1 0
5 1 1 7500.00 2.59 20 2 1 1 2
5 1 -1 7500.00 2.59 20 4 1 1 2
5 2 1 7500.00 2.59 20 3 1 1 0
5 2 -1 7500.00 2.59 20 2 1 1 0
5 3 1 7500.00 2.59 20 3 1 1 2
5 3 -1 7500.00 2.59 20 3 1 1 2
5 4 1 7500.00 2.59 20 3 1 1 0
5 4 -1 7500.00 2.59 20 2 1 1 0
5 5 1 7500.00 2.59 20 3 1 1 0
5 5 -1 7500.00 2.59 20 4 1 1 0
5 6 1 7500.00 2.59 20 1 1 1 2
5 6 -1 7500.00 2.59 20 2 1 1 2
5 7 1 7500.00 2.59 20 2 1 1 2
5 7 -1 7500.00 2.59 20 3 1 1 2
5 8 1 7500.00 2.59 20 1 0 1 2
5 8 -1 7500.00 2.59 20 3 0 1 2
6 1 1 7500.00 2.59 20 3 1 1 0
6 1 -1 7500.00 2.59 20 1 1 1 0
6 2 1 7500.00 2.59 20 3 1 1 0
6 2 -1 7500.00 2.59 20 2 1 1 0
6 3 1 7500.00 2.59 20 3 1 1 0
6 3 -1 7500.00 2.59 20 2 1 1 0
6 4 1 7500.00 2.59 20 3 1 1 0
6 4 -1 7500.00 2.59 20 3 1 1 0
#STACKS
90000.00 15.54 1
105000.00 18.13 1
120000.00 20.72 1
120000.00 20.72 1
120000.00 20.72 1
120000.00 20.72 1
120000.00 20.72 1
105000.00 18.13 1
90000.00 15.54 1
#CELLS
1 0 0 0 0 0 1
1 0 0 0 0 0 1
1 0 0 1 1 1 1
1 0 0 1 1 1 1
1 0 0 1 1 1 1
1 0 0 1 1 1 1
1 0 0 1 1 1 1
1 0 0 1 1 1 1
2 0 0 0 0 0 1
2 0 1 1 1 1 1
2 0 1 1 1 1 1
2 0 1 1 1 1 1
2 0 1 1 1 1 1
2 0 1 1 1 1 1
2 0 1 1 1 1 1
2 0 0 1 1 1 1
3 1 1 1 1 1 1
3 1 1 1 1 1 1
3 1 1 1 1 1 1
3 1 1 1 1 1 1
3 1 1 1 1 1 1
3 1 1 1 1 1 1
3 1 1 1 1 1 1
3 0 0 1 1 1 1
4 1 1 1 1 1 1
4 1 1 1 1 1 1
4 1 1 1 1 1 1
4 1 1 1 1 1 1
4 1 1 1 1 1 1
4 1 1 1 1 1 1
4 1 1 1 1 1 1
4 0 0 1 1 1 1
5 1 1 1 1 1 1
5 1 1 1 1 1 1
5 1 1 1 1 1 1
5 1 1 1 1 1 1
5 1 1 1 1 1 1
5 1 1 1 1 1 1
5 1 1 1 1 1 1
5 0 0 1 1 1 1
6 1 1 1 1 1 1
6 1 1 1 1 1 1
6 1 1 1 1 1 1
6 1 1 1 1 1 1
6 1 1 1 1 1 1
6 1 1 1 1 1 1
6 1 1 1 1 1 1
6 0 0 1 1 1 1
7 1 1 1 1 1 1
7 1 1 1 1 1 1
7 1 1 1 1 1 1
7 1 1 1 1 1 1
7 1 1 1 1 1 1
7 1 1 1 1 1 1
7 1 1 1 1 1 1
7 0 0 1 1 1 1
8 0 0 0 0 0 1
8 0 1 1 1 1 1
8 0 1 1 1 1 1
8 0 1 1 1 1 1
8 0 1 1 1 1 1
8 0 1 1 1 1 1
8 0 1 1 1 1 1
8 0 0 1 1 1 1
9 0 0 0 0 0 1
9 0 0 0 0 0 1
9 0 0 1 1 1 1
9 0 0 1 1 1 1
9 0 0 1 1 1 1
9 0 0 1 1 1 1
9 0 0 1 1 1 1
9 0 0 1 1 1 1
#INFO-GEN
Namespace(bayType=3, francisco=True, meanPort=3, seed=6927, stdPort=1.2414811390692533, target40=23, targetCapacity=75, targetHC=51, targetIMO=33, targetPorts=6, targetReefer=87, targetRelease=44, targetWeight=61)
