6 61 56 9 72 1 8
#POD
1 2 3 4 5 6
#LOCATIONS
1
#CONTAINERS_TOLOAD
0 0 0 9282.17 2.59 20 1 0 1 2
0 0 0 11670.48 2.59 20 2 0 1 2
0 0 0 4648.42 2.59 20 2 0 1 0
0 0 0 9227.84 2.59 20 1 0 1 0
0 0 0 9428.57 2.59 20 6 0 1 2
0 0 0 10322.72 2.59 20 1 0 1 2
0 0 0 5184.12 2.59 20 1 0 1 0
0 0 0 13498.78 2.59 20 3 0 1 0
0 0 0 3360.70 2.59 20 3 0 1 0
0 0 0 12729.56 2.59 20 4 0 1 0
0 0 0 4324.42 2.59 20 3 0 1 0
0 0 0 13564.01 2.59 20 1 0 1 0
0 0 0 3526.82 2.59 20 2 0 1 0
0 0 0 13479.01 2.59 20 1 0 1 0
0 0 0 3463.98 2.59 20 3 1 1 0
0 0 0 11109.23 2.59 20 3 0 1 0
0 0 0 6363.73 2.59 20 1 1 1 0
0 0 0 12621.41 2.59 20 3 0 1 0
0 0 0 4093.91 2.59 20 1 1 1 0
0 0 0 8825.74 2.59 20 3 0 1 0
0 0 0 8877.87 2.59 20 1 1 1 0
0 0 0 11859.29 2.59 20 2 0 1 0
0 0 0 4957.13 2.59 20 2 1 1 0
0 0 0 8914.99 2.59 20 2 0 1 0
0 0 0 11348.98 2.59 20 2 1 1 0
0 0 0 4886.92 2.59 20 3 0 1 0
0 0 0 8422.89 2.59 20 3 0 1 3
0 0 0 13174.58 2.59 20 1 0 1 3
0 0 0 3426.96 2.59 20 4 0 1 0
0 0 0 13236.05 2.59 20 3 0 1 0
0 0 0 3921.30 2.59 20 2 1 1 4
0 0 0 13063.95 2.59 20 3 1 1 4
0 0 0 4338.27 2.59 20 1 1 1 4
0 0 0 9432.89 2.59 20 4 1 1 4
0 0 0 10403.00 2.59 40 2 0 1 0
0 0 0 5640.24 2.90 40 2 0 1 0
0 0 0 9348.58 2.59 20 1 1 1 0
0 0 0 7656.67 2.59 20 1 1 1 0
0 0 0 10528.47 2.59 20 1 1 1 0
0 0 0 7911.63 2.59 20 3 1 1 0
0 0 0 8003.43 2.59 20 3 1 1 0
0 0 0 9704.14 2.59 20 3 1 1 0
0 0 0 5876.15 2.59 20 1 1 1 4
0 0 0 11151.86 2.59 20 3 1 1 4
0 0 0 8027.12 2.59 20 6 1 1 0
0 0 0 8024.86 2.59 20 4 1 1 0
0 0 0 7995.42 2.59 20 4 1 1 0
0 0 0 8054.34 2.59 20 4 1 1 0
0 0 0 7799.47 2.90 40 4 0 1 0
0 0 0 8898.12 2.59 40 1 0 1 0
0 0 0 11113.75 2.90 40 3 1 1 0
0 0 0 6868.78 2.90 40 2 1 1 0
0 0 0 9922.67 2.59 40 4 1 1 0
0 0 0 7040.54 2.59 40 3 1 1 0
0 0 0 11093.95 2.59 40 2 1 1 0
0 0 0 5295.18 2.90 40 3 0 1 3
0 0 0 8347.73 2.90 40 3 0 1 0
0 0 0 10278.15 2.59 40 3 0 1 4
0 0 0 6347.35 2.59 40 2 0 1 3
0 0 0 10893.83 2.59 40 3 0 1 0
0 0 0 5869.89 2.90 40 4 0 1 4
#CONTAINERS_LOADED
3 1 1 7500.00 2.59 20 1 1 1 4
3 1 -1 7500.00 2.59 20 2 1 1 4
3 2 1 7500.00 2.59 20 2 1 1 0
3 2 -1 7500.00 2.59 20 3 1 1 0
3 3 1 7500.00 2.59 20 1 1 1 4
3 3 -1 7500.00 2.59 20 3 1 1 4
3 4 1 7500.00 2.59 20 3 1 1 0
3 4 -1 7500.00 2.59 20 1 1 1 0
4 1 1 7500.00 2.59 20 3 1 1 0
4 1 -1 7500.00 2.59 20 2 1 1 0
4 2 1 7500.00 2.59 20 3 1 1 0
4 2 -1 7500.00 2.59 20 2 1 1 0
4 3 1 7500.00 2.59 20 3 1 1 0
4 3 -1 7500.00 2.59 20 3 1 1 0
4 4 1 7500.00 2.59 20 3 1 1 0
4 4 -1 7500.00 2.59 20 3 1 1 0
4 5 1 7500.00 2.59 20 3 1 1 0
4 5 -1 7500.00 2.59 20 3 1 1 0
4 6 1 7500.00 2.59 20 4 1 1 0
4 6 -1 7500.00 2.59 20 4 1 1 0
4 7 1 7500.00 2.59 20 3 1 1 0
4 7 -1 7500.00 2.59 20 1 1 1 0
4 8 1 7500.00 2.59 20 3 0 1 0
4 8 -1 7500.00 2.59 20 3 0 1 0
5 1 1 7500.00 2.59 20 3 1 1 0
5 1 -1 7500.00 2.59 20 2 1 1 0
5 2 1 7500.00 2.59 20 3 1 1 0
5 2 -1 7500.00 2.59 20 2 1 1 0
5 3 1 7500.00 2.59 20 2 1 1 3
5 3 -1 7500.00 2.59 20 4 1 1 3
5 4 1 7500.00 2.59 20 1 1 1 0
5 4 -1 7500.00 2.59 20 2 1 1 0
5 5 1 7500.00 2.59 20 1 1 1 4
5 5 -1 7500.00 2.59 20 1 1 1 4
5 6 1 7500.00 2.59 20 2 1 1 0
5 6 -1 7500.00 2.59 20 5 1 1 0
5 7 1 7500.00 2.59 20 3 1 1 0
5 7 -1 7500.00 2.59 20 3 1 1 0
5 8 1 7500.00 2.59 20 1 0 1 0
5 8 -1 7500.00 2.59 20 3 0 1 0
6 1 1 7500.00 2.59 20 3 1 1 0
6 1 -1 7500.00 2.59 20 5 1 1 0
6 2 1 7500.00 2.59 20 3 1 1 0
6 2 -1 7500.00 2.59 20 5 1 1 0
6 3 1 7500.00 2.59 20 4 1 1 0
6 3 -1 7500.00 2.59 20 4 1 1 0
6 4 1 7500.00 2.59 20 2 1 1 0
6 4 -1 7500.00 2.59 20 1 1 1 0
6 5 1 7500.00 2.59 20 2 1 1 0
6 5 -1 7500.00 2.59 20 3 1 1 0
6 6 1 7500.00 2.59 20 3 1 1 0
6 6 -1 7500.00 2.59 20 1 1 1 0
6 7 1 7500.00 2.59 20 1 1 1 0
6 7 -1 7500.00 2.59 20 1 1 1 0
6 8 1 7500.00 2.59 20 4 0 1 0
6 8 -1 7500.00 2.59 20 3 0 1 0
#STACKS
90000.00 15.54 1
105000.00 18.13 1
120000.00 20.72 1
120000.00 20.72 1
120000.00 20.72 1
120000.00 20.72 1
120000.00 20.72 1
105000.00 18.13 1
90000.00 15.54 1
#CELLS
1 0 0 0 0 0 1
1 0 0 0 0 0 1
1 0 0 1 1 1 1
1 0 0 1 1 1 1
1 0 0 1 1 1 1
1 0 0 1 1 1 1
1 0 0 1 1 1 1
1 0 0 1 1 1 1
2 0 0 0 0 0 1
2 0 1 1 1 1 1
2 0 1 1 1 1 1
2 0 1 1 1 1 1
2 0 1 1 1 1 1
2 0 1 1 1 1 1
2 0 1 1 1 1 1
2 0 0 1 1 1 1
3 1 1 1 1 1 1
3 1 1 1 1 1 1
3 1 1 1 1 1 1
3 1 1 1 1 1 1
3 1 1 1 1 1 1
3 1 1 1 1 1 1
3 1 1 1 1 1 1
3 0 0 1 1 1 1
4 1 1 1 1 1 1
4 1 1 1 1 1 1
4 1 1 1 1 1 1
4 1 1 1 1 1 1
4 1 1 1 1 1 1
4 1 1 1 1 1 1
4 1 1 1 1 1 1
4 0 0 1 1 1 1
5 1 1 1 1 1 1
5 1 1 1 1 1 1
5 1 1 1 1 1 1
5 1 1 1 1 1 1
5 1 1 1 1 1 1
5 1 1 1 1 1 1
5 1 1 1 1 1 1
5 0 0 1 1 1 1
6 1 1 1 1 1 1
6 1 1 1 1 1 1
6 1 1 1 1 1 1
6 1 1 1 1 1 1
6 1 1 1 1 1 1
6 1 1 1 1 1 1
6 1 1 1 1 1 1
6 0 0 1 1 1 1
7 1 1 1 1 1 1
7 1 1 1 1 1 1
7 1 1 1 1 1 1
7 1 1 1 1 1 1
7 1 1 1 1 1 1
7 1 1 1 1 1 1
7 1 1 1 1 1 1
7 0 0 1 1 1 1
8 0 0 0 0 0 1
8 0 1 1 1 1 1
8 0 1 1 1 1 1
8 0 1 1 1 1 1
8 0 1 1 1 1 1
8 0 1 1 1 1 1
8 0 1 1 1 1 1
8 0 0 1 1 1 1
9 0 0 0 0 0 1
9 0 0 0 0 0 1
9 0 0 1 1 1 1
9 0 0 1 1 1 1
9 0 0 1 1 1 1
9 0 0 1 1 1 1
9 0 0 1 1 1 1
9 0 0 1 1 1 1
#INFO-GEN
Namespace(bayType=3, francisco=True, meanPort=3, seed=6927, stdPort=1.2414811390692533, target40=23, targetCapacity=100, targetHC=51, targetIMO=33, targetPorts=6, targetReefer=87, targetRelease=44, targetWeight=91)
