26 25 72 9 72 1 8
#POD
2 3 4 5 6 7 8 9 10 11 12 13 14 15 16 17 18 19 20 21 23 24 25 26 27 28
#LOCATIONS
1
#CONTAINERS_TOLOAD
0 0 0 14645.95 2.59 20 10 0 1 0
0 0 0 4286.44 2.59 20 23 0 1 0
0 0 0 13952.39 2.59 20 13 0 1 0
0 0 0 4426.76 2.59 20 2 0 1 0
0 0 0 9182.53 2.59 20 4 0 1 0
0 0 0 9486.91 2.59 20 8 0 1 0
0 0 0 12762.56 2.59 20 23 0 1 0
0 0 0 6089.79 2.59 20 24 0 1 0
0 0 0 12131.57 2.59 20 27 0 1 0
0 0 0 5383.95 2.59 20 18 0 1 0
0 0 0 12697.61 2.59 20 24 0 1 0
0 0 0 6421.53 2.59 20 23 0 1 0
0 0 0 9932.82 2.59 20 9 1 1 0
0 0 0 10612.51 2.59 20 23 0 1 0
0 0 0 8040.07 2.59 20 12 0 1 0
0 0 0 7055.11 2.59 20 25 0 1 0
0 0 0 9288.22 2.59 20 16 0 1 0
0 0 0 14310.19 2.59 20 20 0 1 0
0 0 0 4276.59 2.59 20 3 0 1 0
0 0 0 9067.58 2.59 20 27 0 1 0
0 0 0 10548.73 2.59 20 24 0 1 0
0 0 0 10643.74 2.59 20 25 0 1 0
0 0 0 6681.74 2.90 40 19 0 1 0
0 0 0 11370.53 2.59 20 26 1 1 0
0 0 0 6204.18 2.59 20 26 0 1 0
#CONTAINERS_LOADED
3 1 1 7500.00 2.59 20 12 1 1 0
3 1 -1 7500.00 2.59 20 12 1 1 0
3 2 1 7500.00 2.59 20 10 1 1 0
3 2 -1 7500.00 2.59 20 11 1 1 0
3 3 1 7500.00 2.59 20 27 1 1 3
3 3 -1 7500.00 2.59 20 4 1 1 3
3 4 1 7500.00 2.59 20 5 1 1 0
3 4 -1 7500.00 2.59 20 25 1 1 0
3 5 1 7500.00 2.59 20 15 1 1 0
3 5 -1 7500.00 2.59 20 23 1 1 0
3 6 1 7500.00 2.59 20 9 1 1 0
3 6 -1 7500.00 2.59 20 8 1 1 0
3 7 1 7500.00 2.59 20 10 1 1 0
3 7 -1 7500.00 2.59 20 14 1 1 0
3 8 1 7500.00 2.59 20 3 0 1 0
3 8 -1 7500.00 2.59 20 18 0 1 0
4 1 1 7500.00 2.59 20 16 1 1 0
4 1 -1 7500.00 2.59 20 17 1 1 0
4 2 1 7500.00 2.59 20 20 1 1 0
4 2 -1 7500.00 2.59 20 9 1 1 0
4 3 1 7500.00 2.59 20 14 1 1 0
4 3 -1 7500.00 2.59 20 26 1 1 0
4 4 1 7500.00 2.59 20 25 1 1 0
4 4 -1 7500.00 2.59 20 27 1 1 0
4 5 1 7500.00 2.59 20 9 1 1 0
4 5 -1 7500.00 2.59 20 27 1 1 0
4 6 1 7500.00 2.59 20 20 1 1 0
4 6 -1 7500.00 2.59 20 20 1 1 0
4 7 1 7500.00 2.59 20 5 1 1 0
4 7 -1 7500.00 2.59 20 26 1 1 0
4 8 1 7500.00 2.59 20 12 0 1 0
4 8 -1 7500.00 2.59 20 19 0 1 0
5 1 1 7500.00 2.59 20 19 1 1 0
5 1 -1 7500.00 2.59 20 21 1 1 0
5 2 1 7500.00 2.59 20 24 1 1 0
5 2 -1 7500.00 2.59 20 28 1 1 0
5 3 1 7500.00 2.59 20 8 1 1 0
5 3 -1 7500.00 2.59 20 26 1 1 0
5 4 1 7500.00 2.59 20 14 1 1 0
5 4 -1 7500.00 2.59 20 26 1 1 0
5 5 1 7500.00 2.59 20 13 1 1 0
5 5 -1 7500.00 2.59 20 10 1 1 0
5 6 1 7500.00 2.59 20 16 1 1 0
5 6 -1 7500.00 2.59 20 11 1 1 0
5 7 1 7500.00 2.59 20 28 1 1 0
5 7 -1 7500.00 2.59 20 4 1 1 0
5 8 1 7500.00 2.59 20 17 0 1 0
5 8 -1 7500.00 2.59 20 11 0 1 0
6 1 1 7500.00 2.59 20 7 1 1 0
6 1 -1 7500.00 2.59 20 9 1 1 0
6 2 1 7500.00 2.59 20 10 1 1 0
6 2 -1 7500.00 2.59 20 10 1 1 0
6 3 1 7500.00 2.59 20 12 1 1 0
6 3 -1 7500.00 2.59 20 13 1 1 0
6 4 1 7500.00 2.59 20 7 1 1 0
6 4 -1 7500.00 2.59 20 18 1 1 0
6 5 1 7500.00 2.59 20 10 1 1 0
6 5 -1 7500.00 2.59 20 15 1 1 0
6 6 1 7500.00 2.59 20 4 1 1 0
6 6 -1 7500.00 2.59 20 8 1 1 0
6 7 1 7500.00 2.59 20 3 1 1 0
6 7 -1 7500.00 2.59 20 15 1 1 0
6 8 1 7500.00 2.59 20 24 0 1 0
6 8 -1 7500.00 2.59 20 20 0 1 0
7 1 1 7500.00 2.59 20 19 1 1 0
7 1 -1 7500.00 2.59 20 18 1 1 0
7 2 1 7500.00 2.59 20 17 1 1 0
7 2 -1 7500.00 2.59 20 19 1 1 0
7 3 1 7500.00 2.59 20 25 1 1 0
7 3 -1 7500.00 2.59 20 6 1 1 0
7 4 1 7500.00 2.59 20 18 1 1 0
7 4 -1 7500.00 2.59 20 2 1 1 0
#STACKS
90000.00 15.54 1
105000.00 18.13 1
120000.00 20.72 1
120000.00 20.72 1
120000.00 20.72 1
120000.00 20.72 1
120000.00 20.72 1
105000.00 18.13 1
90000.00 15.54 1
#CELLS
1 0 0 0 0 0 1
1 0 0 0 0 0 1
1 0 0 1 1 1 1
1 0 0 1 1 1 1
1 0 0 1 1 1 1
1 0 0 1 1 1 1
1 0 0 1 1 1 1
1 0 0 1 1 1 1
2 0 0 0 0 0 1
2 0 1 1 1 1 1
2 0 1 1 1 1 1
2 0 1 1 1 1 1
2 0 1 1 1 1 1
2 0 1 1 1 1 1
2 0 1 1 1 1 1
2 0 0 1 1 1 1
3 1 1 1 1 1 1
3 1 1 1 1 1 1
3 1 1 1 1 1 1
3 1 1 1 1 1 1
3 1 1 1 1 1 1
3 1 1 1 1 1 1
3 1 1 1 1 1 1
3 0 0 1 1 1 1
4 1 1 1 1 1 1
4 1 1 1 1 1 1
4 1 1 1 1 1 1
4 1 1 1 1 1 1
4 1 1 1 1 1 1
4 1 1 1 1 1 1
4 1 1 1 1 1 1
4 0 0 1 1 1 1
5 1 1 1 1 1 1
5 1 1 1 1 1 1
5 1 1 1 1 1 1
5 1 1 1 1 1 1
5 1 1 1 1 1 1
5 1 1 1 1 1 1
5 1 1 1 1 1 1
5 0 0 1 1 1 1
6 1 1 1 1 1 1
6 1 1 1 1 1 1
6 1 1 1 1 1 1
6 1 1 1 1 1 1
6 1 1 1 1 1 1
6 1 1 1 1 1 1
6 1 1 1 1 1 1
6 0 0 1 1 1 1
7 1 1 1 1 1 1
7 1 1 1 1 1 1
7 1 1 1 1 1 1
7 1 1 1 1 1 1
7 1 1 1 1 1 1
7 1 1 1 1 1 1
7 1 1 1 1 1 1
7 0 0 1 1 1 1
8 0 0 0 0 0 1
8 0 1 1 1 1 1
8 0 1 1 1 1 1
8 0 1 1 1 1 1
8 0 1 1 1 1 1
8 0 1 1 1 1 1
8 0 1 1 1 1 1
8 0 0 1 1 1 1
9 0 0 0 0 0 1
9 0 0 0 0 0 1
9 0 0 1 1 1 1
9 0 0 1 1 1 1
9 0 0 1 1 1 1
9 0 0 1 1 1 1
9 0 0 1 1 1 1
9 0 0 1 1 1 1
#INFO-GEN
Namespace(bayType=3, francisco=True, meanPort=15, seed=4527, stdPort=23.56233744134304, target40=3, targetCapacity=75, targetHC=52, targetIMO=5, targetPorts=28, targetReefer=21, targetRelease=77, targetWeight=51)
