27 20 66 11 88 1 8
#POD
1 3 4 5 6 7 8 9 10 11 12 13 14 15 16 17 18 19 20 21 22 23 24 25 26 28 29
#LOCATIONS
1
#CONTAINERS_TOLOAD
0 0 0 25670.59 2.59 20 10 0 1 0
0 0 0 26950.81 2.59 20 3 0 1 0
0 0 0 23657.64 2.59 20 20 1 1 0
0 0 0 26506.56 2.59 20 28 1 1 0
0 0 0 24616.18 2.59 20 13 1 1 0
0 0 0 21927.96 2.59 20 3 1 1 0
0 0 0 24665.73 2.59 20 20 0 1 0
0 0 0 27458.56 2.59 20 11 0 1 0
0 0 0 25481.81 2.59 20 25 0 1 0
0 0 0 24204.78 2.59 20 1 0 1 0
0 0 0 21870.49 2.59 20 14 0 1 0
0 0 0 25411.72 2.59 20 5 0 1 0
0 0 0 25622.12 2.59 20 17 0 1 0
0 0 0 24801.58 2.59 20 17 0 1 0
0 0 0 22811.17 2.59 20 3 0 1 0
0 0 0 25667.51 2.59 20 8 0 1 0
0 0 0 24333.80 2.59 20 7 0 1 0
0 0 0 22024.72 2.59 20 15 0 1 0
0 0 0 28709.76 2.59 20 4 1 1 0
0 0 0 20506.51 2.59 20 23 1 1 0
#CONTAINERS_LOADED
4 1 1 7500.00 2.59 20 6 1 1 0
4 1 -1 7500.00 2.59 20 1 1 1 0
4 2 1 7500.00 2.59 20 12 1 1 0
4 2 -1 7500.00 2.59 20 9 1 1 0
4 3 1 7500.00 2.59 20 13 1 1 0
4 3 -1 7500.00 2.59 20 13 1 1 0
4 4 1 7500.00 2.59 20 17 1 1 0
4 4 -1 7500.00 2.59 20 5 1 1 0
4 5 1 7500.00 2.59 20 20 1 1 0
4 5 -1 7500.00 2.59 20 25 1 1 0
4 6 1 7500.00 2.59 20 4 0 1 0
4 6 -1 7500.00 2.59 20 25 0 1 0
4 7 1 7500.00 2.59 20 12 0 1 0
4 7 -1 7500.00 2.59 20 16 0 1 0
4 8 1 7500.00 2.59 20 29 0 1 0
4 8 -1 7500.00 2.59 20 21 0 1 0
5 1 1 7500.00 2.59 20 29 1 1 4
5 1 -1 7500.00 2.59 20 26 1 1 4
5 2 1 7500.00 2.59 20 18 1 1 0
5 2 -1 7500.00 2.59 20 21 1 1 0
5 3 1 7500.00 2.59 20 14 1 1 0
5 3 -1 7500.00 2.59 20 23 1 1 0
5 4 1 7500.00 2.59 20 13 1 1 0
5 4 -1 7500.00 2.59 20 1 1 1 0
5 5 1 7500.00 2.59 20 20 1 1 0
5 5 -1 7500.00 2.59 20 22 1 1 0
5 6 1 7500.00 2.59 20 8 0 1 0
5 6 -1 7500.00 2.59 20 5 0 1 0
5 7 1 7500.00 2.59 20 21 0 1 0
5 7 -1 7500.00 2.59 20 13 0 1 0
5 8 1 7500.00 2.59 20 9 0 1 0
5 8 -1 7500.00 2.59 20 22 0 1 0
6 1 1 7500.00 2.59 20 6 1 1 0
6 1 -1 7500.00 2.59 20 6 1 1 0
6 2 1 7500.00 2.59 20 13 1 1 0
6 2 -1 7500.00 2.59 20 17 1 1 0
6 3 1 7500.00 2.59 20 19 1 1 0
6 3 -1 7500.00 2.59 20 20 1 1 0
6 4 1 7500.00 2.59 20 21 1 1 0
6 4 -1 7500.00 2.59 20 10 1 1 0
6 5 1 7500.00 2.59 20 21 1 1 0
6 5 -1 7500.00 2.59 20 29 1 1 0
6 6 1 7500.00 2.59 20 23 0 1 0
6 6 -1 7500.00 2.59 20 21 0 1 0
6 7 1 7500.00 2.59 20 18 0 1 0
6 7 -1 7500.00 2.59 20 20 0 1 0
6 8 1 7500.00 2.59 20 14 0 1 0
6 8 -1 7500.00 2.59 20 18 0 1 0
7 1 1 7500.00 2.59 20 24 1 1 0
7 1 -1 7500.00 2.59 20 10 1 1 0
7 2 1 7500.00 2.59 20 25 1 1 0
7 2 -1 7500.00 2.59 20 1 1 1 0
7 3 1 7500.00 2.59 20 28 1 1 0
7 3 -1 7500.00 2.59 20 29 1 1 0
7 4 1 7500.00 2.59 20 16 1 1 0
7 4 -1 7500.00 2.59 20 7 1 1 0
7 5 1 7500.00 2.59 20 15 1 1 0
7 5 -1 7500.00 2.59 20 11 1 1 0
7 6 1 7500.00 2.59 20 13 0 1 0
7 6 -1 7500.00 2.59 20 15 0 1 0
7 7 1 7500.00 2.59 20 14 0 1 0
7 7 -1 7500.00 2.59 20 5 0 1 0
7 8 1 7500.00 2.59 20 24 0 1 0
7 8 -1 7500.00 2.59 20 18 0 1 0
8 1 1 7500.00 2.59 20 15 1 1 0
8 1 -1 7500.00 2.59 20 22 1 1 0
#STACKS
105000.00 18.13 1
120000.00 20.72 1
120000.00 20.72 1
120000.00 20.72 1
120000.00 20.72 1
120000.00 20.72 1
120000.00 20.72 1
120000.00 20.72 1
120000.00 20.72 1
120000.00 20.72 1
105000.00 18.13 1
#CELLS
1 0 0 0 0 0 1
1 1 1 1 1 1 1
1 1 1 1 1 1 1
1 1 1 1 1 1 1
1 1 1 1 1 1 1
1 0 0 1 1 1 1
1 0 0 1 1 1 1
1 0 0 1 1 1 1
2 1 1 1 1 1 1
2 1 1 1 1 1 1
2 1 1 1 1 1 1
2 1 1 1 1 1 1
2 1 1 1 1 1 1
2 0 0 1 1 1 1
2 0 0 1 1 1 1
2 0 0 1 1 1 1
3 1 1 1 1 1 1
3 1 1 1 1 1 1
3 1 1 1 1 1 1
3 1 1 1 1 1 1
3 1 1 1 1 1 1
3 0 0 1 1 1 1
3 0 0 1 1 1 1
3 0 0 1 1 1 1
4 1 1 1 1 1 1
4 1 1 1 1 1 1
4 1 1 1 1 1 1
4 1 1 1 1 1 1
4 1 1 1 1 1 1
4 0 0 1 1 1 1
4 0 0 1 1 1 1
4 0 0 1 1 1 1
5 1 1 1 1 1 1
5 1 1 1 1 1 1
5 1 1 1 1 1 1
5 1 1 1 1 1 1
5 1 1 1 1 1 1
5 0 0 1 1 1 1
5 0 0 1 1 1 1
5 0 0 1 1 1 1
6 1 1 1 1 1 1
6 1 1 1 1 1 1
6 1 1 1 1 1 1
6 1 1 1 1 1 1
6 1 1 1 1 1 1
6 0 0 1 1 1 1
6 0 0 1 1 1 1
6 0 0 1 1 1 1
7 1 1 1 1 1 1
7 1 1 1 1 1 1
7 1 1 1 1 1 1
7 1 1 1 1 1 1
7 1 1 1 1 1 1
7 0 0 1 1 1 1
7 0 0 1 1 1 1
7 0 0 1 1 1 1
8 1 1 1 1 1 1
8 1 1 1 1 1 1
8 1 1 1 1 1 1
8 1 1 1 1 1 1
8 1 1 1 1 1 1
8 0 0 1 1 1 1
8 0 0 1 1 1 1
8 0 0 1 1 1 1
9 1 1 1 1 1 1
9 1 1 1 1 1 1
9 1 1 1 1 1 1
9 1 1 1 1 1 1
9 1 1 1 1 1 1
9 0 0 1 1 1 1
9 0 0 1 1 1 1
9 0 0 1 1 1 1
10 1 1 1 1 1 1
10 1 1 1 1 1 1
10 1 1 1 1 1 1
10 1 1 1 1 1 1
10 1 1 1 1 1 1
10 0 0 1 1 1 1
10 0 0 1 1 1 1
10 0 0 1 1 1 1
11 0 0 0 0 0 1
11 1 1 1 1 1 1
11 1 1 1 1 1 1
11 1 1 1 1 1 1
11 1 1 1 1 1 1
11 0 0 1 1 1 1
11 0 0 1 1 1 1
11 0 0 1 1 1 1
#INFO-GEN
Namespace(bayType=4, francisco=True, meanPort=17, seed=1234, stdPort=19.80377748166358, target40=0, targetCapacity=50, targetHC=55, targetIMO=8, targetPorts=29, targetReefer=44, targetRelease=78, targetWeight=62)
