29 30 98 11 88 1 8
#POD
1 2 3 4 5 6 7 8 9 10 11 12 13 14 15 16 17 18 19 20 21 22 23 24 25 26 27 28 29
#LOCATIONS
1
#CONTAINERS_TOLOAD
0 0 0 11990.01 2.59 20 20 0 1 0
0 0 0 12894.84 2.59 20 11 0 1 0
0 0 0 8391.69 2.59 20 25 0 1 0
0 0 0 13539.79 2.59 20 1 0 1 0
0 0 0 8177.36 2.59 20 14 0 1 0
0 0 0 9714.59 2.59 20 5 0 1 0
0 0 0 10795.01 2.59 20 17 0 1 0
0 0 0 13553.04 2.59 20 17 0 1 0
0 0 0 8578.09 2.59 20 3 0 1 0
0 0 0 12033.70 2.59 20 8 0 1 0
0 0 0 7517.29 2.59 20 7 0 1 0
0 0 0 12538.20 2.59 20 15 0 1 0
0 0 0 10342.23 2.59 20 4 1 1 0
0 0 0 10817.04 2.59 20 23 1 1 0
0 0 0 8881.28 2.59 20 6 1 1 0
0 0 0 12298.24 2.59 20 1 1 1 0
0 0 0 9316.86 2.59 20 12 0 1 0
0 0 0 8505.51 2.59 20 9 0 1 0
0 0 0 16243.42 2.59 20 13 0 1 0
0 0 0 6335.68 2.59 20 13 0 1 0
0 0 0 11163.56 2.59 20 17 0 1 1
0 0 0 11662.68 2.59 20 5 0 1 1
0 0 0 7564.88 2.59 20 20 0 1 0
0 0 0 12889.77 2.59 20 25 0 1 0
0 0 0 12434.19 2.59 20 4 0 1 0
0 0 0 7939.36 2.59 20 25 0 1 0
0 0 0 10819.72 2.59 20 12 0 1 0
0 0 0 12519.58 2.59 20 16 0 1 0
0 0 0 7407.97 2.59 20 29 1 1 0
0 0 0 9484.42 2.59 20 21 1 1 0
#CONTAINERS_LOADED
3 1 1 7500.00 2.59 20 29 1 1 0
3 1 -1 7500.00 2.59 20 26 1 1 0
3 2 1 7500.00 2.59 20 18 1 1 0
3 2 -1 7500.00 2.59 20 21 1 1 0
3 3 1 7500.00 2.59 20 14 1 1 0
3 3 -1 7500.00 2.59 20 23 1 1 0
3 4 1 7500.00 2.59 20 13 1 1 0
3 4 -1 7500.00 2.59 20 1 1 1 0
3 5 1 7500.00 2.59 20 20 1 1 0
3 5 -1 7500.00 2.59 20 22 1 1 0
3 6 1 7500.00 2.59 20 8 0 1 0
3 6 -1 7500.00 2.59 20 5 0 1 0
3 7 1 7500.00 2.59 20 21 0 1 0
3 7 -1 7500.00 2.59 20 13 0 1 0
3 8 1 7500.00 2.59 20 9 0 1 0
3 8 -1 7500.00 2.59 20 22 0 1 0
4 1 1 7500.00 2.59 20 6 1 1 0
4 1 -1 7500.00 2.59 20 6 1 1 0
4 2 1 7500.00 2.59 20 13 1 1 0
4 2 -1 7500.00 2.59 20 17 1 1 0
4 3 1 7500.00 2.59 20 19 1 1 0
4 3 -1 7500.00 2.59 20 20 1 1 0
4 4 1 7500.00 2.59 20 21 1 1 0
4 4 -1 7500.00 2.59 20 10 1 1 0
4 5 1 7500.00 2.59 20 21 1 1 0
4 5 -1 7500.00 2.59 20 29 1 1 0
4 6 1 7500.00 2.59 20 23 0 1 0
4 6 -1 7500.00 2.59 20 21 0 1 0
4 7 1 7500.00 2.59 20 18 0 1 0
4 7 -1 7500.00 2.59 20 20 0 1 0
4 8 1 7500.00 2.59 20 14 0 1 0
4 8 -1 7500.00 2.59 20 18 0 1 0
5 1 1 7500.00 2.59 20 24 1 1 0
5 1 -1 7500.00 2.59 20 10 1 1 0
5 2 1 7500.00 2.59 20 25 1 1 0
5 2 -1 7500.00 2.59 20 1 1 1 0
5 3 1 7500.00 2.59 20 28 1 1 0
5 3 -1 7500.00 2.59 20 29 1 1 0
5 4 1 7500.00 2.59 20 16 1 1 0
5 4 -1 7500.00 2.59 20 7 1 1 0
5 5 1 7500.00 2.59 20 15 1 1 0
5 5 -1 7500.00 2.59 20 11 1 1 0
5 6 1 7500.00 2.59 20 13 0 1 0
5 6 -1 7500.00 2.59 20 15 0 1 0
5 7 1 7500.00 2.59 20 14 0 1 0
5 7 -1 7500.00 2.59 20 5 0 1 0
5 8 1 7500.00 2.59 20 24 0 1 0
5 8 -1 7500.00 2.59 20 18 0 1 0
6 1 1 7500.00 2.59 20 15 1 1 0
6 1 -1 7500.00 2.59 20 22 1 1 0
6 2 1 7500.00 2.59 20 20 1 1 0
6 2 -1 7500.00 2.59 20 22 1 1 0
6 3 1 7500.00 2.59 20 7 1 1 0
6 3 -1 7500.00 2.59 20 4 1 1 0
6 4 1 7500.00 2.59 20 12 1 1 0
6 4 -1 7500.00 2.59 20 18 1 1 0
6 5 1 7500.00 2.59 20 5 1 1 0
6 5 -1 7500.00 2.59 20 16 1 1 0
6 6 1 7500.00 2.59 20 18 0 1 0
6 6 -1 7500.00 2.59 20 10 0 1 0
6 7 1 7500.00 2.59 20 3 0 1 0
6 7 -1 7500.00 2.59 20 3 0 1 0
6 8 1 7500.00 2.59 20 2 0 1 0
6 8 -1 7500.00 2.59 20 14 0 1 0
7 1 1 7500.00 2.59 20 13 1 1 0
7 1 -1 7500.00 2.59 20 29 1 1 0
7 2 1 7500.00 2.59 20 21 1 1 0
7 2 -1 7500.00 2.59 20 10 1 1 0
7 3 1 7500.00 2.59 20 14 1 1 0
7 3 -1 7500.00 2.59 20 12 1 1 0
7 4 1 7500.00 2.59 20 18 1 1 0
7 4 -1 7500.00 2.59 20 8 1 1 0
7 5 1 7500.00 2.59 20 24 1 1 0
7 5 -1 7500.00 2.59 20 18 1 1 0
7 6 1 7500.00 2.59 20 6 0 1 0
7 6 -1 7500.00 2.59 20 27 0 1 0
7 7 1 7500.00 2.59 20 26 0 1 0
7 7 -1 7500.00 2.59 20 26 0 1 0
7 8 1 7500.00 2.59 20 24 0 1 0
7 8 -1 7500.00 2.59 20 15 0 1 0
8 1 1 7500.00 2.59 20 25 1 1 0
8 1 -1 7500.00 2.59 20 18 1 1 0
8 2 1 7500.00 2.59 20 8 1 1 0
8 2 -1 7500.00 2.59 20 6 1 1 0
8 3 1 7500.00 2.59 20 21 1 1 0
8 3 -1 7500.00 2.59 20 6 1 1 0
8 4 1 7500.00 2.59 20 15 1 1 0
8 4 -1 7500.00 2.59 20 21 1 1 0
8 5 1 7500.00 2.59 20 22 1 1 0
8 5 -1 7500.00 2.59 20 17 1 1 0
8 6 1 7500.00 2.59 20 27 0 1 0
8 6 -1 7500.00 2.59 20 22 0 1 0
8 7 1 7500.00 2.59 20 28 0 1 0
8 7 -1 7500.00 2.59 20 22 0 1 0
8 8 1 7500.00 2.59 20 25 0 1 0
8 8 -1 7500.00 2.59 20 9 0 1 0
9 1 1 7500.00 2.59 20 4 1 1 0
9 1 -1 7500.00 2.59 20 16 1 1 0
#STACKS
105000.00 18.13 1
120000.00 20.72 1
120000.00 20.72 1
120000.00 20.72 1
120000.00 20.72 1
120000.00 20.72 1
120000.00 20.72 1
120000.00 20.72 1
120000.00 20.72 1
120000.00 20.72 1
105000.00 18.13 1
#CELLS
1 0 0 0 0 0 1
1 1 1 1 1 1 1
1 1 1 1 1 1 1
1 1 1 1 1 1 1
1 1 1 1 1 1 1
1 0 0 1 1 1 1
1 0 0 1 1 1 1
1 0 0 1 1 1 1
2 1 1 1 1 1 1
2 1 1 1 1 1 1
2 1 1 1 1 1 1
2 1 1 1 1 1 1
2 1 1 1 1 1 1
2 0 0 1 1 1 1
2 0 0 1 1 1 1
2 0 0 1 1 1 1
3 1 1 1 1 1 1
3 1 1 1 1 1 1
3 1 1 1 1 1 1
3 1 1 1 1 1 1
3 1 1 1 1 1 1
3 0 0 1 1 1 1
3 0 0 1 1 1 1
3 0 0 1 1 1 1
4 1 1 1 1 1 1
4 1 1 1 1 1 1
4 1 1 1 1 1 1
4 1 1 1 1 1 1
4 1 1 1 1 1 1
4 0 0 1 1 1 1
4 0 0 1 1 1 1
4 0 0 1 1 1 1
5 1 1 1 1 1 1
5 1 1 1 1 1 1
5 1 1 1 1 1 1
5 1 1 1 1 1 1
5 1 1 1 1 1 1
5 0 0 1 1 1 1
5 0 0 1 1 1 1
5 0 0 1 1 1 1
6 1 1 1 1 1 1
6 1 1 1 1 1 1
6 1 1 1 1 1 1
6 1 1 1 1 1 1
6 1 1 1 1 1 1
6 0 0 1 1 1 1
6 0 0 1 1 1 1
6 0 0 1 1 1 1
7 1 1 1 1 1 1
7 1 1 1 1 1 1
7 1 1 1 1 1 1
7 1 1 1 1 1 1
7 1 1 1 1 1 1
7 0 0 1 1 1 1
7 0 0 1 1 1 1
7 0 0 1 1 1 1
8 1 1 1 1 1 1
8 1 1 1 1 1 1
8 1 1 1 1 1 1
8 1 1 1 1 1 1
8 1 1 1 1 1 1
8 0 0 1 1 1 1
8 0 0 1 1 1 1
8 0 0 1 1 1 1
9 1 1 1 1 1 1
9 1 1 1 1 1 1
9 1 1 1 1 1 1
9 1 1 1 1 1 1
9 1 1 1 1 1 1
9 0 0 1 1 1 1
9 0 0 1 1 1 1
9 0 0 1 1 1 1
10 1 1 1 1 1 1
10 1 1 1 1 1 1
10 1 1 1 1 1 1
10 1 1 1 1 1 1
10 1 1 1 1 1 1
10 0 0 1 1 1 1
10 0 0 1 1 1 1
10 0 0 1 1 1 1
11 0 0 0 0 0 1
11 1 1 1 1 1 1
11 1 1 1 1 1 1
11 1 1 1 1 1 1
11 1 1 1 1 1 1
11 0 0 1 1 1 1
11 0 0 1 1 1 1
11 0 0 1 1 1 1
#INFO-GEN
Namespace(bayType=4, francisco=True, meanPort=17, seed=1234, stdPort=19.80377748166358, target40=0, targetCapacity=75, targetHC=55, targetIMO=8, targetPorts=29, targetReefer=44, targetRelease=78, targetWeight=57)
