29 38 134 11 88 1 8
#POD
1 2 3 4 5 6 7 8 9 10 11 12 13 14 15 16 17 18 19 20 21 22 23 24 25 26 27 28 29
#LOCATIONS
1
#CONTAINERS_TOLOAD
0 0 0 7200.11 2.59 20 14 0 1 2
0 0 0 7622.84 2.59 20 5 0 1 2
0 0 0 5518.98 2.59 20 17 0 1 0
0 0 0 7924.16 2.59 20 17 0 1 0
0 0 0 5418.85 2.59 20 3 0 1 0
0 0 0 6137.04 2.59 20 8 0 1 0
0 0 0 6641.80 2.59 20 7 0 1 0
0 0 0 7930.35 2.59 20 15 0 1 0
0 0 0 5606.06 2.59 20 4 0 1 0
0 0 0 7220.52 2.59 20 23 0 1 0
0 0 0 5110.46 2.59 20 6 1 1 0
0 0 0 7456.22 2.59 20 1 1 1 0
0 0 0 6430.27 2.59 20 12 1 1 0
0 0 0 6652.10 2.59 20 9 1 1 0
0 0 0 5747.71 2.59 20 13 0 1 0
0 0 0 7344.11 2.59 20 13 0 1 0
0 0 0 5951.22 2.59 20 17 0 1 0
0 0 0 5572.16 2.59 20 5 0 1 0
0 0 0 9187.28 2.59 20 20 0 1 0
0 0 0 4558.42 2.59 20 25 0 1 0
0 0 0 6813.99 2.59 20 4 0 1 0
0 0 0 7047.17 2.59 20 25 0 1 0
0 0 0 5132.70 2.59 20 12 0 1 0
0 0 0 7620.47 2.59 20 16 0 1 0
0 0 0 7407.62 2.59 20 29 0 1 0
0 0 0 5307.65 2.59 20 21 0 1 0
0 0 0 6653.35 2.59 20 29 0 1 0
0 0 0 7447.52 2.59 20 26 0 1 0
0 0 0 5059.39 2.59 20 18 0 1 0
0 0 0 7750.56 2.59 20 21 0 1 0
0 0 0 6371.80 2.59 20 14 0 1 0
0 0 0 5810.80 2.59 20 23 0 1 0
0 0 0 7814.16 2.59 20 13 0 1 0
0 0 0 4580.90 2.59 20 1 0 1 0
0 0 0 8668.86 2.59 20 20 1 1 0
0 0 0 5015.54 2.59 20 22 1 1 0
0 0 0 6280.85 2.59 20 8 1 1 0
0 0 0 5936.04 2.59 20 5 1 1 0
#CONTAINERS_LOADED
2 1 1 7500.00 2.59 20 21 1 1 0
2 1 -1 7500.00 2.59 20 13 1 1 0
2 2 1 7500.00 2.59 20 9 1 1 0
2 2 -1 7500.00 2.59 20 22 1 1 0
2 3 1 7500.00 2.59 20 6 1 1 0
2 3 -1 7500.00 2.59 20 6 1 1 0
2 4 1 7500.00 2.59 20 13 1 1 0
2 4 -1 7500.00 2.59 20 17 1 1 0
2 5 1 7500.00 2.59 20 19 1 1 0
2 5 -1 7500.00 2.59 20 20 1 1 0
2 6 1 7500.00 2.59 20 21 0 1 0
2 6 -1 7500.00 2.59 20 10 0 1 0
2 7 1 7500.00 2.59 20 21 0 1 0
2 7 -1 7500.00 2.59 20 29 0 1 0
2 8 1 7500.00 2.59 20 23 0 1 0
2 8 -1 7500.00 2.59 20 21 0 1 0
3 1 1 7500.00 2.59 20 18 1 1 0
3 1 -1 7500.00 2.59 20 20 1 1 0
3 2 1 7500.00 2.59 20 14 1 1 0
3 2 -1 7500.00 2.59 20 18 1 1 0
3 3 1 7500.00 2.59 20 24 1 1 0
3 3 -1 7500.00 2.59 20 10 1 1 0
3 4 1 7500.00 2.59 20 25 1 1 0
3 4 -1 7500.00 2.59 20 1 1 1 0
3 5 1 7500.00 2.59 20 28 1 1 0
3 5 -1 7500.00 2.59 20 29 1 1 0
3 6 1 7500.00 2.59 20 16 0 1 0
3 6 -1 7500.00 2.59 20 7 0 1 0
3 7 1 7500.00 2.59 20 15 0 1 0
3 7 -1 7500.00 2.59 20 11 0 1 0
3 8 1 7500.00 2.59 20 13 0 1 0
3 8 -1 7500.00 2.59 20 15 0 1 0
4 1 1 7500.00 2.59 20 14 1 1 0
4 1 -1 7500.00 2.59 20 5 1 1 0
4 2 1 7500.00 2.59 20 24 1 1 0
4 2 -1 7500.00 2.59 20 18 1 1 0
4 3 1 7500.00 2.59 20 15 1 1 0
4 3 -1 7500.00 2.59 20 22 1 1 0
4 4 1 7500.00 2.59 20 20 1 1 0
4 4 -1 7500.00 2.59 20 22 1 1 0
4 5 1 7500.00 2.59 20 7 1 1 0
4 5 -1 7500.00 2.59 20 4 1 1 0
4 6 1 7500.00 2.59 20 12 0 1 0
4 6 -1 7500.00 2.59 20 18 0 1 0
4 7 1 7500.00 2.59 20 5 0 1 0
4 7 -1 7500.00 2.59 20 16 0 1 0
4 8 1 7500.00 2.59 20 18 0 1 0
4 8 -1 7500.00 2.59 20 10 0 1 0
5 1 1 7500.00 2.59 20 3 1 1 0
5 1 -1 7500.00 2.59 20 3 1 1 0
5 2 1 7500.00 2.59 20 2 1 1 0
5 2 -1 7500.00 2.59 20 14 1 1 0
5 3 1 7500.00 2.59 20 13 1 1 0
5 3 -1 7500.00 2.59 20 29 1 1 0
5 4 1 7500.00 2.59 20 21 1 1 0
5 4 -1 7500.00 2.59 20 10 1 1 0
5 5 1 7500.00 2.59 20 14 1 1 0
5 5 -1 7500.00 2.59 20 12 1 1 0
5 6 1 7500.00 2.59 20 18 0 1 0
5 6 -1 7500.00 2.59 20 8 0 1 0
5 7 1 7500.00 2.59 20 24 0 1 0
5 7 -1 7500.00 2.59 20 18 0 1 0
5 8 1 7500.00 2.59 20 6 0 1 0
5 8 -1 7500.00 2.59 20 27 0 1 0
6 1 1 7500.00 2.59 20 26 1 1 0
6 1 -1 7500.00 2.59 20 26 1 1 0
6 2 1 7500.00 2.59 20 24 1 1 0
6 2 -1 7500.00 2.59 20 15 1 1 0
6 3 1 7500.00 2.59 20 25 1 1 0
6 3 -1 7500.00 2.59 20 18 1 1 0
6 4 1 7500.00 2.59 20 8 1 1 0
6 4 -1 7500.00 2.59 20 6 1 1 0
6 5 1 7500.00 2.59 20 21 1 1 0
6 5 -1 7500.00 2.59 20 6 1 1 0
6 6 1 7500.00 2.59 20 15 0 1 0
6 6 -1 7500.00 2.59 20 21 0 1 0
6 7 1 7500.00 2.59 20 22 0 1 0
6 7 -1 7500.00 2.59 20 17 0 1 0
6 8 1 7500.00 2.59 20 27 0 1 0
6 8 -1 7500.00 2.59 20 22 0 1 0
7 1 1 7500.00 2.59 20 28 1 1 0
7 1 -1 7500.00 2.59 20 22 1 1 0
7 2 1 7500.00 2.59 20 25 1 1 2
7 2 -1 7500.00 2.59 20 9 1 1 2
7 3 1 7500.00 2.59 20 4 1 1 0
7 3 -1 7500.00 2.59 20 16 1 1 0
7 4 1 7500.00 2.59 20 22 1 1 0
7 4 -1 7500.00 2.59 20 7 1 1 0
7 5 1 7500.00 2.59 20 8 1 1 0
7 5 -1 7500.00 2.59 20 22 1 1 0
7 6 1 7500.00 2.59 20 17 0 1 0
7 6 -1 7500.00 2.59 20 1 0 1 0
7 7 1 7500.00 2.59 20 11 0 1 0
7 7 -1 7500.00 2.59 20 11 0 1 0
7 8 1 7500.00 2.59 20 23 0 1 0
7 8 -1 7500.00 2.59 20 25 0 1 0
8 1 1 7500.00 2.59 20 22 1 1 0
8 1 -1 7500.00 2.59 20 24 1 1 0
8 2 1 7500.00 2.59 20 18 1 1 0
8 2 -1 7500.00 2.59 20 25 1 1 0
8 3 1 7500.00 2.59 20 12 1 1 0
8 3 -1 7500.00 2.59 20 28 1 1 0
8 4 1 7500.00 2.59 20 18 1 1 0
8 4 -1 7500.00 2.59 20 22 1 1 0
8 5 1 7500.00 2.59 20 24 1 1 0
8 5 -1 7500.00 2.59 20 18 1 1 0
8 6 1 7500.00 2.59 20 10 0 1 0
8 6 -1 7500.00 2.59 20 25 0 1 0
8 7 1 7500.00 2.59 20 25 0 1 0
8 7 -1 7500.00 2.59 20 3 0 1 0
8 8 1 7500.00 2.59 20 17 0 1 0
8 8 -1 7500.00 2.59 20 25 0 1 0
9 1 1 7500.00 2.59 20 9 1 1 0
9 1 -1 7500.00 2.59 20 16 1 1 0
9 2 1 7500.00 2.59 20 25 1 1 0
9 2 -1 7500.00 2.59 20 18 1 1 0
9 3 1 7500.00 2.59 20 25 1 1 0
9 3 -1 7500.00 2.59 20 4 1 1 0
9 4 1 7500.00 2.59 20 22 1 1 0
9 4 -1 7500.00 2.59 20 21 1 1 0
9 5 1 7500.00 2.59 20 23 1 1 2
9 5 -1 7500.00 2.59 20 6 1 1 2
9 6 1 7500.00 2.59 20 8 0 1 0
9 6 -1 7500.00 2.59 20 17 0 1 0
9 7 1 7500.00 2.59 20 29 0 1 0
9 7 -1 7500.00 2.59 20 6 0 1 0
9 8 1 7500.00 2.59 20 27 0 1 0
9 8 -1 7500.00 2.59 20 18 0 1 0
10 1 1 7500.00 2.59 20 29 1 1 0
10 1 -1 7500.00 2.59 20 23 1 1 0
10 2 1 7500.00 2.59 20 18 1 1 0
10 2 -1 7500.00 2.59 20 17 1 1 0
10 3 1 7500.00 2.59 20 15 1 1 0
10 3 -1 7500.00 2.59 20 15 1 1 0
#STACKS
105000.00 18.13 1
120000.00 20.72 1
120000.00 20.72 1
120000.00 20.72 1
120000.00 20.72 1
120000.00 20.72 1
120000.00 20.72 1
120000.00 20.72 1
120000.00 20.72 1
120000.00 20.72 1
105000.00 18.13 1
#CELLS
1 0 0 0 0 0 1
1 1 1 1 1 1 1
1 1 1 1 1 1 1
1 1 1 1 1 1 1
1 1 1 1 1 1 1
1 0 0 1 1 1 1
1 0 0 1 1 1 1
1 0 0 1 1 1 1
2 1 1 1 1 1 1
2 1 1 1 1 1 1
2 1 1 1 1 1 1
2 1 1 1 1 1 1
2 1 1 1 1 1 1
2 0 0 1 1 1 1
2 0 0 1 1 1 1
2 0 0 1 1 1 1
3 1 1 1 1 1 1
3 1 1 1 1 1 1
3 1 1 1 1 1 1
3 1 1 1 1 1 1
3 1 1 1 1 1 1
3 0 0 1 1 1 1
3 0 0 1 1 1 1
3 0 0 1 1 1 1
4 1 1 1 1 1 1
4 1 1 1 1 1 1
4 1 1 1 1 1 1
4 1 1 1 1 1 1
4 1 1 1 1 1 1
4 0 0 1 1 1 1
4 0 0 1 1 1 1
4 0 0 1 1 1 1
5 1 1 1 1 1 1
5 1 1 1 1 1 1
5 1 1 1 1 1 1
5 1 1 1 1 1 1
5 1 1 1 1 1 1
5 0 0 1 1 1 1
5 0 0 1 1 1 1
5 0 0 1 1 1 1
6 1 1 1 1 1 1
6 1 1 1 1 1 1
6 1 1 1 1 1 1
6 1 1 1 1 1 1
6 1 1 1 1 1 1
6 0 0 1 1 1 1
6 0 0 1 1 1 1
6 0 0 1 1 1 1
7 1 1 1 1 1 1
7 1 1 1 1 1 1
7 1 1 1 1 1 1
7 1 1 1 1 1 1
7 1 1 1 1 1 1
7 0 0 1 1 1 1
7 0 0 1 1 1 1
7 0 0 1 1 1 1
8 1 1 1 1 1 1
8 1 1 1 1 1 1
8 1 1 1 1 1 1
8 1 1 1 1 1 1
8 1 1 1 1 1 1
8 0 0 1 1 1 1
8 0 0 1 1 1 1
8 0 0 1 1 1 1
9 1 1 1 1 1 1
9 1 1 1 1 1 1
9 1 1 1 1 1 1
9 1 1 1 1 1 1
9 1 1 1 1 1 1
9 0 0 1 1 1 1
9 0 0 1 1 1 1
9 0 0 1 1 1 1
10 1 1 1 1 1 1
10 1 1 1 1 1 1
10 1 1 1 1 1 1
10 1 1 1 1 1 1
10 1 1 1 1 1 1
10 0 0 1 1 1 1
10 0 0 1 1 1 1
10 0 0 1 1 1 1
11 0 0 0 0 0 1
11 1 1 1 1 1 1
11 1 1 1 1 1 1
11 1 1 1 1 1 1
11 1 1 1 1 1 1
11 0 0 1 1 1 1
11 0 0 1 1 1 1
11 0 0 1 1 1 1
#INFO-GEN
Namespace(bayType=4, francisco=True, meanPort=17, seed=1234, stdPort=19.80377748166358, target40=0, targetCapacity=100, targetHC=55, targetIMO=8, targetPorts=29, targetReefer=44, targetRelease=78, targetWeight=87)
