14 24 46 11 88 1 8
#POD
1 2 3 4 6 7 8 9 10 11 12 13 14 15
#LOCATIONS
1
#CONTAINERS_TOLOAD
0 0 0 27716.29 2.59 20 2 1 1 4
0 0 0 22446.70 2.59 20 2 1 1 4
0 0 0 21038.25 2.59 20 8 1 1 0
0 0 0 28798.54 2.59 20 13 1 1 0
0 0 0 24256.16 2.59 20 12 1 1 4
0 0 0 22623.33 2.59 20 10 1 1 4
0 0 0 19046.46 2.59 20 1 0 1 0
0 0 0 24850.12 2.59 20 7 0 1 0
0 0 0 23384.59 2.59 20 9 0 1 0
0 0 0 23211.88 2.59 20 7 0 1 0
0 0 0 23656.20 2.59 20 2 0 1 0
0 0 0 27376.35 2.59 20 4 0 1 0
0 0 0 21333.91 2.59 20 15 0 1 0
0 0 0 23468.23 2.59 20 10 0 1 0
0 0 0 20852.93 2.59 20 6 1 1 0
0 0 0 26983.51 2.59 20 13 1 1 0
0 0 0 24045.70 2.59 40 14 0 1 0
0 0 0 20203.81 2.90 40 15 0 1 0
0 0 0 29026.64 2.90 40 1 0 1 0
0 0 0 22740.38 2.59 40 14 0 1 0
0 0 0 24160.49 2.59 40 9 0 1 0
0 0 0 19506.18 2.59 40 10 1 1 0
0 0 0 25021.59 2.59 40 13 1 1 0
0 0 0 20651.77 2.59 40 1 1 1 0
#CONTAINERS_LOADED
4 1 1 7500.00 2.59 20 1 1 1 0
4 1 -1 7500.00 2.59 20 11 1 1 0
4 2 1 7500.00 2.59 20 3 1 1 0
4 2 -1 7500.00 2.59 20 9 1 1 0
4 3 1 7500.00 2.59 20 4 1 1 0
4 3 -1 7500.00 2.59 20 1 1 1 0
5 1 1 7500.00 2.59 20 6 1 1 2
5 1 -1 7500.00 2.59 20 14 1 1 2
5 2 1 7500.00 2.59 20 13 1 1 2
5 2 -1 7500.00 2.59 20 8 1 1 2
5 3 1 7500.00 2.59 20 4 1 1 0
5 3 -1 7500.00 2.59 20 1 1 1 0
5 4 1 7500.00 2.59 20 1 1 1 0
5 4 -1 7500.00 2.59 20 8 1 1 0
5 5 1 7500.00 2.59 20 8 1 1 2
5 5 -1 7500.00 2.59 20 11 1 1 2
5 6 1 7500.00 2.59 20 4 0 1 2
5 6 -1 7500.00 2.59 20 1 0 1 2
5 7 1 7500.00 2.59 20 7 0 1 0
5 7 -1 7500.00 2.59 20 1 0 1 0
5 8 1 7500.00 2.59 20 8 0 1 0
5 8 -1 7500.00 2.59 20 3 0 1 0
6 1 1 7500.00 2.59 20 4 1 1 0
6 1 -1 7500.00 2.59 20 6 1 1 0
6 2 1 7500.00 2.59 20 12 1 1 0
6 2 -1 7500.00 2.59 20 11 1 1 0
6 3 1 7500.00 2.59 20 4 1 1 0
6 3 -1 7500.00 2.59 20 11 1 1 0
6 4 1 7500.00 2.59 20 14 1 1 0
6 4 -1 7500.00 2.59 20 6 1 1 0
6 5 1 7500.00 2.59 20 7 1 1 0
6 5 -1 7500.00 2.59 20 1 1 1 0
6 6 1 7500.00 2.59 20 15 0 1 0
6 6 -1 7500.00 2.59 20 2 0 1 0
6 7 1 7500.00 2.59 20 7 0 1 0
6 7 -1 7500.00 2.59 20 10 0 1 0
6 8 1 7500.00 2.59 20 1 0 1 0
6 8 -1 7500.00 2.59 20 1 0 1 0
7 1 0 15000.00 2.59 40 3 1 1 0
7 2 0 15000.00 2.59 40 3 1 1 0
7 3 0 15000.00 2.59 40 6 1 1 2
7 4 0 15000.00 2.59 40 14 1 1 2
7 5 0 15000.00 2.59 40 1 1 1 2
7 6 0 15000.00 2.59 40 4 0 1 0
7 7 0 15000.00 2.59 40 11 0 1 0
7 8 0 15000.00 2.59 40 10 0 1 2
#STACKS
105000.00 18.13 1
120000.00 20.72 1
120000.00 20.72 1
120000.00 20.72 1
120000.00 20.72 1
120000.00 20.72 1
120000.00 20.72 1
120000.00 20.72 1
120000.00 20.72 1
120000.00 20.72 1
105000.00 18.13 1
#CELLS
1 0 0 0 0 0 1
1 1 1 1 1 1 1
1 1 1 1 1 1 1
1 1 1 1 1 1 1
1 1 1 1 1 1 1
1 0 0 1 1 1 1
1 0 0 1 1 1 1
1 0 0 1 1 1 1
2 1 1 1 1 1 1
2 1 1 1 1 1 1
2 1 1 1 1 1 1
2 1 1 1 1 1 1
2 1 1 1 1 1 1
2 0 0 1 1 1 1
2 0 0 1 1 1 1
2 0 0 1 1 1 1
3 1 1 1 1 1 1
3 1 1 1 1 1 1
3 1 1 1 1 1 1
3 1 1 1 1 1 1
3 1 1 1 1 1 1
3 0 0 1 1 1 1
3 0 0 1 1 1 1
3 0 0 1 1 1 1
4 1 1 1 1 1 1
4 1 1 1 1 1 1
4 1 1 1 1 1 1
4 1 1 1 1 1 1
4 1 1 1 1 1 1
4 0 0 1 1 1 1
4 0 0 1 1 1 1
4 0 0 1 1 1 1
5 1 1 1 1 1 1
5 1 1 1 1 1 1
5 1 1 1 1 1 1
5 1 1 1 1 1 1
5 1 1 1 1 1 1
5 0 0 1 1 1 1
5 0 0 1 1 1 1
5 0 0 1 1 1 1
6 1 1 1 1 1 1
6 1 1 1 1 1 1
6 1 1 1 1 1 1
6 1 1 1 1 1 1
6 1 1 1 1 1 1
6 0 0 1 1 1 1
6 0 0 1 1 1 1
6 0 0 1 1 1 1
7 1 1 1 1 1 1
7 1 1 1 1 1 1
7 1 1 1 1 1 1
7 1 1 1 1 1 1
7 1 1 1 1 1 1
7 0 0 1 1 1 1
7 0 0 1 1 1 1
7 0 0 1 1 1 1
8 1 1 1 1 1 1
8 1 1 1 1 1 1
8 1 1 1 1 1 1
8 1 1 1 1 1 1
8 1 1 1 1 1 1
8 0 0 1 1 1 1
8 0 0 1 1 1 1
8 0 0 1 1 1 1
9 1 1 1 1 1 1
9 1 1 1 1 1 1
9 1 1 1 1 1 1
9 1 1 1 1 1 1
9 1 1 1 1 1 1
9 0 0 1 1 1 1
9 0 0 1 1 1 1
9 0 0 1 1 1 1
10 1 1 1 1 1 1
10 1 1 1 1 1 1
10 1 1 1 1 1 1
10 1 1 1 1 1 1
10 1 1 1 1 1 1
10 0 0 1 1 1 1
10 0 0 1 1 1 1
10 0 0 1 1 1 1
11 0 0 0 0 0 1
11 1 1 1 1 1 1
11 1 1 1 1 1 1
11 1 1 1 1 1 1
11 1 1 1 1 1 1
11 0 0 1 1 1 1
11 0 0 1 1 1 1
11 0 0 1 1 1 1
#INFO-GEN
Namespace(bayType=4, francisco=True, meanPort=3, seed=3456, stdPort=11.889895101186168, target40=38, targetCapacity=50, targetHC=52, targetIMO=63, targetPorts=15, targetReefer=79, targetRelease=64, targetWeight=64)
