7 46 22 7 56 1 8
#POD
1 2 3 4 5 6 7
#LOCATIONS
1
#CONTAINERS_TOLOAD
0 0 0 12211.20 2.59 20 4 0 1 0
0 0 0 18098.22 2.59 20 2 0 1 0
0 0 0 4775.94 2.59 20 2 0 1 2
0 0 0 11290.04 2.59 20 3 0 1 2
0 0 0 17549.93 2.59 20 3 0 1 0
0 0 0 5168.65 2.59 20 5 0 1 0
0 0 0 16584.15 2.59 20 2 0 1 0
0 0 0 6973.54 2.59 20 4 0 1 0
0 0 0 13032.20 2.59 20 5 0 1 0
0 0 0 12288.22 2.59 20 2 0 1 0
0 0 0 9213.30 2.59 20 3 0 1 0
0 0 0 14719.79 2.59 20 2 0 1 0
0 0 0 8396.41 2.59 20 7 0 1 0
0 0 0 11513.37 2.59 20 4 0 1 0
0 0 0 10062.42 2.59 20 6 0 1 0
0 0 0 15795.78 2.59 20 7 0 1 0
0 0 0 6588.30 2.59 20 1 0 1 0
0 0 0 12478.32 2.59 20 3 0 1 0
0 0 0 12625.61 2.59 20 5 0 1 0
0 0 0 11753.91 2.59 20 5 0 1 0
0 0 0 9540.82 2.59 20 6 0 1 1
0 0 0 15714.70 2.59 20 3 0 1 1
0 0 0 8356.82 2.59 20 6 0 1 0
0 0 0 11090.06 2.59 20 3 0 1 0
0 0 0 15766.01 2.59 20 1 0 1 0
0 0 0 6165.52 2.59 20 5 0 1 0
0 0 0 15222.79 2.59 20 3 0 1 0
0 0 0 7930.04 2.59 20 2 0 1 0
0 0 0 13291.46 2.59 20 5 0 1 0
0 0 0 12062.05 2.59 20 6 0 1 0
0 0 0 7823.63 2.59 40 2 0 1 0
0 0 0 17730.08 2.59 40 2 0 1 0
0 0 0 5372.48 2.59 40 1 0 1 0
0 0 0 11314.00 2.59 40 2 0 1 4
0 0 0 15833.57 2.59 40 7 0 1 0
0 0 0 8668.17 2.59 40 4 1 1 4
0 0 0 15213.44 2.59 20 2 1 1 1
0 0 0 5597.91 2.59 20 4 0 1 1
0 0 0 14909.88 2.59 20 1 1 1 0
0 0 0 10134.42 2.59 20 4 0 1 0
0 0 0 13315.79 2.59 40 2 0 1 0
0 0 0 8082.03 2.59 40 7 0 1 0
0 0 0 12487.56 2.59 40 6 0 1 0
0 0 0 14865.57 2.90 40 4 0 1 0
0 0 0 6951.34 2.59 40 5 0 1 0
0 0 0 10438.53 2.59 40 7 0 1 0
#CONTAINERS_LOADED
3 1 1 7500.00 2.59 20 7 1 1 1
3 1 -1 7500.00 2.59 20 6 0 1 1
3 2 1 7500.00 2.59 20 7 1 1 0
3 2 -1 7500.00 2.59 20 5 0 1 0
3 3 1 7500.00 2.59 20 6 1 1 0
3 3 -1 7500.00 2.59 20 3 0 1 0
4 1 1 7500.00 2.59 20 3 1 1 0
4 1 -1 7500.00 2.59 20 4 0 1 0
4 2 1 7500.00 2.59 20 1 1 1 0
4 2 -1 7500.00 2.59 20 2 0 1 0
4 3 1 7500.00 2.59 20 5 1 1 0
4 3 -1 7500.00 2.59 20 3 0 1 0
4 4 1 7500.00 2.59 20 2 1 1 0
4 4 -1 7500.00 2.59 20 4 0 1 0
4 5 1 7500.00 2.59 20 5 1 1 0
4 5 -1 7500.00 2.59 20 5 0 1 0
4 6 1 7500.00 2.59 20 3 1 1 0
4 6 -1 7500.00 2.59 20 1 0 1 0
4 7 1 7500.00 2.59 20 6 1 1 0
4 7 -1 7500.00 2.59 20 5 0 1 0
4 8 1 7500.00 2.59 20 6 0 1 0
4 8 -1 7500.00 2.59 20 1 0 1 0
#STACKS
75000.00 12.95 1
90000.00 15.54 1
120000.00 20.72 1
120000.00 20.72 1
120000.00 20.72 1
90000.00 15.54 1
75000.00 12.95 1
#CELLS
1 0 0 0 0 0 1
1 0 0 0 0 0 1
1 0 0 0 0 0 1
1 0 0 1 1 1 1
1 0 0 1 1 1 1
1 0 0 1 1 1 1
1 0 0 1 1 1 1
1 0 0 1 1 1 1
2 0 0 0 0 0 1
2 0 0 0 0 0 1
2 0 0 1 1 1 1
2 0 0 1 1 1 1
2 0 0 1 1 1 1
2 0 0 1 1 1 1
2 0 0 1 1 1 1
2 0 0 1 1 1 1
3 0 1 1 1 1 1
3 0 1 1 1 1 1
3 0 1 1 1 1 1
3 0 1 1 1 1 1
3 0 1 1 1 1 1
3 0 1 1 1 1 1
3 0 1 1 1 1 1
3 0 0 1 1 1 1
4 0 1 1 1 1 1
4 0 1 1 1 1 1
4 0 1 1 1 1 1
4 0 1 1 1 1 1
4 0 1 1 1 1 1
4 0 1 1 1 1 1
4 0 1 1 1 1 1
4 0 0 1 1 1 1
5 0 1 1 1 1 1
5 0 1 1 1 1 1
5 0 1 1 1 1 1
5 0 1 1 1 1 1
5 0 1 1 1 1 1
5 0 1 1 1 1 1
5 0 1 1 1 1 1
5 0 0 1 1 1 1
6 0 0 0 0 0 1
6 0 0 0 0 0 1
6 0 0 1 1 1 1
6 0 0 1 1 1 1
6 0 0 1 1 1 1
6 0 0 1 1 1 1
6 0 0 1 1 1 1
6 0 0 1 1 1 1
7 0 0 0 0 0 1
7 0 0 0 0 0 1
7 0 0 0 0 0 1
7 0 0 1 1 1 1
7 0 0 1 1 1 1
7 0 0 1 1 1 1
7 0 0 1 1 1 1
7 0 0 1 1 1 1
#INFO-GEN
Namespace(bayType=2, francisco=True, meanPort=6, seed=2344, stdPort=5.201965974440161, target40=31, targetCapacity=89, targetHC=21, targetIMO=18, targetPorts=7, targetReefer=30, targetRelease=30, targetWeight=100)
