15 40 64 11 88 1 8
#POD
1 2 3 4 5 6 7 8 9 10 11 12 13 14 15
#LOCATIONS
1
#CONTAINERS_TOLOAD
0 0 0 13376.62 2.59 20 12 0 1 0
0 0 0 6296.62 2.59 20 10 0 1 0
0 0 0 8602.27 2.59 20 1 0 1 0
0 0 0 14220.71 2.59 20 7 0 1 0
0 0 0 5133.27 2.59 20 9 0 1 0
0 0 0 12599.83 2.59 20 7 0 1 0
0 0 0 5199.71 2.59 20 2 0 1 0
0 0 0 10971.41 2.59 20 4 0 1 0
0 0 0 8654.36 2.59 20 15 1 1 0
0 0 0 9187.73 2.59 20 10 1 1 0
0 0 0 9388.15 2.59 20 6 1 1 0
0 0 0 12337.04 2.59 20 13 1 1 0
0 0 0 6104.07 2.59 20 14 1 1 0
0 0 0 10679.50 2.59 20 15 1 1 0
0 0 0 7010.91 2.59 20 1 1 1 0
0 0 0 12655.47 2.59 20 14 1 1 0
0 0 0 7722.25 2.59 20 9 0 1 4
0 0 0 7878.98 2.59 20 10 0 1 4
0 0 0 14484.32 2.59 20 13 0 1 1
0 0 0 4426.69 2.59 20 1 0 1 1
0 0 0 13677.67 2.59 20 1 0 1 1
0 0 0 4637.83 2.59 20 11 0 1 1
0 0 0 11763.32 2.59 20 3 0 1 1
0 0 0 9325.27 2.59 20 9 0 1 1
0 0 0 9870.85 2.59 20 4 1 1 1
0 0 0 8821.63 2.59 20 1 1 1 1
0 0 0 9710.00 2.59 20 6 1 1 0
0 0 0 6495.17 2.59 20 14 1 1 0
0 0 0 14651.70 2.59 20 13 1 1 0
0 0 0 3948.41 2.59 20 8 1 1 0
0 0 0 9008.32 2.59 20 4 1 1 1
0 0 0 11563.00 2.59 20 1 1 1 1
0 0 0 7870.28 2.59 40 1 0 1 1
0 0 0 8532.18 2.59 40 8 0 1 0
0 0 0 12018.08 2.90 40 8 0 1 1
0 0 0 9915.69 2.90 40 11 0 1 1
0 0 0 7145.70 2.59 40 4 0 1 4
0 0 0 11928.97 2.59 40 1 1 1 4
0 0 0 6147.46 2.90 40 7 1 1 0
0 0 0 8638.53 2.90 40 1 1 1 4
#CONTAINERS_LOADED
4 1 1 7500.00 2.59 20 8 1 1 0
4 1 -1 7500.00 2.59 20 3 1 1 0
4 2 1 7500.00 2.59 20 4 1 1 0
4 2 -1 7500.00 2.59 20 6 1 1 0
4 3 1 7500.00 2.59 20 12 1 1 0
4 3 -1 7500.00 2.59 20 11 1 1 0
4 4 1 7500.00 2.59 20 4 1 1 0
4 4 -1 7500.00 2.59 20 11 1 1 0
4 5 1 7500.00 2.59 20 14 1 1 0
4 5 -1 7500.00 2.59 20 6 1 1 0
4 6 1 7500.00 2.59 20 7 0 1 0
4 6 -1 7500.00 2.59 20 1 0 1 0
4 7 1 7500.00 2.59 20 15 0 1 0
4 7 -1 7500.00 2.59 20 2 0 1 0
4 8 1 7500.00 2.59 20 7 0 1 0
4 8 -1 7500.00 2.59 20 10 0 1 0
5 1 1 7500.00 2.59 20 1 1 1 1
5 1 -1 7500.00 2.59 20 1 1 1 1
5 2 1 7500.00 2.59 20 3 1 1 4
5 2 -1 7500.00 2.59 20 3 1 1 4
5 3 1 7500.00 2.59 20 6 1 1 1
5 3 -1 7500.00 2.59 20 14 1 1 1
5 4 1 7500.00 2.59 20 1 1 1 4
5 4 -1 7500.00 2.59 20 4 1 1 4
5 5 1 7500.00 2.59 20 11 1 1 4
5 5 -1 7500.00 2.59 20 10 1 1 4
5 6 1 7500.00 2.59 20 5 0 1 1
5 6 -1 7500.00 2.59 20 1 0 1 1
5 7 1 7500.00 2.59 20 12 0 1 0
5 7 -1 7500.00 2.59 20 3 0 1 0
5 8 1 7500.00 2.59 20 2 0 1 1
5 8 -1 7500.00 2.59 20 3 0 1 1
6 1 1 7500.00 2.59 20 9 1 1 0
6 1 -1 7500.00 2.59 20 1 1 1 0
6 2 1 7500.00 2.59 20 1 1 1 0
6 2 -1 7500.00 2.59 20 4 1 1 0
6 3 1 7500.00 2.59 20 9 1 1 0
6 3 -1 7500.00 2.59 20 10 1 1 0
6 4 1 7500.00 2.59 20 6 1 1 0
6 4 -1 7500.00 2.59 20 12 1 1 0
6 5 1 7500.00 2.59 20 2 1 1 0
6 5 -1 7500.00 2.59 20 8 1 1 0
6 6 1 7500.00 2.59 20 10 0 1 0
6 6 -1 7500.00 2.59 20 8 0 1 0
6 7 1 7500.00 2.59 20 5 0 1 0
6 7 -1 7500.00 2.59 20 13 0 1 0
6 8 1 7500.00 2.59 20 8 0 1 0
6 8 -1 7500.00 2.59 20 12 0 1 0
7 1 0 15000.00 2.59 40 1 1 1 4
7 2 0 15000.00 2.59 40 11 1 1 1
7 3 0 15000.00 2.59 40 10 1 1 4
7 4 0 15000.00 2.59 40 1 1 1 0
7 5 0 15000.00 2.59 40 1 1 1 4
7 6 0 15000.00 2.59 40 5 0 1 1
7 7 0 15000.00 2.59 40 11 0 1 4
7 8 0 15000.00 2.59 40 2 0 1 0
8 1 0 15000.00 2.59 40 4 1 1 0
8 2 0 15000.00 2.59 40 7 1 1 0
8 3 0 15000.00 2.59 40 11 1 1 0
8 4 0 15000.00 2.59 40 12 1 1 0
8 5 0 15000.00 2.59 40 14 1 1 0
8 6 0 15000.00 2.59 40 7 0 1 0
8 7 0 15000.00 2.59 40 9 0 1 0
8 8 0 15000.00 2.59 40 5 0 1 0
#STACKS
105000.00 18.13 1
120000.00 20.72 1
120000.00 20.72 1
120000.00 20.72 1
120000.00 20.72 1
120000.00 20.72 1
120000.00 20.72 1
120000.00 20.72 1
120000.00 20.72 1
120000.00 20.72 1
105000.00 18.13 1
#CELLS
1 0 0 0 0 0 1
1 1 1 1 1 1 1
1 1 1 1 1 1 1
1 1 1 1 1 1 1
1 1 1 1 1 1 1
1 0 0 1 1 1 1
1 0 0 1 1 1 1
1 0 0 1 1 1 1
2 1 1 1 1 1 1
2 1 1 1 1 1 1
2 1 1 1 1 1 1
2 1 1 1 1 1 1
2 1 1 1 1 1 1
2 0 0 1 1 1 1
2 0 0 1 1 1 1
2 0 0 1 1 1 1
3 1 1 1 1 1 1
3 1 1 1 1 1 1
3 1 1 1 1 1 1
3 1 1 1 1 1 1
3 1 1 1 1 1 1
3 0 0 1 1 1 1
3 0 0 1 1 1 1
3 0 0 1 1 1 1
4 1 1 1 1 1 1
4 1 1 1 1 1 1
4 1 1 1 1 1 1
4 1 1 1 1 1 1
4 1 1 1 1 1 1
4 0 0 1 1 1 1
4 0 0 1 1 1 1
4 0 0 1 1 1 1
5 1 1 1 1 1 1
5 1 1 1 1 1 1
5 1 1 1 1 1 1
5 1 1 1 1 1 1
5 1 1 1 1 1 1
5 0 0 1 1 1 1
5 0 0 1 1 1 1
5 0 0 1 1 1 1
6 1 1 1 1 1 1
6 1 1 1 1 1 1
6 1 1 1 1 1 1
6 1 1 1 1 1 1
6 1 1 1 1 1 1
6 0 0 1 1 1 1
6 0 0 1 1 1 1
6 0 0 1 1 1 1
7 1 1 1 1 1 1
7 1 1 1 1 1 1
7 1 1 1 1 1 1
7 1 1 1 1 1 1
7 1 1 1 1 1 1
7 0 0 1 1 1 1
7 0 0 1 1 1 1
7 0 0 1 1 1 1
8 1 1 1 1 1 1
8 1 1 1 1 1 1
8 1 1 1 1 1 1
8 1 1 1 1 1 1
8 1 1 1 1 1 1
8 0 0 1 1 1 1
8 0 0 1 1 1 1
8 0 0 1 1 1 1
9 1 1 1 1 1 1
9 1 1 1 1 1 1
9 1 1 1 1 1 1
9 1 1 1 1 1 1
9 1 1 1 1 1 1
9 0 0 1 1 1 1
9 0 0 1 1 1 1
9 0 0 1 1 1 1
10 1 1 1 1 1 1
10 1 1 1 1 1 1
10 1 1 1 1 1 1
10 1 1 1 1 1 1
10 1 1 1 1 1 1
10 0 0 1 1 1 1
10 0 0 1 1 1 1
10 0 0 1 1 1 1
11 0 0 0 0 0 1
11 1 1 1 1 1 1
11 1 1 1 1 1 1
11 1 1 1 1 1 1
11 1 1 1 1 1 1
11 0 0 1 1 1 1
11 0 0 1 1 1 1
11 0 0 1 1 1 1
#INFO-GEN
Namespace(bayType=4, francisco=True, meanPort=3, seed=3456, stdPort=11.889895101186168, target40=38, targetCapacity=75, targetHC=52, targetIMO=63, targetPorts=15, targetReefer=79, targetRelease=64, targetWeight=54)
