15 47 93 11 88 1 8
#POD
1 2 3 4 5 6 7 8 9 10 11 12 13 14 15
#LOCATIONS
1
#CONTAINERS_TOLOAD
0 0 0 11495.19 2.59 20 9 0 1 1
0 0 0 5698.90 2.59 20 14 0 1 1
0 0 0 7586.50 2.59 20 13 0 1 1
0 0 0 12186.24 2.59 20 9 0 1 1
0 0 0 4746.48 2.59 20 13 0 1 4
0 0 0 10859.24 2.59 20 4 0 1 4
0 0 0 4800.87 2.59 20 5 0 1 1
0 0 0 9526.08 2.59 20 8 0 1 1
0 0 0 7629.14 2.59 20 2 1 1 1
0 0 0 8065.81 2.59 20 15 1 1 1
0 0 0 8229.89 2.59 20 1 1 1 4
0 0 0 10644.10 2.59 20 1 1 1 4
0 0 0 5541.26 2.59 20 7 1 1 0
0 0 0 9287.10 2.59 20 10 1 1 0
0 0 0 6283.67 2.59 20 9 0 1 0
0 0 0 10904.80 2.59 20 6 0 1 0
0 0 0 6866.04 2.59 20 10 0 1 0
0 0 0 6994.35 2.59 20 11 0 1 0
0 0 0 12402.04 2.59 20 7 0 1 0
0 0 0 4168.01 2.59 20 8 0 1 0
0 0 0 11741.66 2.59 20 7 0 1 0
0 0 0 4340.87 2.59 20 9 0 1 0
0 0 0 10174.41 2.59 20 6 1 1 0
0 0 0 8178.41 2.59 20 10 1 1 0
0 0 0 8625.07 2.59 20 15 1 1 0
0 0 0 7766.09 2.59 20 5 1 1 0
0 0 0 8493.38 2.59 20 10 1 1 0
0 0 0 5861.45 2.59 20 11 1 1 0
0 0 0 12539.08 2.59 20 3 1 1 0
0 0 0 3776.45 2.59 20 13 1 1 0
0 0 0 7918.92 2.90 40 2 0 1 3
0 0 0 10010.41 2.90 40 8 0 1 4
0 0 0 6987.23 2.90 40 5 0 1 0
0 0 0 7529.11 2.59 40 3 0 1 0
0 0 0 10382.97 2.90 40 3 0 1 0
0 0 0 8661.78 2.90 40 3 0 1 0
0 0 0 6394.02 2.59 40 1 1 1 0
0 0 0 10310.02 2.59 40 10 1 1 0
0 0 0 5576.78 2.59 40 11 1 1 0
0 0 0 10724.26 2.90 40 6 1 1 0
0 0 0 5068.06 2.90 40 9 0 1 4
0 0 0 9366.02 2.59 40 8 0 1 0
0 0 0 9952.51 2.90 40 7 0 1 0
0 0 0 7051.43 2.90 40 7 0 1 4
0 0 0 7113.94 2.90 40 2 1 1 0
0 0 0 11537.16 2.59 40 1 1 1 0
0 0 0 3992.80 2.59 40 2 1 1 1
#CONTAINERS_LOADED
3 1 1 7500.00 2.59 20 8 1 1 0
3 1 -1 7500.00 2.59 20 4 1 1 0
3 2 1 7500.00 2.59 20 8 1 1 4
3 2 -1 7500.00 2.59 20 2 1 1 4
3 3 1 7500.00 2.59 20 14 1 1 3
3 3 -1 7500.00 2.59 20 1 1 1 3
3 4 1 7500.00 2.59 20 5 1 1 4
3 4 -1 7500.00 2.59 20 14 1 1 4
3 5 1 7500.00 2.59 20 7 1 1 0
3 5 -1 7500.00 2.59 20 8 1 1 0
3 6 1 7500.00 2.59 20 8 0 1 4
3 6 -1 7500.00 2.59 20 6 0 1 4
3 7 1 7500.00 2.59 20 4 0 1 4
3 7 -1 7500.00 2.59 20 5 0 1 4
3 8 1 7500.00 2.59 20 1 0 1 3
3 8 -1 7500.00 2.59 20 14 0 1 3
4 1 1 7500.00 2.59 20 2 1 1 0
4 1 -1 7500.00 2.59 20 10 1 1 0
4 2 1 7500.00 2.59 20 5 1 1 0
4 2 -1 7500.00 2.59 20 7 1 1 0
4 3 1 7500.00 2.59 20 9 1 1 0
4 3 -1 7500.00 2.59 20 14 1 1 0
4 4 1 7500.00 2.59 20 1 1 1 0
4 4 -1 7500.00 2.59 20 3 1 1 0
4 5 1 7500.00 2.59 20 3 1 1 0
4 5 -1 7500.00 2.59 20 1 1 1 0
4 6 1 7500.00 2.59 20 13 0 1 0
4 6 -1 7500.00 2.59 20 7 0 1 0
4 7 1 7500.00 2.59 20 7 0 1 0
4 7 -1 7500.00 2.59 20 6 0 1 0
4 8 1 7500.00 2.59 20 5 0 1 0
4 8 -1 7500.00 2.59 20 11 0 1 0
5 1 1 7500.00 2.59 20 6 1 1 0
5 1 -1 7500.00 2.59 20 7 1 1 0
5 2 1 7500.00 2.59 20 10 1 1 3
5 2 -1 7500.00 2.59 20 2 1 1 3
5 3 1 7500.00 2.59 20 15 1 1 3
5 3 -1 7500.00 2.59 20 11 1 1 3
5 4 1 7500.00 2.59 20 13 1 1 4
5 4 -1 7500.00 2.59 20 13 1 1 4
5 5 1 7500.00 2.59 20 5 1 1 0
5 5 -1 7500.00 2.59 20 12 1 1 0
5 6 1 7500.00 2.59 20 5 0 1 3
5 6 -1 7500.00 2.59 20 12 0 1 3
5 7 1 7500.00 2.59 20 1 0 1 3
5 7 -1 7500.00 2.59 20 9 0 1 3
5 8 1 7500.00 2.59 20 6 0 1 3
5 8 -1 7500.00 2.59 20 10 0 1 3
6 1 1 7500.00 2.59 20 10 1 1 0
6 1 -1 7500.00 2.59 20 4 1 1 0
6 2 1 7500.00 2.59 20 6 1 1 0
6 2 -1 7500.00 2.59 20 14 1 1 0
6 3 1 7500.00 2.59 20 4 1 1 0
6 3 -1 7500.00 2.59 20 5 1 1 0
6 4 1 7500.00 2.59 20 1 1 1 0
6 4 -1 7500.00 2.59 20 14 1 1 0
6 5 1 7500.00 2.59 20 2 1 1 0
6 5 -1 7500.00 2.59 20 6 1 1 0
6 6 1 7500.00 2.59 20 13 0 1 0
6 6 -1 7500.00 2.59 20 11 0 1 0
6 7 1 7500.00 2.59 20 10 0 1 0
6 7 -1 7500.00 2.59 20 14 0 1 0
6 8 1 7500.00 2.59 20 7 0 1 0
6 8 -1 7500.00 2.59 20 7 0 1 0
7 1 1 7500.00 2.59 20 10 1 1 4
7 1 -1 7500.00 2.59 20 8 1 1 4
7 2 1 7500.00 2.59 20 6 1 1 3
7 2 -1 7500.00 2.59 20 10 1 1 3
7 3 1 7500.00 2.59 20 10 1 1 3
7 3 -1 7500.00 2.59 20 5 1 1 3
7 4 1 7500.00 2.59 20 11 1 1 0
7 4 -1 7500.00 2.59 20 2 1 1 0
7 5 1 7500.00 2.59 20 4 1 1 4
7 5 -1 7500.00 2.59 20 8 1 1 4
7 6 1 7500.00 2.59 20 15 0 1 3
7 6 -1 7500.00 2.59 20 9 0 1 3
7 7 1 7500.00 2.59 20 14 0 1 3
7 7 -1 7500.00 2.59 20 12 0 1 3
7 8 0 15000.00 2.59 40 6 0 1 3
8 1 0 15000.00 2.59 40 7 1 1 0
8 2 0 15000.00 2.59 40 9 1 1 0
8 3 0 15000.00 2.59 40 9 1 1 0
8 4 0 15000.00 2.59 40 2 1 1 0
8 5 0 15000.00 2.59 40 5 1 1 0
8 6 0 15000.00 2.59 40 6 0 1 0
8 7 0 15000.00 2.59 40 3 0 1 0
8 8 0 15000.00 2.59 40 12 0 1 0
9 1 0 15000.00 2.59 40 11 1 1 0
9 2 0 15000.00 2.59 40 15 1 1 3
9 3 0 15000.00 2.59 40 6 1 1 3
9 4 0 15000.00 2.59 40 4 1 1 0
9 5 0 15000.00 2.59 40 4 1 1 3
9 6 0 15000.00 2.59 40 5 0 1 3
#STACKS
105000.00 18.13 1
120000.00 20.72 1
120000.00 20.72 1
120000.00 20.72 1
120000.00 20.72 1
120000.00 20.72 1
120000.00 20.72 1
120000.00 20.72 1
120000.00 20.72 1
120000.00 20.72 1
105000.00 18.13 1
#CELLS
1 0 0 0 0 0 1
1 1 1 1 1 1 1
1 1 1 1 1 1 1
1 1 1 1 1 1 1
1 1 1 1 1 1 1
1 0 0 1 1 1 1
1 0 0 1 1 1 1
1 0 0 1 1 1 1
2 1 1 1 1 1 1
2 1 1 1 1 1 1
2 1 1 1 1 1 1
2 1 1 1 1 1 1
2 1 1 1 1 1 1
2 0 0 1 1 1 1
2 0 0 1 1 1 1
2 0 0 1 1 1 1
3 1 1 1 1 1 1
3 1 1 1 1 1 1
3 1 1 1 1 1 1
3 1 1 1 1 1 1
3 1 1 1 1 1 1
3 0 0 1 1 1 1
3 0 0 1 1 1 1
3 0 0 1 1 1 1
4 1 1 1 1 1 1
4 1 1 1 1 1 1
4 1 1 1 1 1 1
4 1 1 1 1 1 1
4 1 1 1 1 1 1
4 0 0 1 1 1 1
4 0 0 1 1 1 1
4 0 0 1 1 1 1
5 1 1 1 1 1 1
5 1 1 1 1 1 1
5 1 1 1 1 1 1
5 1 1 1 1 1 1
5 1 1 1 1 1 1
5 0 0 1 1 1 1
5 0 0 1 1 1 1
5 0 0 1 1 1 1
6 1 1 1 1 1 1
6 1 1 1 1 1 1
6 1 1 1 1 1 1
6 1 1 1 1 1 1
6 1 1 1 1 1 1
6 0 0 1 1 1 1
6 0 0 1 1 1 1
6 0 0 1 1 1 1
7 1 1 1 1 1 1
7 1 1 1 1 1 1
7 1 1 1 1 1 1
7 1 1 1 1 1 1
7 1 1 1 1 1 1
7 0 0 1 1 1 1
7 0 0 1 1 1 1
7 0 0 1 1 1 1
8 1 1 1 1 1 1
8 1 1 1 1 1 1
8 1 1 1 1 1 1
8 1 1 1 1 1 1
8 1 1 1 1 1 1
8 0 0 1 1 1 1
8 0 0 1 1 1 1
8 0 0 1 1 1 1
9 1 1 1 1 1 1
9 1 1 1 1 1 1
9 1 1 1 1 1 1
9 1 1 1 1 1 1
9 1 1 1 1 1 1
9 0 0 1 1 1 1
9 0 0 1 1 1 1
9 0 0 1 1 1 1
10 1 1 1 1 1 1
10 1 1 1 1 1 1
10 1 1 1 1 1 1
10 1 1 1 1 1 1
10 1 1 1 1 1 1
10 0 0 1 1 1 1
10 0 0 1 1 1 1
10 0 0 1 1 1 1
11 0 0 0 0 0 1
11 1 1 1 1 1 1
11 1 1 1 1 1 1
11 1 1 1 1 1 1
11 1 1 1 1 1 1
11 0 0 1 1 1 1
11 0 0 1 1 1 1
11 0 0 1 1 1 1
#INFO-GEN
Namespace(bayType=4, francisco=True, meanPort=3, seed=3456, stdPort=11.889895101186168, target40=38, targetCapacity=100, targetHC=52, targetIMO=63, targetPorts=15, targetReefer=79, targetRelease=64, targetWeight=80)
