7 49 24 11 88 1 8
#POD
1 2 3 4 5 6 7
#LOCATIONS
1
#CONTAINERS_TOLOAD
0 0 0 17076.83 2.59 20 1 0 1 2
0 0 0 26073.55 2.59 20 1 0 1 2
0 0 0 5714.04 2.59 20 4 1 1 0
0 0 0 15669.10 2.59 20 2 1 1 0
0 0 0 25235.64 2.59 20 5 1 1 0
0 0 0 6314.19 2.59 20 7 1 1 0
0 0 0 23759.71 2.59 20 3 0 1 0
0 0 0 9072.49 2.59 20 7 0 1 0
0 0 0 18331.51 2.59 20 2 0 1 0
0 0 0 17194.54 2.59 20 5 0 1 0
0 0 0 12495.35 2.59 20 7 0 1 0
0 0 0 20910.53 2.59 20 3 0 1 0
0 0 0 11246.96 2.59 20 3 0 1 0
0 0 0 16010.39 2.59 20 6 0 1 0
0 0 0 13793.01 2.59 20 6 0 1 0
0 0 0 22554.90 2.59 20 5 0 1 0
0 0 0 8483.75 2.59 20 6 0 1 0
0 0 0 17485.06 2.59 20 5 0 1 0
0 0 0 17710.15 2.59 20 4 0 1 0
0 0 0 16378.00 2.59 20 4 0 1 0
0 0 0 12995.88 2.59 20 5 1 1 0
0 0 0 22430.99 2.59 20 2 1 1 0
0 0 0 11186.46 2.59 20 6 0 1 0
0 0 0 15363.47 2.59 20 4 0 1 0
0 0 0 22509.40 2.59 20 5 0 1 0
0 0 0 7837.65 2.59 20 4 0 1 0
0 0 0 21679.23 2.59 20 4 0 1 0
0 0 0 10534.24 2.59 20 2 0 1 0
0 0 0 18727.72 2.59 20 4 0 1 0
0 0 0 16848.90 2.59 20 2 0 1 0
0 0 0 10371.62 2.59 40 3 0 1 4
0 0 0 25510.96 2.59 40 6 0 1 0
0 0 0 6625.69 2.59 40 7 0 1 0
0 0 0 15705.70 2.59 40 7 0 1 0
0 0 0 22612.65 2.59 40 5 0 1 0
0 0 0 11662.26 2.59 20 6 0 1 0
0 0 0 21664.95 2.59 20 1 0 1 0
0 0 0 6970.20 2.59 20 3 0 1 1
0 0 0 21201.03 2.59 20 6 0 1 1
0 0 0 13903.04 2.59 20 7 1 1 0
0 0 0 18764.91 2.59 20 6 1 1 0
0 0 0 10766.50 2.59 40 5 0 1 0
0 0 0 17499.18 2.59 40 4 0 1 0
0 0 0 21133.33 2.59 40 7 0 1 0
0 0 0 9038.56 2.90 40 7 0 1 0
0 0 0 19640.56 2.59 40 2 0 1 0
0 0 0 16487.04 2.59 40 3 0 1 0
0 0 0 11543.50 2.90 40 3 0 1 0
0 0 0 14267.68 2.90 40 1 1 1 0
#CONTAINERS_LOADED
5 1 1 7500.00 2.59 20 4 1 1 0
5 1 -1 7500.00 2.59 20 3 1 1 0
5 2 1 7500.00 2.59 20 2 1 1 2
5 2 -1 7500.00 2.59 20 5 1 1 2
5 3 1 7500.00 2.59 20 3 1 1 0
5 3 -1 7500.00 2.59 20 4 1 1 0
5 4 1 7500.00 2.59 20 3 1 1 0
5 4 -1 7500.00 2.59 20 4 1 1 0
6 1 1 7500.00 2.59 20 6 1 1 0
6 1 -1 7500.00 2.59 20 1 1 1 0
6 2 1 7500.00 2.59 20 7 1 1 0
6 2 -1 7500.00 2.59 20 6 1 1 0
6 3 1 7500.00 2.59 20 6 1 1 0
6 3 -1 7500.00 2.59 20 7 1 1 0
6 4 1 7500.00 2.59 20 5 1 1 0
6 4 -1 7500.00 2.59 20 4 1 1 0
6 5 1 7500.00 2.59 20 6 1 1 0
6 5 -1 7500.00 2.59 20 5 1 1 0
6 6 1 7500.00 2.59 20 2 0 1 0
6 6 -1 7500.00 2.59 20 4 0 1 0
6 7 1 7500.00 2.59 20 3 0 1 0
6 7 -1 7500.00 2.59 20 4 0 1 0
6 8 1 7500.00 2.59 20 5 0 1 0
6 8 -1 7500.00 2.59 20 3 0 1 0
#STACKS
105000.00 18.13 1
120000.00 20.72 1
120000.00 20.72 1
120000.00 20.72 1
120000.00 20.72 1
120000.00 20.72 1
120000.00 20.72 1
120000.00 20.72 1
120000.00 20.72 1
120000.00 20.72 1
105000.00 18.13 1
#CELLS
1 0 0 0 0 0 1
1 1 1 1 1 1 1
1 1 1 1 1 1 1
1 1 1 1 1 1 1
1 1 1 1 1 1 1
1 0 0 1 1 1 1
1 0 0 1 1 1 1
1 0 0 1 1 1 1
2 1 1 1 1 1 1
2 1 1 1 1 1 1
2 1 1 1 1 1 1
2 1 1 1 1 1 1
2 1 1 1 1 1 1
2 0 0 1 1 1 1
2 0 0 1 1 1 1
2 0 0 1 1 1 1
3 1 1 1 1 1 1
3 1 1 1 1 1 1
3 1 1 1 1 1 1
3 1 1 1 1 1 1
3 1 1 1 1 1 1
3 0 0 1 1 1 1
3 0 0 1 1 1 1
3 0 0 1 1 1 1
4 1 1 1 1 1 1
4 1 1 1 1 1 1
4 1 1 1 1 1 1
4 1 1 1 1 1 1
4 1 1 1 1 1 1
4 0 0 1 1 1 1
4 0 0 1 1 1 1
4 0 0 1 1 1 1
5 1 1 1 1 1 1
5 1 1 1 1 1 1
5 1 1 1 1 1 1
5 1 1 1 1 1 1
5 1 1 1 1 1 1
5 0 0 1 1 1 1
5 0 0 1 1 1 1
5 0 0 1 1 1 1
6 1 1 1 1 1 1
6 1 1 1 1 1 1
6 1 1 1 1 1 1
6 1 1 1 1 1 1
6 1 1 1 1 1 1
6 0 0 1 1 1 1
6 0 0 1 1 1 1
6 0 0 1 1 1 1
7 1 1 1 1 1 1
7 1 1 1 1 1 1
7 1 1 1 1 1 1
7 1 1 1 1 1 1
7 1 1 1 1 1 1
7 0 0 1 1 1 1
7 0 0 1 1 1 1
7 0 0 1 1 1 1
8 1 1 1 1 1 1
8 1 1 1 1 1 1
8 1 1 1 1 1 1
8 1 1 1 1 1 1
8 1 1 1 1 1 1
8 0 0 1 1 1 1
8 0 0 1 1 1 1
8 0 0 1 1 1 1
9 1 1 1 1 1 1
9 1 1 1 1 1 1
9 1 1 1 1 1 1
9 1 1 1 1 1 1
9 1 1 1 1 1 1
9 0 0 1 1 1 1
9 0 0 1 1 1 1
9 0 0 1 1 1 1
10 1 1 1 1 1 1
10 1 1 1 1 1 1
10 1 1 1 1 1 1
10 1 1 1 1 1 1
10 1 1 1 1 1 1
10 0 0 1 1 1 1
10 0 0 1 1 1 1
10 0 0 1 1 1 1
11 0 0 0 0 0 1
11 1 1 1 1 1 1
11 1 1 1 1 1 1
11 1 1 1 1 1 1
11 1 1 1 1 1 1
11 0 0 1 1 1 1
11 0 0 1 1 1 1
11 0 0 1 1 1 1
#INFO-GEN
Namespace(bayType=4, francisco=True, meanPort=6, seed=2344, stdPort=5.201965974440161, target40=31, targetCapacity=50, targetHC=21, targetIMO=18, targetPorts=7, targetReefer=30, targetRelease=30, targetWeight=70)
