7 73 36 11 88 1 8
#POD
1 2 3 4 5 6 7
#LOCATIONS
1
#CONTAINERS_TOLOAD
0 0 0 8281.68 2.59 20 7 0 1 0
0 0 0 11657.29 2.59 20 2 0 1 0
0 0 0 4018.32 2.59 20 5 0 1 0
0 0 0 7753.50 2.59 20 7 0 1 0
0 0 0 11342.91 2.59 20 3 0 1 0
0 0 0 4243.50 2.59 20 3 0 1 0
0 0 0 10789.13 2.59 20 6 0 1 0
0 0 0 5278.42 2.59 20 6 0 1 0
0 0 0 8752.44 2.59 20 5 0 1 0
0 0 0 8325.85 2.59 20 6 0 1 0
0 0 0 6562.70 2.59 20 5 0 1 0
0 0 0 9720.11 2.59 20 4 0 1 0
0 0 0 6094.29 2.59 20 4 1 1 0
0 0 0 7881.55 2.59 20 5 1 1 0
0 0 0 7049.58 2.59 20 2 1 1 0
0 0 0 10337.08 2.59 20 6 1 1 0
0 0 0 5057.53 2.59 20 4 0 1 0
0 0 0 8434.85 2.59 20 5 0 1 0
0 0 0 8519.31 2.59 20 4 0 1 0
0 0 0 8019.48 2.59 20 4 0 1 0
0 0 0 6750.50 2.59 20 2 0 1 0
0 0 0 10290.59 2.59 20 4 0 1 0
0 0 0 6071.59 2.59 20 2 0 1 0
0 0 0 7638.83 2.59 20 3 0 1 0
0 0 0 10320.01 2.59 20 6 0 1 0
0 0 0 4815.11 2.59 20 7 0 1 0
0 0 0 10008.53 2.59 20 7 0 1 0
0 0 0 5826.88 2.59 20 5 0 1 0
0 0 0 8901.11 2.59 20 6 1 1 0
0 0 0 8196.17 2.59 20 1 1 1 0
0 0 0 5765.86 2.59 20 3 1 1 0
0 0 0 11446.21 2.59 20 6 1 1 0
0 0 0 4360.38 2.59 20 7 0 1 0
0 0 0 7767.23 2.59 20 6 0 1 0
0 0 0 10358.75 2.59 20 5 0 1 0
0 0 0 6250.12 2.59 20 4 0 1 0
0 0 0 10003.17 2.59 20 7 0 1 0
0 0 0 4489.64 2.59 20 7 0 1 0
0 0 0 9829.10 2.59 20 2 0 1 0
0 0 0 7090.87 2.59 20 3 0 1 0
0 0 0 8915.06 2.59 20 3 0 1 0
0 0 0 5914.02 2.59 20 1 0 1 0
0 0 0 8440.15 2.59 20 4 0 1 0
0 0 0 9803.70 2.59 20 3 0 1 0
0 0 0 5265.69 2.59 20 2 1 1 0
0 0 0 9243.61 2.59 20 5 1 1 0
0 0 0 8060.39 2.59 20 3 1 1 0
0 0 0 6205.56 2.59 20 4 1 1 0
0 0 0 8184.60 2.59 40 3 0 1 1
0 0 0 9268.47 2.59 40 4 0 1 0
0 0 0 6095.26 2.59 40 6 0 1 0
0 0 0 8124.50 2.59 20 1 0 1 0
0 0 0 7396.76 2.59 20 7 0 1 0
0 0 0 7519.15 2.59 20 6 0 1 0
0 0 0 9527.56 2.59 20 6 0 1 0
0 0 0 6289.28 2.59 20 7 0 1 4
0 0 0 9253.89 2.59 20 5 0 1 4
0 0 0 6199.54 2.59 40 4 0 1 0
0 0 0 11817.29 2.90 40 6 0 1 0
0 0 0 4052.17 2.90 40 5 0 1 0
0 0 0 8429.19 2.59 40 2 0 1 0
0 0 0 6971.09 2.59 40 4 0 1 0
0 0 0 10993.43 2.59 40 3 0 1 0
0 0 0 4535.50 2.59 40 4 0 1 0
0 0 0 9965.24 2.59 40 5 1 1 0
0 0 0 6513.02 2.90 40 3 0 1 0
0 0 0 7584.39 2.59 40 3 0 1 3
0 0 0 9890.16 2.59 40 3 0 1 0
0 0 0 6018.99 2.59 40 7 0 1 0
0 0 0 9122.78 2.59 40 7 0 1 0
0 0 0 5982.15 2.59 40 7 0 1 3
0 0 0 7847.35 2.59 40 4 0 1 3
0 0 0 7421.93 2.59 40 4 1 1 3
#CONTAINERS_LOADED
5 1 1 7500.00 2.59 20 1 1 1 0
5 1 -1 7500.00 2.59 20 7 1 1 0
5 2 1 7500.00 2.59 20 5 1 1 0
5 2 -1 7500.00 2.59 20 5 1 1 0
5 3 1 7500.00 2.59 20 5 1 1 0
5 3 -1 7500.00 2.59 20 1 1 1 0
5 4 1 7500.00 2.59 20 5 1 1 0
5 4 -1 7500.00 2.59 20 6 1 1 0
5 5 1 7500.00 2.59 20 2 1 1 0
5 5 -1 7500.00 2.59 20 3 1 1 0
5 6 1 7500.00 2.59 20 5 0 1 2
5 6 -1 7500.00 2.59 20 5 0 1 2
5 7 1 7500.00 2.59 20 6 0 1 0
5 7 -1 7500.00 2.59 20 6 0 1 0
5 8 1 7500.00 2.59 20 2 0 1 0
5 8 -1 7500.00 2.59 20 2 0 1 0
6 1 1 7500.00 2.59 20 6 1 1 0
6 1 -1 7500.00 2.59 20 1 1 1 0
6 2 1 7500.00 2.59 20 4 1 1 0
6 2 -1 7500.00 2.59 20 4 1 1 0
6 3 1 7500.00 2.59 20 5 1 1 0
6 3 -1 7500.00 2.59 20 2 1 1 0
6 4 1 7500.00 2.59 20 7 1 1 0
6 4 -1 7500.00 2.59 20 3 1 1 0
6 5 1 7500.00 2.59 20 6 1 1 0
6 5 -1 7500.00 2.59 20 2 1 1 0
6 6 1 7500.00 2.59 20 7 0 1 0
6 6 -1 7500.00 2.59 20 2 0 1 0
6 7 1 7500.00 2.59 20 7 0 1 0
6 7 -1 7500.00 2.59 20 4 0 1 0
6 8 1 7500.00 2.59 20 4 0 1 0
6 8 -1 7500.00 2.59 20 4 0 1 0
7 1 1 7500.00 2.59 20 6 1 1 0
7 1 -1 7500.00 2.59 20 2 1 1 0
7 2 1 7500.00 2.59 20 3 1 1 0
7 2 -1 7500.00 2.59 20 4 1 1 0
#STACKS
105000.00 18.13 1
120000.00 20.72 1
120000.00 20.72 1
120000.00 20.72 1
120000.00 20.72 1
120000.00 20.72 1
120000.00 20.72 1
120000.00 20.72 1
120000.00 20.72 1
120000.00 20.72 1
105000.00 18.13 1
#CELLS
1 0 0 0 0 0 1
1 1 1 1 1 1 1
1 1 1 1 1 1 1
1 1 1 1 1 1 1
1 1 1 1 1 1 1
1 0 0 1 1 1 1
1 0 0 1 1 1 1
1 0 0 1 1 1 1
2 1 1 1 1 1 1
2 1 1 1 1 1 1
2 1 1 1 1 1 1
2 1 1 1 1 1 1
2 1 1 1 1 1 1
2 0 0 1 1 1 1
2 0 0 1 1 1 1
2 0 0 1 1 1 1
3 1 1 1 1 1 1
3 1 1 1 1 1 1
3 1 1 1 1 1 1
3 1 1 1 1 1 1
3 1 1 1 1 1 1
3 0 0 1 1 1 1
3 0 0 1 1 1 1
3 0 0 1 1 1 1
4 1 1 1 1 1 1
4 1 1 1 1 1 1
4 1 1 1 1 1 1
4 1 1 1 1 1 1
4 1 1 1 1 1 1
4 0 0 1 1 1 1
4 0 0 1 1 1 1
4 0 0 1 1 1 1
5 1 1 1 1 1 1
5 1 1 1 1 1 1
5 1 1 1 1 1 1
5 1 1 1 1 1 1
5 1 1 1 1 1 1
5 0 0 1 1 1 1
5 0 0 1 1 1 1
5 0 0 1 1 1 1
6 1 1 1 1 1 1
6 1 1 1 1 1 1
6 1 1 1 1 1 1
6 1 1 1 1 1 1
6 1 1 1 1 1 1
6 0 0 1 1 1 1
6 0 0 1 1 1 1
6 0 0 1 1 1 1
7 1 1 1 1 1 1
7 1 1 1 1 1 1
7 1 1 1 1 1 1
7 1 1 1 1 1 1
7 1 1 1 1 1 1
7 0 0 1 1 1 1
7 0 0 1 1 1 1
7 0 0 1 1 1 1
8 1 1 1 1 1 1
8 1 1 1 1 1 1
8 1 1 1 1 1 1
8 1 1 1 1 1 1
8 1 1 1 1 1 1
8 0 0 1 1 1 1
8 0 0 1 1 1 1
8 0 0 1 1 1 1
9 1 1 1 1 1 1
9 1 1 1 1 1 1
9 1 1 1 1 1 1
9 1 1 1 1 1 1
9 1 1 1 1 1 1
9 0 0 1 1 1 1
9 0 0 1 1 1 1
9 0 0 1 1 1 1
10 1 1 1 1 1 1
10 1 1 1 1 1 1
10 1 1 1 1 1 1
10 1 1 1 1 1 1
10 1 1 1 1 1 1
10 0 0 1 1 1 1
10 0 0 1 1 1 1
10 0 0 1 1 1 1
11 0 0 0 0 0 1
11 1 1 1 1 1 1
11 1 1 1 1 1 1
11 1 1 1 1 1 1
11 1 1 1 1 1 1
11 0 0 1 1 1 1
11 0 0 1 1 1 1
11 0 0 1 1 1 1
#INFO-GEN
Namespace(bayType=4, francisco=True, meanPort=6, seed=2344, stdPort=5.201965974440161, target40=31, targetCapacity=75, targetHC=21, targetIMO=18, targetPorts=7, targetReefer=30, targetRelease=30, targetWeight=56)
