7 96 50 11 88 1 8
#POD
1 2 3 4 5 6 7
#LOCATIONS
1
#CONTAINERS_TOLOAD
0 0 0 8271.83 2.59 20 3 0 1 2
0 0 0 11641.14 2.59 20 1 0 1 2
0 0 0 4016.42 2.59 20 5 0 1 0
0 0 0 7744.63 2.59 20 3 0 1 0
0 0 0 11327.34 2.59 20 2 0 1 2
0 0 0 4241.18 2.59 20 5 0 1 2
0 0 0 10774.60 2.59 20 6 0 1 0
0 0 0 5274.17 2.59 20 2 0 1 0
0 0 0 8741.71 2.59 20 2 0 1 2
0 0 0 8315.91 2.59 20 1 0 1 2
0 0 0 6556.05 2.59 20 2 0 1 0
0 0 0 9707.57 2.59 20 7 0 1 0
0 0 0 6088.52 2.59 20 4 1 1 0
0 0 0 7872.44 2.59 20 2 1 1 0
0 0 0 7042.03 2.59 20 4 0 1 0
0 0 0 10323.39 2.59 20 1 0 1 0
0 0 0 5053.69 2.59 20 4 0 1 0
0 0 0 8424.71 2.59 20 2 0 1 0
0 0 0 8509.01 2.59 20 7 0 1 0
0 0 0 8010.12 2.59 20 6 0 1 0
0 0 0 6743.50 2.59 20 4 0 1 0
0 0 0 10276.99 2.59 20 5 0 1 0
0 0 0 6065.86 2.59 20 7 0 1 0
0 0 0 7630.17 2.59 20 7 0 1 0
0 0 0 10306.35 2.59 20 6 0 1 0
0 0 0 4811.72 2.59 20 7 0 1 0
0 0 0 9995.45 2.59 20 5 1 1 0
0 0 0 5821.60 2.59 20 6 1 1 0
0 0 0 8890.10 2.59 20 3 1 1 0
0 0 0 8186.47 2.59 20 3 1 1 0
0 0 0 5760.70 2.59 20 4 0 1 0
0 0 0 11430.45 2.59 20 1 0 1 0
0 0 0 4357.84 2.59 20 2 0 1 0
0 0 0 7758.34 2.59 20 5 0 1 0
0 0 0 10345.02 2.59 20 3 0 1 0
0 0 0 6244.05 2.59 20 2 0 1 0
0 0 0 9990.10 2.59 20 4 0 1 0
0 0 0 4486.86 2.59 20 5 0 1 0
0 0 0 9816.36 2.59 20 5 0 1 0
0 0 0 7083.23 2.59 20 3 0 1 0
0 0 0 8904.02 2.59 20 1 0 1 0
0 0 0 5908.59 2.59 20 6 0 1 0
0 0 0 8430.00 2.59 20 5 1 1 0
0 0 0 9791.01 2.59 20 6 1 1 0
0 0 0 5261.47 2.59 20 1 1 1 0
0 0 0 9231.96 2.59 20 4 1 1 0
0 0 0 8050.95 2.59 20 3 0 1 0
0 0 0 6199.58 2.59 20 6 0 1 0
0 0 0 8174.93 2.59 20 6 0 1 0
0 0 0 9256.78 2.59 20 6 0 1 0
0 0 0 6089.49 2.59 20 5 0 1 0
0 0 0 8114.94 2.59 20 6 0 1 0
0 0 0 7388.56 2.59 20 6 0 1 0
0 0 0 7510.72 2.59 20 6 0 1 0
0 0 0 9515.38 2.59 20 5 0 1 0
0 0 0 6283.14 2.59 20 6 0 1 0
0 0 0 9242.22 2.59 20 7 0 1 0
0 0 0 6193.57 2.59 20 5 0 1 0
0 0 0 11800.84 2.59 20 4 1 1 0
0 0 0 4050.21 2.59 20 1 1 1 0
0 0 0 8419.06 2.59 40 6 0 1 0
0 0 0 6963.68 2.59 40 1 0 1 0
0 0 0 10978.51 2.59 40 5 0 1 0
0 0 0 4532.63 2.59 20 4 0 1 0
0 0 0 9952.24 2.59 20 1 0 1 0
0 0 0 6506.46 2.59 20 4 0 1 0
0 0 0 7575.84 2.59 20 2 0 1 0
0 0 0 9877.30 2.59 20 4 0 1 0
0 0 0 6013.36 2.59 20 7 0 1 0
0 0 0 9111.36 2.59 20 1 1 1 0
0 0 0 5976.59 2.59 20 4 1 1 0
0 0 0 7838.30 2.59 20 5 1 1 0
0 0 0 7845.56 2.59 20 2 1 1 0
0 0 0 10309.97 2.59 40 5 0 1 0
0 0 0 4984.21 2.59 40 7 0 1 0
0 0 0 8169.84 2.59 40 7 0 1 0
0 0 0 10048.42 2.90 40 5 0 1 0
0 0 0 6442.16 2.59 40 5 0 1 0
0 0 0 9340.59 2.59 40 2 0 1 0
0 0 0 5918.87 2.59 40 2 1 1 0
0 0 0 6995.18 2.59 40 6 1 1 0
0 0 0 8199.68 2.59 40 2 0 1 0
0 0 0 11144.74 2.59 40 6 0 1 0
0 0 0 4636.14 2.59 40 3 0 1 0
0 0 0 9191.62 2.90 40 3 0 1 0
0 0 0 7347.90 2.59 40 5 0 1 0
0 0 0 8025.06 2.90 40 3 0 1 0
0 0 0 6159.77 2.59 40 7 0 1 0
0 0 0 8983.70 2.59 40 4 1 1 0
0 0 0 9845.41 2.59 40 1 0 1 4
0 0 0 5339.34 2.59 40 7 0 1 0
0 0 0 9025.97 2.59 40 4 0 1 0
0 0 0 5864.22 2.59 40 7 0 1 0
0 0 0 10958.34 2.59 40 1 0 1 0
0 0 0 5913.54 2.59 40 2 0 1 3
0 0 0 6468.46 2.59 40 5 0 1 0
#CONTAINERS_LOADED
4 1 1 7500.00 2.59 20 3 1 1 0
4 1 -1 7500.00 2.59 20 5 1 1 0
5 1 1 7500.00 2.59 20 6 1 1 0
5 1 -1 7500.00 2.59 20 3 1 1 0
5 2 1 7500.00 2.59 20 5 1 1 0
5 2 -1 7500.00 2.59 20 1 1 1 0
5 3 1 7500.00 2.59 20 2 1 1 0
5 3 -1 7500.00 2.59 20 4 1 1 0
5 4 1 7500.00 2.59 20 6 1 1 0
5 4 -1 7500.00 2.59 20 5 1 1 0
5 5 1 7500.00 2.59 20 7 1 1 0
5 5 -1 7500.00 2.59 20 6 1 1 0
5 6 1 7500.00 2.59 20 2 0 1 0
5 6 -1 7500.00 2.59 20 7 0 1 0
5 7 1 7500.00 2.59 20 3 0 1 2
5 7 -1 7500.00 2.59 20 6 0 1 2
5 8 1 7500.00 2.59 20 4 0 1 2
5 8 -1 7500.00 2.59 20 3 0 1 2
6 1 1 7500.00 2.59 20 5 1 1 0
6 1 -1 7500.00 2.59 20 7 1 1 0
6 2 1 7500.00 2.59 20 7 1 1 0
6 2 -1 7500.00 2.59 20 4 1 1 0
6 3 1 7500.00 2.59 20 4 1 1 0
6 3 -1 7500.00 2.59 20 1 1 1 0
6 4 1 7500.00 2.59 20 1 1 1 0
6 4 -1 7500.00 2.59 20 6 1 1 0
6 5 1 7500.00 2.59 20 1 1 1 0
6 5 -1 7500.00 2.59 20 5 1 1 0
6 6 1 7500.00 2.59 20 5 0 1 0
6 6 -1 7500.00 2.59 20 2 0 1 0
6 7 1 7500.00 2.59 20 2 0 1 0
6 7 -1 7500.00 2.59 20 2 0 1 0
6 8 1 7500.00 2.59 20 4 0 1 0
6 8 -1 7500.00 2.59 20 6 0 1 0
7 1 1 7500.00 2.59 20 7 1 1 4
7 1 -1 7500.00 2.59 20 6 1 1 4
7 2 1 7500.00 2.59 20 3 1 1 0
7 2 -1 7500.00 2.59 20 2 1 1 0
7 3 1 7500.00 2.59 20 4 1 1 0
7 3 -1 7500.00 2.59 20 4 1 1 0
7 4 1 7500.00 2.59 20 3 1 1 0
7 4 -1 7500.00 2.59 20 4 1 1 0
7 5 1 7500.00 2.59 20 6 1 1 0
7 5 -1 7500.00 2.59 20 4 1 1 0
7 6 1 7500.00 2.59 20 6 0 1 0
7 6 -1 7500.00 2.59 20 7 0 1 0
7 7 1 7500.00 2.59 20 7 0 1 0
7 7 -1 7500.00 2.59 20 5 0 1 0
7 8 1 7500.00 2.59 20 5 0 1 0
7 8 -1 7500.00 2.59 20 5 0 1 0
#STACKS
105000.00 18.13 1
120000.00 20.72 1
120000.00 20.72 1
120000.00 20.72 1
120000.00 20.72 1
120000.00 20.72 1
120000.00 20.72 1
120000.00 20.72 1
120000.00 20.72 1
120000.00 20.72 1
105000.00 18.13 1
#CELLS
1 0 0 0 0 0 1
1 1 1 1 1 1 1
1 1 1 1 1 1 1
1 1 1 1 1 1 1
1 1 1 1 1 1 1
1 0 0 1 1 1 1
1 0 0 1 1 1 1
1 0 0 1 1 1 1
2 1 1 1 1 1 1
2 1 1 1 1 1 1
2 1 1 1 1 1 1
2 1 1 1 1 1 1
2 1 1 1 1 1 1
2 0 0 1 1 1 1
2 0 0 1 1 1 1
2 0 0 1 1 1 1
3 1 1 1 1 1 1
3 1 1 1 1 1 1
3 1 1 1 1 1 1
3 1 1 1 1 1 1
3 1 1 1 1 1 1
3 0 0 1 1 1 1
3 0 0 1 1 1 1
3 0 0 1 1 1 1
4 1 1 1 1 1 1
4 1 1 1 1 1 1
4 1 1 1 1 1 1
4 1 1 1 1 1 1
4 1 1 1 1 1 1
4 0 0 1 1 1 1
4 0 0 1 1 1 1
4 0 0 1 1 1 1
5 1 1 1 1 1 1
5 1 1 1 1 1 1
5 1 1 1 1 1 1
5 1 1 1 1 1 1
5 1 1 1 1 1 1
5 0 0 1 1 1 1
5 0 0 1 1 1 1
5 0 0 1 1 1 1
6 1 1 1 1 1 1
6 1 1 1 1 1 1
6 1 1 1 1 1 1
6 1 1 1 1 1 1
6 1 1 1 1 1 1
6 0 0 1 1 1 1
6 0 0 1 1 1 1
6 0 0 1 1 1 1
7 1 1 1 1 1 1
7 1 1 1 1 1 1
7 1 1 1 1 1 1
7 1 1 1 1 1 1
7 1 1 1 1 1 1
7 0 0 1 1 1 1
7 0 0 1 1 1 1
7 0 0 1 1 1 1
8 1 1 1 1 1 1
8 1 1 1 1 1 1
8 1 1 1 1 1 1
8 1 1 1 1 1 1
8 1 1 1 1 1 1
8 0 0 1 1 1 1
8 0 0 1 1 1 1
8 0 0 1 1 1 1
9 1 1 1 1 1 1
9 1 1 1 1 1 1
9 1 1 1 1 1 1
9 1 1 1 1 1 1
9 1 1 1 1 1 1
9 0 0 1 1 1 1
9 0 0 1 1 1 1
9 0 0 1 1 1 1
10 1 1 1 1 1 1
10 1 1 1 1 1 1
10 1 1 1 1 1 1
10 1 1 1 1 1 1
10 1 1 1 1 1 1
10 0 0 1 1 1 1
10 0 0 1 1 1 1
10 0 0 1 1 1 1
11 0 0 0 0 0 1
11 1 1 1 1 1 1
11 1 1 1 1 1 1
11 1 1 1 1 1 1
11 1 1 1 1 1 1
11 0 0 1 1 1 1
11 0 0 1 1 1 1
11 0 0 1 1 1 1
#INFO-GEN
Namespace(bayType=4, francisco=True, meanPort=6, seed=2344, stdPort=5.201965974440161, target40=31, targetCapacity=100, targetHC=21, targetIMO=18, targetPorts=7, targetReefer=30, targetRelease=30, targetWeight=82)
