6 58 56 11 88 1 8
#POD
1 2 3 4 5 6
#LOCATIONS
1
#CONTAINERS_TOLOAD
0 0 0 10534.50 2.59 20 1 0 1 0
0 0 0 13398.90 2.59 20 2 0 1 0
0 0 0 4977.03 2.59 20 3 0 1 0
0 0 0 10469.34 2.59 20 1 0 1 0
0 0 0 10710.07 2.59 20 3 0 1 0
0 0 0 11782.48 2.59 20 6 0 1 0
0 0 0 5619.52 2.59 20 3 1 1 0
0 0 0 15591.67 2.59 20 2 1 1 0
0 0 0 3432.60 2.59 20 1 1 1 0
0 0 0 14669.11 2.59 20 3 1 1 0
0 0 0 4588.44 2.59 20 1 1 1 0
0 0 0 15669.90 2.59 20 3 1 1 0
0 0 0 3631.84 2.59 20 4 1 1 0
0 0 0 15567.96 2.59 20 2 1 1 0
0 0 0 3556.48 2.59 20 4 1 1 0
0 0 0 12725.77 2.59 20 3 1 1 0
0 0 0 7034.28 2.59 20 2 0 1 0
0 0 0 14539.40 2.59 20 3 0 1 0
0 0 0 4311.98 2.59 20 1 0 1 0
0 0 0 9987.08 2.59 20 2 0 1 0
0 0 0 10049.60 2.59 20 2 0 1 4
0 0 0 13625.35 2.59 20 2 0 1 4
0 0 0 5347.27 2.59 20 4 1 1 4
0 0 0 10094.12 2.59 20 2 1 1 4
0 0 0 13013.31 2.59 20 2 1 1 0
0 0 0 5263.06 2.59 20 4 1 1 0
0 0 0 9503.92 2.59 20 4 1 1 0
0 0 0 15202.84 2.59 20 2 1 1 0
0 0 0 3512.07 2.59 20 2 1 1 0
0 0 0 15276.56 2.59 20 2 1 1 0
0 0 0 4104.96 2.59 20 3 1 1 0
0 0 0 15070.16 2.59 20 2 1 1 0
0 0 0 4605.05 2.59 20 1 0 1 0
0 0 0 10715.26 2.59 20 2 0 1 0
0 0 0 11878.76 2.59 20 5 0 1 0
0 0 0 6166.56 2.59 20 1 0 1 0
0 0 0 10614.14 2.59 20 1 0 1 0
0 0 0 8584.96 2.59 20 3 0 1 0
0 0 0 12029.23 2.59 20 3 0 1 0
0 0 0 8890.75 2.59 20 2 0 1 0
0 0 0 9000.84 2.90 40 3 0 1 0
0 0 0 11040.58 2.59 40 1 0 1 0
0 0 0 6449.50 2.90 40 5 0 1 0
0 0 0 12776.90 2.90 40 3 0 1 0
0 0 0 9029.25 2.90 40 1 1 1 0
0 0 0 9026.55 2.59 40 4 1 1 0
0 0 0 8991.23 2.59 20 3 1 1 0
0 0 0 9061.90 2.59 20 3 1 1 0
0 0 0 8756.22 2.59 20 2 1 1 0
0 0 0 10073.88 2.59 20 3 1 1 0
0 0 0 12731.19 2.59 40 2 0 1 0
0 0 0 7640.01 2.90 40 2 0 1 0
0 0 0 11302.67 2.59 40 3 0 1 4
0 0 0 7846.00 2.90 40 3 0 1 4
0 0 0 12707.44 2.90 40 2 1 1 1
0 0 0 5752.71 2.90 40 5 1 1 4
0 0 0 9413.78 2.59 40 3 1 1 0
0 0 0 8853.08 2.59 40 4 1 1 1
#CONTAINERS_LOADED
4 1 1 7500.00 2.59 20 3 1 1 0
4 1 -1 7500.00 2.59 20 1 1 1 0
4 2 1 7500.00 2.59 20 1 1 1 0
4 2 -1 7500.00 2.59 20 1 1 1 0
4 3 1 7500.00 2.59 20 3 1 1 0
4 3 -1 7500.00 2.59 20 2 1 1 0
4 4 1 7500.00 2.59 20 2 1 1 0
4 4 -1 7500.00 2.59 20 4 1 1 0
5 1 1 7500.00 2.59 20 3 1 1 0
5 1 -1 7500.00 2.59 20 3 1 1 0
5 2 1 7500.00 2.59 20 3 1 1 0
5 2 -1 7500.00 2.59 20 3 1 1 0
5 3 1 7500.00 2.59 20 1 1 1 0
5 3 -1 7500.00 2.59 20 2 1 1 0
5 4 1 7500.00 2.59 20 2 1 1 0
5 4 -1 7500.00 2.59 20 3 1 1 0
5 5 1 7500.00 2.59 20 2 1 1 0
5 5 -1 7500.00 2.59 20 3 1 1 0
5 6 1 7500.00 2.59 20 4 0 1 0
5 6 -1 7500.00 2.59 20 4 0 1 0
5 7 1 7500.00 2.59 20 5 0 1 0
5 7 -1 7500.00 2.59 20 3 0 1 0
5 8 1 7500.00 2.59 20 3 0 1 3
5 8 -1 7500.00 2.59 20 3 0 1 3
6 1 1 7500.00 2.59 20 2 1 1 0
6 1 -1 7500.00 2.59 20 1 1 1 0
6 2 1 7500.00 2.59 20 2 1 1 0
6 2 -1 7500.00 2.59 20 2 1 1 0
6 3 1 7500.00 2.59 20 1 1 1 0
6 3 -1 7500.00 2.59 20 1 1 1 0
6 4 1 7500.00 2.59 20 3 1 1 0
6 4 -1 7500.00 2.59 20 2 1 1 0
6 5 1 7500.00 2.59 20 2 1 1 0
6 5 -1 7500.00 2.59 20 1 1 1 0
6 6 1 7500.00 2.59 20 4 0 1 0
6 6 -1 7500.00 2.59 20 6 0 1 0
6 7 1 7500.00 2.59 20 3 0 1 0
6 7 -1 7500.00 2.59 20 1 0 1 0
6 8 1 7500.00 2.59 20 5 0 1 0
6 8 -1 7500.00 2.59 20 3 0 1 0
7 1 1 7500.00 2.59 20 5 1 1 4
7 1 -1 7500.00 2.59 20 3 1 1 4
7 2 1 7500.00 2.59 20 1 1 1 3
7 2 -1 7500.00 2.59 20 3 1 1 3
7 3 1 7500.00 2.59 20 3 1 1 0
7 3 -1 7500.00 2.59 20 2 1 1 0
7 4 1 7500.00 2.59 20 1 1 1 0
7 4 -1 7500.00 2.59 20 2 1 1 0
7 5 1 7500.00 2.59 20 1 1 1 0
7 5 -1 7500.00 2.59 20 3 1 1 0
7 6 1 7500.00 2.59 20 3 0 1 3
7 6 -1 7500.00 2.59 20 2 0 1 3
7 7 1 7500.00 2.59 20 3 0 1 4
7 7 -1 7500.00 2.59 20 4 0 1 4
7 8 1 7500.00 2.59 20 2 0 1 4
7 8 -1 7500.00 2.59 20 4 0 1 4
#STACKS
105000.00 18.13 1
120000.00 20.72 1
120000.00 20.72 1
120000.00 20.72 1
120000.00 20.72 1
120000.00 20.72 1
120000.00 20.72 1
120000.00 20.72 1
120000.00 20.72 1
120000.00 20.72 1
105000.00 18.13 1
#CELLS
1 0 0 0 0 0 1
1 1 1 1 1 1 1
1 1 1 1 1 1 1
1 1 1 1 1 1 1
1 1 1 1 1 1 1
1 0 0 1 1 1 1
1 0 0 1 1 1 1
1 0 0 1 1 1 1
2 1 1 1 1 1 1
2 1 1 1 1 1 1
2 1 1 1 1 1 1
2 1 1 1 1 1 1
2 1 1 1 1 1 1
2 0 0 1 1 1 1
2 0 0 1 1 1 1
2 0 0 1 1 1 1
3 1 1 1 1 1 1
3 1 1 1 1 1 1
3 1 1 1 1 1 1
3 1 1 1 1 1 1
3 1 1 1 1 1 1
3 0 0 1 1 1 1
3 0 0 1 1 1 1
3 0 0 1 1 1 1
4 1 1 1 1 1 1
4 1 1 1 1 1 1
4 1 1 1 1 1 1
4 1 1 1 1 1 1
4 1 1 1 1 1 1
4 0 0 1 1 1 1
4 0 0 1 1 1 1
4 0 0 1 1 1 1
5 1 1 1 1 1 1
5 1 1 1 1 1 1
5 1 1 1 1 1 1
5 1 1 1 1 1 1
5 1 1 1 1 1 1
5 0 0 1 1 1 1
5 0 0 1 1 1 1
5 0 0 1 1 1 1
6 1 1 1 1 1 1
6 1 1 1 1 1 1
6 1 1 1 1 1 1
6 1 1 1 1 1 1
6 1 1 1 1 1 1
6 0 0 1 1 1 1
6 0 0 1 1 1 1
6 0 0 1 1 1 1
7 1 1 1 1 1 1
7 1 1 1 1 1 1
7 1 1 1 1 1 1
7 1 1 1 1 1 1
7 1 1 1 1 1 1
7 0 0 1 1 1 1
7 0 0 1 1 1 1
7 0 0 1 1 1 1
8 1 1 1 1 1 1
8 1 1 1 1 1 1
8 1 1 1 1 1 1
8 1 1 1 1 1 1
8 1 1 1 1 1 1
8 0 0 1 1 1 1
8 0 0 1 1 1 1
8 0 0 1 1 1 1
9 1 1 1 1 1 1
9 1 1 1 1 1 1
9 1 1 1 1 1 1
9 1 1 1 1 1 1
9 1 1 1 1 1 1
9 0 0 1 1 1 1
9 0 0 1 1 1 1
9 0 0 1 1 1 1
10 1 1 1 1 1 1
10 1 1 1 1 1 1
10 1 1 1 1 1 1
10 1 1 1 1 1 1
10 1 1 1 1 1 1
10 0 0 1 1 1 1
10 0 0 1 1 1 1
10 0 0 1 1 1 1
11 0 0 0 0 0 1
11 1 1 1 1 1 1
11 1 1 1 1 1 1
11 1 1 1 1 1 1
11 1 1 1 1 1 1
11 0 0 1 1 1 1
11 0 0 1 1 1 1
11 0 0 1 1 1 1
#INFO-GEN
Namespace(bayType=4, francisco=True, meanPort=3, seed=6927, stdPort=1.2414811390692533, target40=23, targetCapacity=75, targetHC=51, targetIMO=33, targetPorts=6, targetReefer=87, targetRelease=44, targetWeight=64)
