6 79 74 11 88 1 8
#POD
1 2 3 4 5 6
#LOCATIONS
1
#CONTAINERS_TOLOAD
0 0 0 8921.43 2.59 20 1 0 1 0
0 0 0 11172.59 2.59 20 3 0 1 0
0 0 0 4553.76 2.59 20 1 0 1 0
0 0 0 8870.22 2.59 20 3 0 1 0
0 0 0 9059.42 2.59 20 1 0 1 0
0 0 0 9902.23 2.59 20 2 0 1 0
0 0 0 5058.70 2.59 20 2 1 1 2
0 0 0 12895.91 2.59 20 2 1 1 2
0 0 0 3339.99 2.59 20 2 1 1 0
0 0 0 12170.86 2.59 20 3 1 1 0
0 0 0 4248.37 2.59 20 3 1 1 2
0 0 0 12957.39 2.59 20 1 1 1 2
0 0 0 3496.57 2.59 20 4 1 1 0
0 0 0 12877.27 2.59 20 3 1 1 0
0 0 0 3437.34 2.59 20 2 0 1 0
0 0 0 10643.57 2.59 20 3 0 1 0
0 0 0 6170.57 2.59 20 1 0 1 0
0 0 0 12068.92 2.59 20 4 0 1 0
0 0 0 4031.09 2.59 20 2 0 1 0
0 0 0 8491.21 2.59 20 2 0 1 0
0 0 0 8540.35 2.59 20 1 1 1 0
0 0 0 11350.56 2.59 20 1 1 1 0
0 0 0 4844.74 2.59 20 1 1 1 0
0 0 0 8575.33 2.59 20 3 1 1 0
0 0 0 10869.55 2.59 20 3 1 1 0
0 0 0 4778.56 2.59 20 3 1 1 0
0 0 0 8111.49 2.59 20 1 1 1 0
0 0 0 12590.32 2.59 20 3 1 1 0
0 0 0 3402.44 2.59 20 6 1 1 0
0 0 0 12648.26 2.59 20 4 1 1 0
0 0 0 3868.40 2.59 20 4 0 1 0
0 0 0 12486.05 2.59 20 4 0 1 0
0 0 0 4261.42 2.59 20 4 0 1 0
0 0 0 9063.49 2.59 20 1 0 1 0
0 0 0 9977.90 2.59 20 3 0 1 3
0 0 0 5488.63 2.59 20 2 0 1 3
0 0 0 8984.02 2.59 20 4 0 1 4
0 0 0 7389.27 2.59 20 3 0 1 4
0 0 0 10096.16 2.59 20 2 1 1 4
0 0 0 7629.59 2.59 20 3 1 1 4
0 0 0 7716.11 2.59 20 3 1 1 0
0 0 0 9319.16 2.59 20 3 1 1 0
0 0 0 5710.99 2.59 20 2 1 1 0
0 0 0 10683.76 2.59 20 3 1 1 0
0 0 0 7738.44 2.59 20 4 1 1 4
0 0 0 7736.32 2.59 20 1 1 1 4
0 0 0 7708.56 2.59 20 2 0 1 0
0 0 0 7764.10 2.59 20 2 0 1 0
0 0 0 7523.87 2.59 20 3 0 1 0
0 0 0 8559.43 2.59 20 1 0 1 0
0 0 0 10647.83 2.59 20 3 0 1 0
0 0 0 6646.62 2.59 20 3 0 1 0
0 0 0 9525.15 2.90 40 1 0 1 4
0 0 0 6808.52 2.59 40 3 0 1 3
0 0 0 10629.17 2.90 40 2 0 1 0
0 0 0 5163.38 2.59 40 3 0 1 0
0 0 0 8040.65 2.59 20 2 1 1 0
0 0 0 9860.21 2.59 20 3 1 1 0
0 0 0 6155.14 2.59 20 3 1 1 0
0 0 0 10440.54 2.59 20 3 1 1 0
0 0 0 6478.40 2.59 20 3 1 1 0
0 0 0 8237.78 2.59 20 3 1 1 0
0 0 0 7778.32 2.59 20 3 1 1 0
0 0 0 10116.51 2.59 20 4 1 1 0
0 0 0 7191.54 2.59 40 4 0 1 0
0 0 0 8947.77 2.90 40 3 0 1 0
0 0 0 7648.45 2.90 40 1 0 1 0
0 0 0 7431.18 2.59 40 3 0 1 0
0 0 0 11340.82 2.59 40 3 1 1 0
0 0 0 4917.67 2.90 40 3 1 1 0
0 0 0 8195.75 2.59 40 2 1 1 0
0 0 0 10221.76 2.59 40 3 1 1 0
0 0 0 5996.55 2.59 40 2 0 1 0
0 0 0 9795.29 2.90 40 2 0 1 0
0 0 0 8739.61 2.90 40 4 0 1 4
0 0 0 7168.30 2.59 40 1 0 1 4
0 0 0 9163.37 2.59 40 2 1 1 4
0 0 0 7852.83 2.59 40 1 1 1 0
0 0 0 5849.20 2.59 40 1 1 1 0
#CONTAINERS_LOADED
4 1 1 7500.00 2.59 20 2 1 1 0
4 1 -1 7500.00 2.59 20 5 1 1 0
4 2 1 7500.00 2.59 20 3 1 1 0
4 2 -1 7500.00 2.59 20 3 1 1 0
4 3 1 7500.00 2.59 20 1 1 1 0
4 3 -1 7500.00 2.59 20 3 1 1 0
4 4 1 7500.00 2.59 20 3 1 1 0
4 4 -1 7500.00 2.59 20 5 1 1 0
4 5 1 7500.00 2.59 20 3 1 1 0
4 5 -1 7500.00 2.59 20 5 1 1 0
4 6 1 7500.00 2.59 20 4 0 1 0
4 6 -1 7500.00 2.59 20 4 0 1 0
4 7 1 7500.00 2.59 20 2 0 1 0
4 7 -1 7500.00 2.59 20 1 0 1 0
4 8 1 7500.00 2.59 20 2 0 1 0
4 8 -1 7500.00 2.59 20 3 0 1 0
5 1 1 7500.00 2.59 20 3 1 1 0
5 1 -1 7500.00 2.59 20 1 1 1 0
5 2 1 7500.00 2.59 20 1 1 1 0
5 2 -1 7500.00 2.59 20 1 1 1 0
5 3 1 7500.00 2.59 20 4 1 1 0
5 3 -1 7500.00 2.59 20 3 1 1 0
5 4 1 7500.00 2.59 20 1 1 1 0
5 4 -1 7500.00 2.59 20 2 1 1 0
5 5 1 7500.00 2.59 20 3 1 1 0
5 5 -1 7500.00 2.59 20 2 1 1 0
5 6 1 7500.00 2.59 20 2 0 1 2
5 6 -1 7500.00 2.59 20 4 0 1 2
5 7 1 7500.00 2.59 20 3 0 1 0
5 7 -1 7500.00 2.59 20 2 0 1 0
5 8 1 7500.00 2.59 20 3 0 1 0
5 8 -1 7500.00 2.59 20 2 0 1 0
6 1 1 7500.00 2.59 20 1 1 1 0
6 1 -1 7500.00 2.59 20 4 1 1 0
6 2 1 7500.00 2.59 20 4 1 1 0
6 2 -1 7500.00 2.59 20 2 1 1 0
6 3 1 7500.00 2.59 20 4 1 1 0
6 3 -1 7500.00 2.59 20 4 1 1 0
6 4 1 7500.00 2.59 20 3 1 1 0
6 4 -1 7500.00 2.59 20 3 1 1 0
6 5 1 7500.00 2.59 20 4 1 1 0
6 5 -1 7500.00 2.59 20 3 1 1 0
6 6 1 7500.00 2.59 20 1 0 1 0
6 6 -1 7500.00 2.59 20 1 0 1 0
6 7 1 7500.00 2.59 20 2 0 1 0
6 7 -1 7500.00 2.59 20 1 0 1 0
6 8 1 7500.00 2.59 20 1 0 1 0
6 8 -1 7500.00 2.59 20 4 0 1 0
7 1 1 7500.00 2.59 20 3 1 1 3
7 1 -1 7500.00 2.59 20 1 1 1 3
7 2 1 7500.00 2.59 20 1 1 1 0
7 2 -1 7500.00 2.59 20 2 1 1 0
7 3 1 7500.00 2.59 20 3 1 1 0
7 3 -1 7500.00 2.59 20 1 1 1 0
7 4 1 7500.00 2.59 20 2 1 1 0
7 4 -1 7500.00 2.59 20 3 1 1 0
7 5 1 7500.00 2.59 20 1 1 1 0
7 5 -1 7500.00 2.59 20 3 1 1 0
7 6 1 7500.00 2.59 20 4 0 1 0
7 6 -1 7500.00 2.59 20 3 0 1 0
7 7 1 7500.00 2.59 20 2 0 1 0
7 7 -1 7500.00 2.59 20 2 0 1 0
7 8 1 7500.00 2.59 20 5 0 1 3
7 8 -1 7500.00 2.59 20 2 0 1 3
8 1 1 7500.00 2.59 20 4 1 1 0
8 1 -1 7500.00 2.59 20 3 1 1 0
8 2 1 7500.00 2.59 20 3 1 1 0
8 2 -1 7500.00 2.59 20 4 1 1 0
8 3 1 7500.00 2.59 20 1 1 1 0
8 3 -1 7500.00 2.59 20 2 1 1 0
8 4 1 7500.00 2.59 20 2 1 1 0
8 4 -1 7500.00 2.59 20 4 1 1 0
8 5 1 7500.00 2.59 20 2 1 1 0
8 5 -1 7500.00 2.59 20 3 1 1 0
#STACKS
105000.00 18.13 1
120000.00 20.72 1
120000.00 20.72 1
120000.00 20.72 1
120000.00 20.72 1
120000.00 20.72 1
120000.00 20.72 1
120000.00 20.72 1
120000.00 20.72 1
120000.00 20.72 1
105000.00 18.13 1
#CELLS
1 0 0 0 0 0 1
1 1 1 1 1 1 1
1 1 1 1 1 1 1
1 1 1 1 1 1 1
1 1 1 1 1 1 1
1 0 0 1 1 1 1
1 0 0 1 1 1 1
1 0 0 1 1 1 1
2 1 1 1 1 1 1
2 1 1 1 1 1 1
2 1 1 1 1 1 1
2 1 1 1 1 1 1
2 1 1 1 1 1 1
2 0 0 1 1 1 1
2 0 0 1 1 1 1
2 0 0 1 1 1 1
3 1 1 1 1 1 1
3 1 1 1 1 1 1
3 1 1 1 1 1 1
3 1 1 1 1 1 1
3 1 1 1 1 1 1
3 0 0 1 1 1 1
3 0 0 1 1 1 1
3 0 0 1 1 1 1
4 1 1 1 1 1 1
4 1 1 1 1 1 1
4 1 1 1 1 1 1
4 1 1 1 1 1 1
4 1 1 1 1 1 1
4 0 0 1 1 1 1
4 0 0 1 1 1 1
4 0 0 1 1 1 1
5 1 1 1 1 1 1
5 1 1 1 1 1 1
5 1 1 1 1 1 1
5 1 1 1 1 1 1
5 1 1 1 1 1 1
5 0 0 1 1 1 1
5 0 0 1 1 1 1
5 0 0 1 1 1 1
6 1 1 1 1 1 1
6 1 1 1 1 1 1
6 1 1 1 1 1 1
6 1 1 1 1 1 1
6 1 1 1 1 1 1
6 0 0 1 1 1 1
6 0 0 1 1 1 1
6 0 0 1 1 1 1
7 1 1 1 1 1 1
7 1 1 1 1 1 1
7 1 1 1 1 1 1
7 1 1 1 1 1 1
7 1 1 1 1 1 1
7 0 0 1 1 1 1
7 0 0 1 1 1 1
7 0 0 1 1 1 1
8 1 1 1 1 1 1
8 1 1 1 1 1 1
8 1 1 1 1 1 1
8 1 1 1 1 1 1
8 1 1 1 1 1 1
8 0 0 1 1 1 1
8 0 0 1 1 1 1
8 0 0 1 1 1 1
9 1 1 1 1 1 1
9 1 1 1 1 1 1
9 1 1 1 1 1 1
9 1 1 1 1 1 1
9 1 1 1 1 1 1
9 0 0 1 1 1 1
9 0 0 1 1 1 1
9 0 0 1 1 1 1
10 1 1 1 1 1 1
10 1 1 1 1 1 1
10 1 1 1 1 1 1
10 1 1 1 1 1 1
10 1 1 1 1 1 1
10 0 0 1 1 1 1
10 0 0 1 1 1 1
10 0 0 1 1 1 1
11 0 0 0 0 0 1
11 1 1 1 1 1 1
11 1 1 1 1 1 1
11 1 1 1 1 1 1
11 1 1 1 1 1 1
11 0 0 1 1 1 1
11 0 0 1 1 1 1
11 0 0 1 1 1 1
#INFO-GEN
Namespace(bayType=4, francisco=True, meanPort=3, seed=6927, stdPort=1.2414811390692533, target40=23, targetCapacity=100, targetHC=51, targetIMO=33, targetPorts=6, targetReefer=87, targetRelease=44, targetWeight=88)
