25 21 64 11 88 1 8
#POD
2 3 4 5 7 8 9 10 11 12 13 14 15 16 17 18 19 20 21 23 24 25 26 27 28
#LOCATIONS
1
#CONTAINERS_TOLOAD
0 0 0 29073.93 2.59 20 24 0 1 0
0 0 0 21320.97 2.59 20 10 0 1 0
0 0 0 23199.44 2.59 20 23 0 1 0
0 0 0 20022.30 2.59 20 13 0 1 0
0 0 0 17160.39 2.59 20 2 1 1 0
0 0 0 22425.75 2.59 20 4 1 1 0
0 0 0 27499.47 2.90 40 8 0 1 0
0 0 0 21760.61 2.59 20 23 0 1 0
0 0 0 22677.42 2.59 20 24 0 1 0
0 0 0 17106.89 2.59 20 27 0 1 0
0 0 0 25375.76 2.59 20 18 0 1 0
0 0 0 21157.30 2.59 20 24 0 1 0
0 0 0 20415.05 2.59 20 23 0 1 0
0 0 0 25391.94 2.59 20 9 0 1 0
0 0 0 22208.51 2.59 20 23 0 1 0
0 0 0 15442.88 2.59 20 12 0 1 0
0 0 0 21959.86 2.59 20 25 0 1 0
0 0 0 29030.29 2.59 20 16 0 1 0
0 0 0 20819.99 2.59 20 20 0 1 0
0 0 0 16294.96 2.59 20 3 0 1 0
0 0 0 21341.28 2.59 20 27 0 1 0
#CONTAINERS_LOADED
4 1 1 7500.00 2.59 20 24 1 1 0
4 1 -1 7500.00 2.59 20 25 1 1 0
4 2 1 7500.00 2.59 20 19 1 1 0
4 2 -1 7500.00 2.59 20 26 1 1 0
4 3 1 7500.00 2.59 20 26 1 1 0
4 3 -1 7500.00 2.59 20 12 1 1 0
4 4 1 7500.00 2.59 20 12 1 1 0
4 4 -1 7500.00 2.59 20 10 1 1 0
4 5 1 7500.00 2.59 20 11 1 1 0
4 5 -1 7500.00 2.59 20 27 1 1 0
4 6 1 7500.00 2.59 20 4 0 1 0
4 6 -1 7500.00 2.59 20 5 0 1 0
4 7 1 7500.00 2.59 20 25 0 1 0
4 7 -1 7500.00 2.59 20 15 0 1 0
4 8 1 7500.00 2.59 20 23 0 1 0
4 8 -1 7500.00 2.59 20 9 0 1 0
5 1 1 7500.00 2.59 20 8 1 1 0
5 1 -1 7500.00 2.59 20 10 1 1 0
5 2 1 7500.00 2.59 20 14 1 1 0
5 2 -1 7500.00 2.59 20 3 1 1 0
5 3 1 7500.00 2.59 20 18 1 1 0
5 3 -1 7500.00 2.59 20 16 1 1 0
5 4 1 7500.00 2.59 20 17 1 1 0
5 4 -1 7500.00 2.59 20 20 1 1 0
5 5 1 7500.00 2.59 20 9 1 1 0
5 5 -1 7500.00 2.59 20 14 1 1 0
5 6 1 7500.00 2.59 20 26 0 1 0
5 6 -1 7500.00 2.59 20 25 0 1 0
5 7 1 7500.00 2.59 20 27 0 1 0
5 7 -1 7500.00 2.59 20 9 0 1 0
5 8 1 7500.00 2.59 20 27 0 1 0
5 8 -1 7500.00 2.59 20 20 0 1 0
6 1 1 7500.00 2.59 20 20 1 1 0
6 1 -1 7500.00 2.59 20 5 1 1 0
6 2 1 7500.00 2.59 20 26 1 1 0
6 2 -1 7500.00 2.59 20 12 1 1 0
6 3 1 7500.00 2.59 20 19 1 1 0
6 3 -1 7500.00 2.59 20 19 1 1 0
6 4 1 7500.00 2.59 20 21 1 1 0
6 4 -1 7500.00 2.59 20 24 1 1 0
6 5 1 7500.00 2.59 20 28 1 1 0
6 5 -1 7500.00 2.59 20 8 1 1 0
6 6 1 7500.00 2.59 20 26 0 1 0
6 6 -1 7500.00 2.59 20 14 0 1 0
6 7 1 7500.00 2.59 20 26 0 1 0
6 7 -1 7500.00 2.59 20 13 0 1 0
6 8 1 7500.00 2.59 20 10 0 1 0
6 8 -1 7500.00 2.59 20 16 0 1 0
7 1 1 7500.00 2.59 20 11 1 1 0
7 1 -1 7500.00 2.59 20 28 1 1 0
7 2 1 7500.00 2.59 20 4 1 1 0
7 2 -1 7500.00 2.59 20 17 1 1 0
7 3 1 7500.00 2.59 20 11 1 1 0
7 3 -1 7500.00 2.59 20 7 1 1 0
7 4 1 7500.00 2.59 20 9 1 1 0
7 4 -1 7500.00 2.59 20 10 1 1 0
7 5 1 7500.00 2.59 20 10 1 1 0
7 5 -1 7500.00 2.59 20 12 1 1 0
7 6 1 7500.00 2.59 20 13 0 1 0
7 6 -1 7500.00 2.59 20 7 0 1 0
7 7 1 7500.00 2.59 20 18 0 1 0
7 7 -1 7500.00 2.59 20 10 0 1 0
7 8 1 7500.00 2.59 20 15 0 1 0
7 8 -1 7500.00 2.59 20 4 0 1 0
#STACKS
105000.00 18.13 1
120000.00 20.72 1
120000.00 20.72 1
120000.00 20.72 1
120000.00 20.72 1
120000.00 20.72 1
120000.00 20.72 1
120000.00 20.72 1
120000.00 20.72 1
120000.00 20.72 1
105000.00 18.13 1
#CELLS
1 0 0 0 0 0 1
1 1 1 1 1 1 1
1 1 1 1 1 1 1
1 1 1 1 1 1 1
1 1 1 1 1 1 1
1 0 0 1 1 1 1
1 0 0 1 1 1 1
1 0 0 1 1 1 1
2 1 1 1 1 1 1
2 1 1 1 1 1 1
2 1 1 1 1 1 1
2 1 1 1 1 1 1
2 1 1 1 1 1 1
2 0 0 1 1 1 1
2 0 0 1 1 1 1
2 0 0 1 1 1 1
3 1 1 1 1 1 1
3 1 1 1 1 1 1
3 1 1 1 1 1 1
3 1 1 1 1 1 1
3 1 1 1 1 1 1
3 0 0 1 1 1 1
3 0 0 1 1 1 1
3 0 0 1 1 1 1
4 1 1 1 1 1 1
4 1 1 1 1 1 1
4 1 1 1 1 1 1
4 1 1 1 1 1 1
4 1 1 1 1 1 1
4 0 0 1 1 1 1
4 0 0 1 1 1 1
4 0 0 1 1 1 1
5 1 1 1 1 1 1
5 1 1 1 1 1 1
5 1 1 1 1 1 1
5 1 1 1 1 1 1
5 1 1 1 1 1 1
5 0 0 1 1 1 1
5 0 0 1 1 1 1
5 0 0 1 1 1 1
6 1 1 1 1 1 1
6 1 1 1 1 1 1
6 1 1 1 1 1 1
6 1 1 1 1 1 1
6 1 1 1 1 1 1
6 0 0 1 1 1 1
6 0 0 1 1 1 1
6 0 0 1 1 1 1
7 1 1 1 1 1 1
7 1 1 1 1 1 1
7 1 1 1 1 1 1
7 1 1 1 1 1 1
7 1 1 1 1 1 1
7 0 0 1 1 1 1
7 0 0 1 1 1 1
7 0 0 1 1 1 1
8 1 1 1 1 1 1
8 1 1 1 1 1 1
8 1 1 1 1 1 1
8 1 1 1 1 1 1
8 1 1 1 1 1 1
8 0 0 1 1 1 1
8 0 0 1 1 1 1
8 0 0 1 1 1 1
9 1 1 1 1 1 1
9 1 1 1 1 1 1
9 1 1 1 1 1 1
9 1 1 1 1 1 1
9 1 1 1 1 1 1
9 0 0 1 1 1 1
9 0 0 1 1 1 1
9 0 0 1 1 1 1
10 1 1 1 1 1 1
10 1 1 1 1 1 1
10 1 1 1 1 1 1
10 1 1 1 1 1 1
10 1 1 1 1 1 1
10 0 0 1 1 1 1
10 0 0 1 1 1 1
10 0 0 1 1 1 1
11 0 0 0 0 0 1
11 1 1 1 1 1 1
11 1 1 1 1 1 1
11 1 1 1 1 1 1
11 1 1 1 1 1 1
11 0 0 1 1 1 1
11 0 0 1 1 1 1
11 0 0 1 1 1 1
#INFO-GEN
Namespace(bayType=4, francisco=True, meanPort=15, seed=4527, stdPort=23.56233744134304, target40=3, targetCapacity=50, targetHC=52, targetIMO=5, targetPorts=28, targetReefer=21, targetRelease=77, targetWeight=57)
