6 31 28 7 56 1 8
#POD
1 2 3 4 5 6
#LOCATIONS
1
#CONTAINERS_TOLOAD
0 0 0 8412.28 2.59 20 3 0 1 0
0 0 0 10469.88 2.59 20 2 0 1 0
0 0 0 4420.16 2.59 20 1 0 1 0
0 0 0 8365.47 2.59 20 4 0 1 0
0 0 0 8538.40 2.59 20 2 0 1 0
0 0 0 9308.75 2.59 20 3 0 1 0
0 0 0 4881.69 2.59 20 2 0 1 0
0 0 0 12045.02 2.59 20 2 0 1 0
0 0 0 3310.75 2.59 20 5 0 1 0
0 0 0 11382.31 2.59 20 3 0 1 0
0 0 0 4141.03 2.59 20 5 0 1 0
0 0 0 12101.21 2.59 20 1 0 1 0
0 0 0 3453.87 2.59 20 2 0 1 0
0 0 0 12027.98 2.59 20 2 0 1 0
0 0 0 3399.74 2.59 20 3 0 1 0
0 0 0 9986.35 2.59 20 4 0 1 0
0 0 0 5897.95 2.59 40 1 0 1 0
0 0 0 11289.14 2.90 40 2 0 1 0
0 0 0 3942.44 2.90 40 4 1 1 0
0 0 0 8019.05 2.59 40 5 1 1 0
0 0 0 8063.96 2.59 20 3 1 1 1
0 0 0 10632.55 2.59 20 5 0 1 1
0 0 0 4686.12 2.59 20 3 1 1 0
0 0 0 8095.94 2.59 20 3 0 1 0
0 0 0 10192.89 2.59 20 2 1 1 1
0 0 0 4625.63 2.59 20 1 0 1 1
0 0 0 7671.98 2.59 20 3 1 1 0
0 0 0 11765.70 2.59 20 1 0 1 0
0 0 0 3367.84 2.59 40 1 0 1 0
0 0 0 11818.66 2.90 40 2 0 1 0
0 0 0 3656.24 2.59 40 2 0 1 0
#CONTAINERS_LOADED
3 1 1 7500.00 2.59 20 1 1 1 0
3 1 -1 7500.00 2.59 20 6 0 1 0
3 2 1 7500.00 2.59 20 1 1 1 4
3 2 -1 7500.00 2.59 20 1 0 1 4
3 3 1 7500.00 2.59 20 3 1 1 4
3 3 -1 7500.00 2.59 20 3 0 1 4
3 4 1 7500.00 2.59 20 4 1 1 0
3 4 -1 7500.00 2.59 20 3 0 1 0
3 5 1 7500.00 2.59 20 1 1 1 0
3 5 -1 7500.00 2.59 20 2 0 1 0
3 6 1 7500.00 2.59 20 1 1 1 0
3 6 -1 7500.00 2.59 20 3 0 1 0
4 1 1 7500.00 2.59 20 3 1 1 0
4 1 -1 7500.00 2.59 20 1 0 1 0
4 2 1 7500.00 2.59 20 3 1 1 0
4 2 -1 7500.00 2.59 20 1 0 1 0
4 3 1 7500.00 2.59 20 3 1 1 0
4 3 -1 7500.00 2.59 20 1 0 1 0
4 4 1 7500.00 2.59 20 2 1 1 0
4 4 -1 7500.00 2.59 20 2 0 1 0
4 5 1 7500.00 2.59 20 2 1 1 0
4 5 -1 7500.00 2.59 20 2 0 1 0
4 6 1 7500.00 2.59 20 3 1 1 0
4 6 -1 7500.00 2.59 20 3 0 1 0
4 7 1 7500.00 2.59 20 1 1 1 0
4 7 -1 7500.00 2.59 20 4 0 1 0
4 8 1 7500.00 2.59 20 3 0 1 0
4 8 -1 7500.00 2.59 20 2 0 1 0
#STACKS
75000.00 12.95 1
90000.00 15.54 1
120000.00 20.72 1
120000.00 20.72 1
120000.00 20.72 1
90000.00 15.54 1
75000.00 12.95 1
#CELLS
1 0 0 0 0 0 1
1 0 0 0 0 0 1
1 0 0 0 0 0 1
1 0 0 1 1 1 1
1 0 0 1 1 1 1
1 0 0 1 1 1 1
1 0 0 1 1 1 1
1 0 0 1 1 1 1
2 0 0 0 0 0 1
2 0 0 0 0 0 1
2 0 0 1 1 1 1
2 0 0 1 1 1 1
2 0 0 1 1 1 1
2 0 0 1 1 1 1
2 0 0 1 1 1 1
2 0 0 1 1 1 1
3 0 1 1 1 1 1
3 0 1 1 1 1 1
3 0 1 1 1 1 1
3 0 1 1 1 1 1
3 0 1 1 1 1 1
3 0 1 1 1 1 1
3 0 1 1 1 1 1
3 0 0 1 1 1 1
4 0 1 1 1 1 1
4 0 1 1 1 1 1
4 0 1 1 1 1 1
4 0 1 1 1 1 1
4 0 1 1 1 1 1
4 0 1 1 1 1 1
4 0 1 1 1 1 1
4 0 0 1 1 1 1
5 0 1 1 1 1 1
5 0 1 1 1 1 1
5 0 1 1 1 1 1
5 0 1 1 1 1 1
5 0 1 1 1 1 1
5 0 1 1 1 1 1
5 0 1 1 1 1 1
5 0 0 1 1 1 1
6 0 0 0 0 0 1
6 0 0 0 0 0 1
6 0 0 1 1 1 1
6 0 0 1 1 1 1
6 0 0 1 1 1 1
6 0 0 1 1 1 1
6 0 0 1 1 1 1
6 0 0 1 1 1 1
7 0 0 0 0 0 1
7 0 0 0 0 0 1
7 0 0 0 0 0 1
7 0 0 1 1 1 1
7 0 0 1 1 1 1
7 0 0 1 1 1 1
7 0 0 1 1 1 1
7 0 0 1 1 1 1
#INFO-GEN
Namespace(bayType=2, francisco=True, meanPort=3, seed=6927, stdPort=1.2414811390692533, target40=23, targetCapacity=72, targetHC=51, targetIMO=33, targetPorts=6, targetReefer=87, targetRelease=44, targetWeight=50)
