29 54 186 12 120 1 10
#POD
1 2 3 4 5 6 7 8 9 10 11 12 13 14 15 16 17 18 19 20 21 22 23 24 25 26 27 28 29
#LOCATIONS
1
#CONTAINERS_TOLOAD
0 0 0 6842.65 2.59 20 3 0 1 0
0 0 0 7229.40 2.59 20 8 0 1 0
0 0 0 5304.60 2.59 20 7 0 1 0
0 0 0 7505.08 2.59 20 15 0 1 0
0 0 0 5212.99 2.59 20 4 0 1 0
0 0 0 5870.05 2.59 20 23 0 1 0
0 0 0 6331.86 2.59 20 6 0 1 0
0 0 0 7510.74 2.59 20 1 0 1 0
0 0 0 5384.27 2.59 20 12 0 1 0
0 0 0 6861.33 2.59 20 9 0 1 0
0 0 0 4930.85 2.59 20 13 0 1 0
0 0 0 7076.97 2.59 20 13 0 1 0
0 0 0 6138.33 2.59 20 17 0 1 0
0 0 0 6341.28 2.59 20 5 0 1 0
0 0 0 5513.87 2.59 20 20 0 1 0
0 0 0 6974.39 2.59 20 25 0 1 0
0 0 0 5700.05 2.59 20 4 0 1 2
0 0 0 5353.25 2.59 20 25 0 1 2
0 0 0 8660.71 2.59 20 12 0 1 0
0 0 0 4425.79 2.59 20 16 0 1 0
0 0 0 6489.39 2.59 20 29 0 1 0
0 0 0 6702.73 2.59 20 21 0 1 0
0 0 0 4951.19 2.59 20 29 0 1 0
0 0 0 7227.24 2.59 20 26 0 1 0
0 0 0 7032.51 2.59 20 18 0 1 0
0 0 0 5111.26 2.59 20 21 0 1 0
0 0 0 6342.42 2.59 20 14 0 1 0
0 0 0 7069.01 2.59 20 23 0 1 0
0 0 0 4884.12 2.59 20 13 0 1 0
0 0 0 7346.26 2.59 20 1 0 1 0
0 0 0 6084.84 2.59 20 20 0 1 0
0 0 0 5571.58 2.59 20 22 0 1 0
0 0 0 7404.44 2.59 20 8 0 1 0
0 0 0 4446.35 2.59 20 5 0 1 0
0 0 0 8186.41 2.59 20 21 0 1 0
0 0 0 4844.01 2.59 20 13 0 1 0
0 0 0 6001.63 2.59 20 9 0 1 0
0 0 0 8170.50 2.59 20 22 0 1 0
0 0 0 4068.13 2.59 20 6 0 1 0
0 0 0 8532.29 2.59 20 6 0 1 0
0 0 0 3625.54 2.59 20 13 0 1 0
0 0 0 6777.52 2.59 20 17 0 1 0
0 0 0 5762.06 2.59 20 19 0 1 0
0 0 0 8192.32 2.59 20 20 0 1 0
0 0 0 4806.38 2.59 20 21 0 1 0
0 0 0 6912.11 2.59 20 10 0 1 0
0 0 0 4945.07 2.59 20 21 0 1 0
0 0 0 7909.51 2.59 20 29 0 1 0
0 0 0 4940.95 2.59 20 23 0 1 0
0 0 0 7123.80 2.59 20 21 0 1 0
0 0 0 5051.41 2.59 20 18 0 1 0
0 0 0 7851.41 2.59 20 20 0 1 0
0 0 0 5180.03 2.59 20 14 0 1 0
0 0 0 5437.12 2.59 20 18 0 1 0
#CONTAINERS_LOADED
2 1 1 7500.00 2.59 20 24 0 1 0
2 1 -1 7500.00 2.59 20 10 0 1 0
2 2 1 7500.00 2.59 20 25 0 1 0
2 2 -1 7500.00 2.59 20 1 0 1 0
2 3 1 7500.00 2.59 20 28 0 1 0
2 3 -1 7500.00 2.59 20 29 0 1 0
3 1 1 7500.00 2.59 20 16 0 1 0
3 1 -1 7500.00 2.59 20 7 0 1 0
3 2 1 7500.00 2.59 20 15 0 1 0
3 2 -1 7500.00 2.59 20 11 0 1 0
3 3 1 7500.00 2.59 20 13 0 1 0
3 3 -1 7500.00 2.59 20 15 0 1 0
3 4 1 7500.00 2.59 20 14 0 1 0
3 4 -1 7500.00 2.59 20 5 0 1 0
3 5 1 7500.00 2.59 20 24 0 1 0
3 5 -1 7500.00 2.59 20 18 0 1 0
3 6 1 7500.00 2.59 20 15 0 1 0
3 6 -1 7500.00 2.59 20 22 0 1 0
3 7 1 7500.00 2.59 20 20 0 1 1
3 7 -1 7500.00 2.59 20 22 0 1 1
3 8 1 7500.00 2.59 20 7 0 1 0
3 8 -1 7500.00 2.59 20 4 0 1 0
3 9 1 7500.00 2.59 20 12 0 1 0
3 9 -1 7500.00 2.59 20 18 0 1 0
3 10 1 7500.00 2.59 20 5 0 1 0
3 10 -1 7500.00 2.59 20 16 0 1 0
4 1 1 7500.00 2.59 20 18 1 1 0
4 1 -1 7500.00 2.59 20 10 1 1 0
4 2 1 7500.00 2.59 20 3 1 1 0
4 2 -1 7500.00 2.59 20 3 1 1 0
4 3 1 7500.00 2.59 20 2 1 1 0
4 3 -1 7500.00 2.59 20 14 1 1 0
4 4 1 7500.00 2.59 20 13 1 1 0
4 4 -1 7500.00 2.59 20 29 1 1 0
4 5 1 7500.00 2.59 20 21 1 1 0
4 5 -1 7500.00 2.59 20 10 1 1 0
4 6 1 7500.00 2.59 20 14 1 1 0
4 6 -1 7500.00 2.59 20 12 1 1 0
4 7 1 7500.00 2.59 20 18 1 1 0
4 7 -1 7500.00 2.59 20 8 1 1 0
4 8 1 7500.00 2.59 20 24 1 1 0
4 8 -1 7500.00 2.59 20 18 1 1 0
4 9 1 7500.00 2.59 20 6 1 1 0
4 9 -1 7500.00 2.59 20 27 1 1 0
4 10 1 7500.00 2.59 20 26 1 1 0
4 10 -1 7500.00 2.59 20 26 1 1 0
5 1 1 7500.00 2.59 20 24 1 1 0
5 1 -1 7500.00 2.59 20 15 1 1 0
5 2 1 7500.00 2.59 20 25 1 1 0
5 2 -1 7500.00 2.59 20 18 1 1 0
5 3 1 7500.00 2.59 20 8 1 1 0
5 3 -1 7500.00 2.59 20 6 1 1 0
5 4 1 7500.00 2.59 20 21 1 1 0
5 4 -1 7500.00 2.59 20 6 1 1 0
5 5 1 7500.00 2.59 20 15 1 1 0
5 5 -1 7500.00 2.59 20 21 1 1 0
5 6 1 7500.00 2.59 20 22 1 1 0
5 6 -1 7500.00 2.59 20 17 1 1 0
5 7 1 7500.00 2.59 20 27 1 1 0
5 7 -1 7500.00 2.59 20 22 1 1 0
5 8 1 7500.00 2.59 20 28 1 1 3
5 8 -1 7500.00 2.59 20 22 1 1 3
5 9 1 7500.00 2.59 20 25 1 1 0
5 9 -1 7500.00 2.59 20 9 1 1 0
5 10 1 7500.00 2.59 20 4 1 1 4
5 10 -1 7500.00 2.59 20 16 1 1 4
6 1 1 7500.00 2.59 20 22 1 1 0
6 1 -1 7500.00 2.59 20 7 1 1 0
6 2 1 7500.00 2.59 20 8 1 1 0
6 2 -1 7500.00 2.59 20 22 1 1 0
6 3 1 7500.00 2.59 20 17 1 1 0
6 3 -1 7500.00 2.59 20 1 1 1 0
6 4 1 7500.00 2.59 20 11 1 1 0
6 4 -1 7500.00 2.59 20 11 1 1 0
6 5 1 7500.00 2.59 20 23 1 1 0
6 5 -1 7500.00 2.59 20 25 1 1 0
6 6 1 7500.00 2.59 20 22 1 1 0
6 6 -1 7500.00 2.59 20 24 1 1 0
6 7 1 7500.00 2.59 20 18 1 1 0
6 7 -1 7500.00 2.59 20 25 1 1 0
6 8 1 7500.00 2.59 20 12 1 1 0
6 8 -1 7500.00 2.59 20 28 1 1 0
6 9 1 7500.00 2.59 20 18 1 1 0
6 9 -1 7500.00 2.59 20 22 1 1 0
6 10 1 7500.00 2.59 20 24 1 1 0
6 10 -1 7500.00 2.59 20 18 1 1 0
7 1 1 7500.00 2.59 20 10 1 1 0
7 1 -1 7500.00 2.59 20 25 1 1 0
7 2 1 7500.00 2.59 20 25 1 1 0
7 2 -1 7500.00 2.59 20 3 1 1 0
7 3 1 7500.00 2.59 20 17 1 1 0
7 3 -1 7500.00 2.59 20 25 1 1 0
7 4 1 7500.00 2.59 20 9 1 1 4
7 4 -1 7500.00 2.59 20 16 1 1 4
7 5 1 7500.00 2.59 20 25 1 1 0
7 5 -1 7500.00 2.59 20 18 1 1 0
7 6 1 7500.00 2.59 20 25 1 1 0
7 6 -1 7500.00 2.59 20 4 1 1 0
7 7 1 7500.00 2.59 20 22 1 1 0
7 7 -1 7500.00 2.59 20 21 1 1 0
7 8 1 7500.00 2.59 20 23 1 1 0
7 8 -1 7500.00 2.59 20 6 1 1 0
7 9 1 7500.00 2.59 20 8 1 1 0
7 9 -1 7500.00 2.59 20 17 1 1 0
7 10 1 7500.00 2.59 20 29 1 1 0
7 10 -1 7500.00 2.59 20 6 1 1 0
8 1 1 7500.00 2.59 20 27 1 1 0
8 1 -1 7500.00 2.59 20 18 1 1 0
8 2 1 7500.00 2.59 20 29 1 1 0
8 2 -1 7500.00 2.59 20 23 1 1 0
8 3 1 7500.00 2.59 20 18 1 1 0
8 3 -1 7500.00 2.59 20 17 1 1 0
8 4 1 7500.00 2.59 20 15 1 1 0
8 4 -1 7500.00 2.59 20 15 1 1 0
8 5 1 7500.00 2.59 20 13 1 1 0
8 5 -1 7500.00 2.59 20 22 1 1 0
8 6 1 7500.00 2.59 20 29 1 1 0
8 6 -1 7500.00 2.59 20 12 1 1 0
8 7 1 7500.00 2.59 20 27 1 1 0
8 7 -1 7500.00 2.59 20 17 1 1 0
8 8 1 7500.00 2.59 20 1 1 1 0
8 8 -1 7500.00 2.59 20 24 1 1 0
8 9 1 7500.00 2.59 20 21 1 1 0
8 9 -1 7500.00 2.59 20 16 1 1 0
8 10 1 7500.00 2.59 20 21 1 1 0
8 10 -1 7500.00 2.59 20 13 1 1 0
9 1 1 7500.00 2.59 20 18 1 1 0
9 1 -1 7500.00 2.59 20 8 1 1 0
9 2 1 7500.00 2.59 20 16 1 1 0
9 2 -1 7500.00 2.59 20 15 1 1 0
9 3 1 7500.00 2.59 20 15 1 1 0
9 3 -1 7500.00 2.59 20 12 1 1 0
9 4 1 7500.00 2.59 20 2 1 1 4
9 4 -1 7500.00 2.59 20 16 1 1 4
9 5 1 7500.00 2.59 20 3 1 1 0
9 5 -1 7500.00 2.59 20 26 1 1 0
9 6 1 7500.00 2.59 20 29 1 1 0
9 6 -1 7500.00 2.59 20 18 1 1 0
9 7 1 7500.00 2.59 20 29 1 1 0
9 7 -1 7500.00 2.59 20 18 1 1 0
9 8 1 7500.00 2.59 20 4 1 1 0
9 8 -1 7500.00 2.59 20 16 1 1 0
9 9 1 7500.00 2.59 20 18 1 1 0
9 9 -1 7500.00 2.59 20 11 1 1 0
9 10 1 7500.00 2.59 20 12 1 1 0
9 10 -1 7500.00 2.59 20 23 1 1 0
10 1 1 7500.00 2.59 20 14 0 1 0
10 1 -1 7500.00 2.59 20 2 0 1 0
10 2 1 7500.00 2.59 20 16 0 1 0
10 2 -1 7500.00 2.59 20 10 0 1 0
10 3 1 7500.00 2.59 20 9 0 1 0
10 3 -1 7500.00 2.59 20 20 0 1 0
10 4 1 7500.00 2.59 20 26 0 1 0
10 4 -1 7500.00 2.59 20 21 0 1 0
10 5 1 7500.00 2.59 20 14 0 1 0
10 5 -1 7500.00 2.59 20 11 0 1 0
10 6 1 7500.00 2.59 20 22 0 1 0
10 6 -1 7500.00 2.59 20 23 0 1 0
10 7 1 7500.00 2.59 20 19 0 1 0
10 7 -1 7500.00 2.59 20 18 0 1 0
10 8 1 7500.00 2.59 20 17 0 1 0
10 8 -1 7500.00 2.59 20 16 0 1 0
10 9 1 7500.00 2.59 20 15 0 1 0
10 9 -1 7500.00 2.59 20 8 0 1 0
10 10 1 7500.00 2.59 20 11 0 1 0
10 10 -1 7500.00 2.59 20 6 0 1 0
11 1 1 7500.00 2.59 20 14 0 1 0
11 1 -1 7500.00 2.59 20 6 0 1 0
11 2 1 7500.00 2.59 20 27 0 1 0
11 2 -1 7500.00 2.59 20 20 0 1 0
11 3 1 7500.00 2.59 20 27 0 1 0
11 3 -1 7500.00 2.59 20 7 0 1 0
11 4 1 7500.00 2.59 20 3 0 1 0
11 4 -1 7500.00 2.59 20 21 0 1 0
11 5 1 7500.00 2.59 20 8 0 1 0
11 5 -1 7500.00 2.59 20 11 0 1 0
11 6 1 7500.00 2.59 20 9 0 1 0
11 6 -1 7500.00 2.59 20 14 0 1 0
11 7 1 7500.00 2.59 20 13 0 1 0
11 7 -1 7500.00 2.59 20 11 0 1 0
11 8 1 7500.00 2.59 20 9 0 1 0
11 8 -1 7500.00 2.59 20 8 0 1 0
11 9 1 7500.00 2.59 20 14 0 1 0
11 9 -1 7500.00 2.59 20 3 0 1 0
11 10 1 7500.00 2.59 20 23 0 1 0
11 10 -1 7500.00 2.59 20 11 0 1 0
#STACKS
150000.00 25.90 1
150000.00 25.90 1
150000.00 25.90 1
150000.00 25.90 1
150000.00 25.90 1
150000.00 25.90 1
150000.00 25.90 1
150000.00 25.90 1
150000.00 25.90 1
150000.00 25.90 1
150000.00 25.90 1
150000.00 25.90 1
#CELLS
1 0 0 1 1 1 1
1 0 0 1 1 1 1
1 0 0 1 1 1 1
1 0 0 1 1 1 1
1 0 0 1 1 1 1
1 0 0 1 1 1 1
1 0 0 1 1 1 1
1 0 0 1 1 1 1
1 0 0 1 1 1 1
1 0 0 1 1 1 1
2 0 0 1 1 1 1
2 0 0 1 1 1 1
2 0 0 1 1 1 1
2 0 0 1 1 1 1
2 0 0 1 1 1 1
2 0 0 1 1 1 1
2 0 0 1 1 1 1
2 0 0 1 1 1 1
2 0 0 1 1 1 1
2 0 0 1 1 1 1
3 0 0 1 1 1 1
3 0 0 1 1 1 1
3 0 0 1 1 1 1
3 0 0 1 1 1 1
3 0 0 1 1 1 1
3 0 0 1 1 1 1
3 0 0 1 1 1 1
3 0 0 1 1 1 1
3 0 0 1 1 1 1
3 0 0 1 1 1 1
4 1 1 1 1 1 1
4 1 1 1 1 1 1
4 1 1 1 1 1 1
4 1 1 1 1 1 1
4 1 1 1 1 1 1
4 1 1 1 1 1 1
4 1 1 1 1 1 1
4 1 1 1 1 1 1
4 1 1 1 1 1 1
4 1 1 1 1 1 1
5 1 1 1 1 1 1
5 1 1 1 1 1 1
5 1 1 1 1 1 1
5 1 1 1 1 1 1
5 1 1 1 1 1 1
5 1 1 1 1 1 1
5 1 1 1 1 1 1
5 1 1 1 1 1 1
5 1 1 1 1 1 1
5 1 1 1 1 1 1
6 1 1 1 1 1 1
6 1 1 1 1 1 1
6 1 1 1 1 1 1
6 1 1 1 1 1 1
6 1 1 1 1 1 1
6 1 1 1 1 1 1
6 1 1 1 1 1 1
6 1 1 1 1 1 1
6 1 1 1 1 1 1
6 1 1 1 1 1 1
7 1 1 1 1 1 1
7 1 1 1 1 1 1
7 1 1 1 1 1 1
7 1 1 1 1 1 1
7 1 1 1 1 1 1
7 1 1 1 1 1 1
7 1 1 1 1 1 1
7 1 1 1 1 1 1
7 1 1 1 1 1 1
7 1 1 1 1 1 1
8 1 1 1 1 1 1
8 1 1 1 1 1 1
8 1 1 1 1 1 1
8 1 1 1 1 1 1
8 1 1 1 1 1 1
8 1 1 1 1 1 1
8 1 1 1 1 1 1
8 1 1 1 1 1 1
8 1 1 1 1 1 1
8 1 1 1 1 1 1
9 1 1 1 1 1 1
9 1 1 1 1 1 1
9 1 1 1 1 1 1
9 1 1 1 1 1 1
9 1 1 1 1 1 1
9 1 1 1 1 1 1
9 1 1 1 1 1 1
9 1 1 1 1 1 1
9 1 1 1 1 1 1
9 1 1 1 1 1 1
10 0 0 1 1 1 1
10 0 0 1 1 1 1
10 0 0 1 1 1 1
10 0 0 1 1 1 1
10 0 0 1 1 1 1
10 0 0 1 1 1 1
10 0 0 1 1 1 1
10 0 0 1 1 1 1
10 0 0 1 1 1 1
10 0 0 1 1 1 1
11 0 0 1 1 1 1
11 0 0 1 1 1 1
11 0 0 1 1 1 1
11 0 0 1 1 1 1
11 0 0 1 1 1 1
11 0 0 1 1 1 1
11 0 0 1 1 1 1
11 0 0 1 1 1 1
11 0 0 1 1 1 1
11 0 0 1 1 1 1
12 0 0 1 1 1 1
12 0 0 1 1 1 1
12 0 0 1 1 1 1
12 0 0 1 1 1 1
12 0 0 1 1 1 1
12 0 0 1 1 1 1
12 0 0 1 1 1 1
12 0 0 1 1 1 1
12 0 0 1 1 1 1
12 0 0 1 1 1 1
#INFO-GEN
Namespace(bayType=5, francisco=True, meanPort=17, seed=1234, stdPort=19.80377748166358, target40=0, targetCapacity=100, targetHC=55, targetIMO=8, targetPorts=29, targetReefer=44, targetRelease=78, targetWeight=83)
