15 34 64 12 120 1 10
#POD
1 2 3 4 5 6 7 8 9 10 11 12 13 14 15
#LOCATIONS
1
#CONTAINERS_TOLOAD
0 0 0 28331.11 2.59 20 2 0 1 0
0 0 0 24480.19 2.59 20 2 0 1 0
0 0 0 23450.92 2.59 20 8 1 1 0
0 0 0 29121.99 2.59 20 13 1 1 0
0 0 0 25802.51 2.59 20 12 1 1 0
0 0 0 24609.27 2.59 20 10 1 1 0
0 0 0 21995.35 2.59 20 1 1 1 0
0 0 0 26236.57 2.59 20 7 1 1 0
0 0 0 25165.58 2.59 20 9 1 1 0
0 0 0 25039.37 2.59 20 7 1 1 0
0 0 0 25364.07 2.59 20 2 1 1 0
0 0 0 28082.69 2.59 20 4 1 1 0
0 0 0 23666.98 2.59 20 15 1 1 0
0 0 0 25226.71 2.59 20 10 1 1 0
0 0 0 23315.49 2.59 20 6 1 1 0
0 0 0 27795.60 2.59 20 13 1 1 0
0 0 0 25648.71 2.59 20 14 1 1 0
0 0 0 22841.13 2.59 20 15 1 1 0
0 0 0 29288.69 2.59 20 1 1 1 0
0 0 0 24694.81 2.59 20 14 1 1 0
0 0 0 25732.59 2.59 20 9 0 1 0
0 0 0 22331.31 2.59 20 10 0 1 0
0 0 0 26361.87 2.59 20 13 0 1 0
0 0 0 26821.90 2.59 20 1 0 1 0
0 0 0 26067.78 2.90 40 1 0 1 0
0 0 0 25368.99 2.90 40 11 0 1 4
0 0 0 25223.77 2.90 40 3 1 1 4
0 0 0 21602.50 2.90 40 9 1 1 0
0 0 0 29252.81 2.59 40 4 1 1 0
0 0 0 23920.28 2.90 40 1 1 1 4
0 0 0 22230.66 2.59 40 6 1 1 4
0 0 0 27005.04 2.90 40 14 1 1 0
0 0 0 24610.90 2.90 40 13 1 1 0
0 0 0 24293.84 2.90 40 8 1 1 4
#CONTAINERS_LOADED
5 1 1 7500.00 2.59 20 4 1 1 3
5 1 -1 7500.00 2.59 20 1 1 1 3
5 2 1 7500.00 2.59 20 1 1 1 4
5 2 -1 7500.00 2.59 20 8 1 1 4
5 3 1 7500.00 2.59 20 8 1 1 3
5 3 -1 7500.00 2.59 20 11 1 1 3
5 4 1 7500.00 2.59 20 4 1 1 4
5 4 -1 7500.00 2.59 20 1 1 1 4
5 5 1 7500.00 2.59 20 7 1 1 3
5 5 -1 7500.00 2.59 20 1 1 1 3
5 6 1 7500.00 2.59 20 8 1 1 4
5 6 -1 7500.00 2.59 20 3 1 1 4
5 7 1 7500.00 2.59 20 4 1 1 4
5 7 -1 7500.00 2.59 20 6 1 1 4
5 8 1 7500.00 2.59 20 12 1 1 0
5 8 -1 7500.00 2.59 20 11 1 1 0
6 1 1 7500.00 2.59 20 4 1 1 0
6 1 -1 7500.00 2.59 20 11 1 1 0
6 2 1 7500.00 2.59 20 14 1 1 0
6 2 -1 7500.00 2.59 20 6 1 1 0
6 3 1 7500.00 2.59 20 7 1 1 0
6 3 -1 7500.00 2.59 20 1 1 1 0
6 4 1 7500.00 2.59 20 15 1 1 0
6 4 -1 7500.00 2.59 20 2 1 1 0
6 5 1 7500.00 2.59 20 7 1 1 0
6 5 -1 7500.00 2.59 20 10 1 1 0
6 6 1 7500.00 2.59 20 1 1 1 0
6 6 -1 7500.00 2.59 20 1 1 1 0
6 7 1 7500.00 2.59 20 3 1 1 0
6 7 -1 7500.00 2.59 20 3 1 1 0
6 8 1 7500.00 2.59 20 6 1 1 0
6 8 -1 7500.00 2.59 20 14 1 1 0
6 9 1 7500.00 2.59 20 1 1 1 0
6 9 -1 7500.00 2.59 20 4 1 1 0
6 10 1 7500.00 2.59 20 11 1 1 0
6 10 -1 7500.00 2.59 20 10 1 1 0
7 1 1 7500.00 2.59 20 5 1 1 3
7 1 -1 7500.00 2.59 20 1 1 1 3
7 2 1 7500.00 2.59 20 12 1 1 4
7 2 -1 7500.00 2.59 20 3 1 1 4
7 3 1 7500.00 2.59 20 2 1 1 0
7 3 -1 7500.00 2.59 20 3 1 1 0
7 4 1 7500.00 2.59 20 9 1 1 4
7 4 -1 7500.00 2.59 20 1 1 1 4
7 5 1 7500.00 2.59 20 1 1 1 3
7 5 -1 7500.00 2.59 20 4 1 1 3
7 6 1 7500.00 2.59 20 9 1 1 4
7 6 -1 7500.00 2.59 20 10 1 1 4
7 7 1 7500.00 2.59 20 6 1 1 0
7 7 -1 7500.00 2.59 20 12 1 1 0
7 8 1 7500.00 2.59 20 2 1 1 4
7 8 -1 7500.00 2.59 20 8 1 1 4
7 9 0 15000.00 2.59 40 10 1 1 3
7 10 0 15000.00 2.59 40 8 1 1 3
8 1 0 15000.00 2.59 40 5 1 1 0
8 2 0 15000.00 2.59 40 13 1 1 0
8 3 0 15000.00 2.59 40 8 1 1 0
8 4 0 15000.00 2.59 40 12 1 1 0
8 5 0 15000.00 2.59 40 1 1 1 0
8 6 0 15000.00 2.59 40 11 1 1 0
8 7 0 15000.00 2.59 40 10 1 1 0
8 8 0 15000.00 2.59 40 1 1 1 0
8 9 0 15000.00 2.59 40 1 1 1 0
8 10 0 15000.00 2.59 40 5 1 1 0
#STACKS
150000.00 25.90 1
150000.00 25.90 1
150000.00 25.90 1
150000.00 25.90 1
150000.00 25.90 1
150000.00 25.90 1
150000.00 25.90 1
150000.00 25.90 1
150000.00 25.90 1
150000.00 25.90 1
150000.00 25.90 1
150000.00 25.90 1
#CELLS
1 0 0 1 1 1 1
1 0 0 1 1 1 1
1 0 0 1 1 1 1
1 0 0 1 1 1 1
1 0 0 1 1 1 1
1 0 0 1 1 1 1
1 0 0 1 1 1 1
1 0 0 1 1 1 1
1 0 0 1 1 1 1
1 0 0 1 1 1 1
2 0 0 1 1 1 1
2 0 0 1 1 1 1
2 0 0 1 1 1 1
2 0 0 1 1 1 1
2 0 0 1 1 1 1
2 0 0 1 1 1 1
2 0 0 1 1 1 1
2 0 0 1 1 1 1
2 0 0 1 1 1 1
2 0 0 1 1 1 1
3 0 0 1 1 1 1
3 0 0 1 1 1 1
3 0 0 1 1 1 1
3 0 0 1 1 1 1
3 0 0 1 1 1 1
3 0 0 1 1 1 1
3 0 0 1 1 1 1
3 0 0 1 1 1 1
3 0 0 1 1 1 1
3 0 0 1 1 1 1
4 1 1 1 1 1 1
4 1 1 1 1 1 1
4 1 1 1 1 1 1
4 1 1 1 1 1 1
4 1 1 1 1 1 1
4 1 1 1 1 1 1
4 1 1 1 1 1 1
4 1 1 1 1 1 1
4 1 1 1 1 1 1
4 1 1 1 1 1 1
5 1 1 1 1 1 1
5 1 1 1 1 1 1
5 1 1 1 1 1 1
5 1 1 1 1 1 1
5 1 1 1 1 1 1
5 1 1 1 1 1 1
5 1 1 1 1 1 1
5 1 1 1 1 1 1
5 1 1 1 1 1 1
5 1 1 1 1 1 1
6 1 1 1 1 1 1
6 1 1 1 1 1 1
6 1 1 1 1 1 1
6 1 1 1 1 1 1
6 1 1 1 1 1 1
6 1 1 1 1 1 1
6 1 1 1 1 1 1
6 1 1 1 1 1 1
6 1 1 1 1 1 1
6 1 1 1 1 1 1
7 1 1 1 1 1 1
7 1 1 1 1 1 1
7 1 1 1 1 1 1
7 1 1 1 1 1 1
7 1 1 1 1 1 1
7 1 1 1 1 1 1
7 1 1 1 1 1 1
7 1 1 1 1 1 1
7 1 1 1 1 1 1
7 1 1 1 1 1 1
8 1 1 1 1 1 1
8 1 1 1 1 1 1
8 1 1 1 1 1 1
8 1 1 1 1 1 1
8 1 1 1 1 1 1
8 1 1 1 1 1 1
8 1 1 1 1 1 1
8 1 1 1 1 1 1
8 1 1 1 1 1 1
8 1 1 1 1 1 1
9 1 1 1 1 1 1
9 1 1 1 1 1 1
9 1 1 1 1 1 1
9 1 1 1 1 1 1
9 1 1 1 1 1 1
9 1 1 1 1 1 1
9 1 1 1 1 1 1
9 1 1 1 1 1 1
9 1 1 1 1 1 1
9 1 1 1 1 1 1
10 0 0 1 1 1 1
10 0 0 1 1 1 1
10 0 0 1 1 1 1
10 0 0 1 1 1 1
10 0 0 1 1 1 1
10 0 0 1 1 1 1
10 0 0 1 1 1 1
10 0 0 1 1 1 1
10 0 0 1 1 1 1
10 0 0 1 1 1 1
11 0 0 1 1 1 1
11 0 0 1 1 1 1
11 0 0 1 1 1 1
11 0 0 1 1 1 1
11 0 0 1 1 1 1
11 0 0 1 1 1 1
11 0 0 1 1 1 1
11 0 0 1 1 1 1
11 0 0 1 1 1 1
11 0 0 1 1 1 1
12 0 0 1 1 1 1
12 0 0 1 1 1 1
12 0 0 1 1 1 1
12 0 0 1 1 1 1
12 0 0 1 1 1 1
12 0 0 1 1 1 1
12 0 0 1 1 1 1
12 0 0 1 1 1 1
12 0 0 1 1 1 1
12 0 0 1 1 1 1
#INFO-GEN
Namespace(bayType=5, francisco=True, meanPort=3, seed=3456, stdPort=11.889895101186168, target40=38, targetCapacity=50, targetHC=52, targetIMO=63, targetPorts=15, targetReefer=79, targetRelease=64, targetWeight=70)
