15 48 98 12 120 1 10
#POD
1 2 3 4 5 6 7 8 9 10 11 12 13 14 15
#LOCATIONS
1
#CONTAINERS_TOLOAD
0 0 0 14502.19 2.59 20 9 0 1 1
0 0 0 6654.21 2.59 20 7 0 1 1
0 0 0 9209.96 2.59 20 2 0 1 0
0 0 0 15437.84 2.59 20 4 0 1 0
0 0 0 5364.67 2.59 20 15 0 1 1
0 0 0 13641.14 2.59 20 10 0 1 1
0 0 0 5438.31 2.59 20 6 0 1 0
0 0 0 11836.09 2.59 20 13 0 1 0
0 0 0 9267.70 2.59 20 14 0 1 0
0 0 0 9858.93 2.59 20 15 0 1 0
0 0 0 10081.09 2.59 20 1 0 1 0
0 0 0 13349.85 2.59 20 14 0 1 0
0 0 0 6440.78 2.59 20 9 0 1 0
0 0 0 11512.51 2.59 20 10 0 1 0
0 0 0 7445.98 2.59 20 13 0 1 4
0 0 0 13702.82 2.59 20 1 0 1 4
0 0 0 8234.48 2.59 20 1 0 1 0
0 0 0 8408.22 2.59 20 11 0 1 0
0 0 0 15730.04 2.59 20 3 0 1 4
0 0 0 4581.45 2.59 20 9 0 1 4
0 0 0 14835.90 2.59 20 4 0 1 0
0 0 0 4815.49 2.59 20 1 0 1 0
0 0 0 12713.90 2.59 20 6 1 1 0
0 0 0 10011.38 2.59 20 14 1 1 0
0 0 0 10616.15 2.59 20 13 1 1 0
0 0 0 9453.12 2.59 20 8 1 1 0
0 0 0 10437.85 2.59 20 4 1 1 0
0 0 0 6874.30 2.59 20 1 1 1 0
0 0 0 15915.58 2.90 40 1 0 1 0
0 0 0 4051.28 2.59 40 8 0 1 0
0 0 0 9660.05 2.59 40 8 0 1 0
0 0 0 12491.85 2.59 40 11 0 1 0
0 0 0 8398.57 2.90 40 4 0 1 0
0 0 0 9132.26 2.90 40 1 0 1 0
0 0 0 12996.29 2.59 40 7 0 1 0
0 0 0 10665.85 2.90 40 1 0 1 0
0 0 0 7595.39 2.59 40 8 0 1 0
0 0 0 12897.51 2.59 40 3 0 1 0
0 0 0 6488.87 2.90 40 4 0 1 0
0 0 0 13458.38 2.59 40 6 0 1 0
0 0 0 5800.08 2.90 40 12 0 1 0
0 0 0 11619.36 2.59 40 11 0 1 0
0 0 0 12413.46 2.90 40 4 0 1 0
0 0 0 8485.50 2.90 40 11 0 1 1
0 0 0 8570.14 2.90 40 14 0 1 0
0 0 0 14559.01 2.59 40 6 0 1 4
0 0 0 4814.42 2.90 40 7 0 1 0
0 0 0 9529.79 2.90 40 1 0 1 0
#CONTAINERS_LOADED
4 1 1 7500.00 2.59 20 15 1 1 0
4 1 -1 7500.00 2.59 20 2 1 1 0
4 2 1 7500.00 2.59 20 7 1 1 0
4 2 -1 7500.00 2.59 20 10 1 1 0
4 3 1 7500.00 2.59 20 1 1 1 0
4 3 -1 7500.00 2.59 20 1 1 1 0
4 4 1 7500.00 2.59 20 3 1 1 0
4 4 -1 7500.00 2.59 20 3 1 1 0
4 5 1 7500.00 2.59 20 6 1 1 0
4 5 -1 7500.00 2.59 20 14 1 1 0
4 6 1 7500.00 2.59 20 1 1 1 0
4 6 -1 7500.00 2.59 20 4 1 1 0
5 1 1 7500.00 2.59 20 11 1 1 0
5 1 -1 7500.00 2.59 20 10 1 1 0
5 2 1 7500.00 2.59 20 5 1 1 0
5 2 -1 7500.00 2.59 20 1 1 1 0
5 3 1 7500.00 2.59 20 12 1 1 0
5 3 -1 7500.00 2.59 20 3 1 1 0
5 4 1 7500.00 2.59 20 2 1 1 4
5 4 -1 7500.00 2.59 20 3 1 1 4
5 5 1 7500.00 2.59 20 9 1 1 0
5 5 -1 7500.00 2.59 20 1 1 1 0
5 6 1 7500.00 2.59 20 1 1 1 1
5 6 -1 7500.00 2.59 20 4 1 1 1
5 7 1 7500.00 2.59 20 9 1 1 0
5 7 -1 7500.00 2.59 20 10 1 1 0
5 8 1 7500.00 2.59 20 6 1 1 0
5 8 -1 7500.00 2.59 20 12 1 1 0
5 9 1 7500.00 2.59 20 2 1 1 1
5 9 -1 7500.00 2.59 20 8 1 1 1
5 10 1 7500.00 2.59 20 10 1 1 0
5 10 -1 7500.00 2.59 20 8 1 1 0
6 1 1 7500.00 2.59 20 5 1 1 0
6 1 -1 7500.00 2.59 20 13 1 1 0
6 2 1 7500.00 2.59 20 8 1 1 0
6 2 -1 7500.00 2.59 20 12 1 1 0
6 3 1 7500.00 2.59 20 1 1 1 0
6 3 -1 7500.00 2.59 20 11 1 1 0
6 4 1 7500.00 2.59 20 10 1 1 0
6 4 -1 7500.00 2.59 20 1 1 1 0
6 5 1 7500.00 2.59 20 1 1 1 0
6 5 -1 7500.00 2.59 20 5 1 1 0
6 6 1 7500.00 2.59 20 11 1 1 0
6 6 -1 7500.00 2.59 20 2 1 1 0
6 7 1 7500.00 2.59 20 4 1 1 0
6 7 -1 7500.00 2.59 20 7 1 1 0
6 8 1 7500.00 2.59 20 11 1 1 0
6 8 -1 7500.00 2.59 20 12 1 1 0
6 9 1 7500.00 2.59 20 14 1 1 0
6 9 -1 7500.00 2.59 20 7 1 1 0
6 10 1 7500.00 2.59 20 9 1 1 0
6 10 -1 7500.00 2.59 20 5 1 1 0
7 1 1 7500.00 2.59 20 11 1 1 3
7 1 -1 7500.00 2.59 20 11 1 1 3
7 2 1 7500.00 2.59 20 9 1 1 0
7 2 -1 7500.00 2.59 20 11 1 1 0
7 3 1 7500.00 2.59 20 1 1 1 3
7 3 -1 7500.00 2.59 20 11 1 1 3
7 4 1 7500.00 2.59 20 6 1 1 4
7 4 -1 7500.00 2.59 20 2 1 1 4
7 5 1 7500.00 2.59 20 9 1 1 3
7 5 -1 7500.00 2.59 20 9 1 1 3
7 6 1 7500.00 2.59 20 12 1 1 0
7 6 -1 7500.00 2.59 20 11 1 1 0
7 7 1 7500.00 2.59 20 12 1 1 4
7 7 -1 7500.00 2.59 20 8 1 1 4
7 8 1 7500.00 2.59 20 10 1 1 4
7 8 -1 7500.00 2.59 20 6 1 1 4
7 9 1 7500.00 2.59 20 8 1 1 4
7 9 -1 7500.00 2.59 20 10 1 1 4
7 10 1 7500.00 2.59 20 10 1 1 4
7 10 -1 7500.00 2.59 20 2 1 1 4
8 1 1 7500.00 2.59 20 13 1 1 0
8 1 -1 7500.00 2.59 20 5 1 1 0
8 2 1 7500.00 2.59 20 10 1 1 0
8 2 -1 7500.00 2.59 20 9 1 1 0
8 3 1 7500.00 2.59 20 2 1 1 0
8 3 -1 7500.00 2.59 20 6 1 1 0
8 4 1 7500.00 2.59 20 2 1 1 0
8 4 -1 7500.00 2.59 20 14 1 1 0
8 5 1 7500.00 2.59 20 4 1 1 0
8 5 -1 7500.00 2.59 20 14 1 1 0
8 6 1 7500.00 2.59 20 12 1 1 0
8 6 -1 7500.00 2.59 20 7 1 1 0
8 7 0 15000.00 2.59 40 5 1 1 0
8 8 0 15000.00 2.59 40 7 1 1 0
8 9 0 15000.00 2.59 40 5 1 1 0
8 10 0 15000.00 2.59 40 13 1 1 0
9 1 0 15000.00 2.59 40 5 1 1 4
9 2 0 15000.00 2.59 40 6 1 1 0
9 3 0 15000.00 2.59 40 1 1 1 3
9 4 0 15000.00 2.59 40 9 1 1 0
9 5 0 15000.00 2.59 40 2 1 1 4
9 6 0 15000.00 2.59 40 11 1 1 0
9 7 0 15000.00 2.59 40 13 1 1 4
9 8 0 15000.00 2.59 40 1 1 1 0
9 9 0 15000.00 2.59 40 8 1 1 4
9 10 0 15000.00 2.59 40 7 1 1 4
#STACKS
150000.00 25.90 1
150000.00 25.90 1
150000.00 25.90 1
150000.00 25.90 1
150000.00 25.90 1
150000.00 25.90 1
150000.00 25.90 1
150000.00 25.90 1
150000.00 25.90 1
150000.00 25.90 1
150000.00 25.90 1
150000.00 25.90 1
#CELLS
1 0 0 1 1 1 1
1 0 0 1 1 1 1
1 0 0 1 1 1 1
1 0 0 1 1 1 1
1 0 0 1 1 1 1
1 0 0 1 1 1 1
1 0 0 1 1 1 1
1 0 0 1 1 1 1
1 0 0 1 1 1 1
1 0 0 1 1 1 1
2 0 0 1 1 1 1
2 0 0 1 1 1 1
2 0 0 1 1 1 1
2 0 0 1 1 1 1
2 0 0 1 1 1 1
2 0 0 1 1 1 1
2 0 0 1 1 1 1
2 0 0 1 1 1 1
2 0 0 1 1 1 1
2 0 0 1 1 1 1
3 0 0 1 1 1 1
3 0 0 1 1 1 1
3 0 0 1 1 1 1
3 0 0 1 1 1 1
3 0 0 1 1 1 1
3 0 0 1 1 1 1
3 0 0 1 1 1 1
3 0 0 1 1 1 1
3 0 0 1 1 1 1
3 0 0 1 1 1 1
4 1 1 1 1 1 1
4 1 1 1 1 1 1
4 1 1 1 1 1 1
4 1 1 1 1 1 1
4 1 1 1 1 1 1
4 1 1 1 1 1 1
4 1 1 1 1 1 1
4 1 1 1 1 1 1
4 1 1 1 1 1 1
4 1 1 1 1 1 1
5 1 1 1 1 1 1
5 1 1 1 1 1 1
5 1 1 1 1 1 1
5 1 1 1 1 1 1
5 1 1 1 1 1 1
5 1 1 1 1 1 1
5 1 1 1 1 1 1
5 1 1 1 1 1 1
5 1 1 1 1 1 1
5 1 1 1 1 1 1
6 1 1 1 1 1 1
6 1 1 1 1 1 1
6 1 1 1 1 1 1
6 1 1 1 1 1 1
6 1 1 1 1 1 1
6 1 1 1 1 1 1
6 1 1 1 1 1 1
6 1 1 1 1 1 1
6 1 1 1 1 1 1
6 1 1 1 1 1 1
7 1 1 1 1 1 1
7 1 1 1 1 1 1
7 1 1 1 1 1 1
7 1 1 1 1 1 1
7 1 1 1 1 1 1
7 1 1 1 1 1 1
7 1 1 1 1 1 1
7 1 1 1 1 1 1
7 1 1 1 1 1 1
7 1 1 1 1 1 1
8 1 1 1 1 1 1
8 1 1 1 1 1 1
8 1 1 1 1 1 1
8 1 1 1 1 1 1
8 1 1 1 1 1 1
8 1 1 1 1 1 1
8 1 1 1 1 1 1
8 1 1 1 1 1 1
8 1 1 1 1 1 1
8 1 1 1 1 1 1
9 1 1 1 1 1 1
9 1 1 1 1 1 1
9 1 1 1 1 1 1
9 1 1 1 1 1 1
9 1 1 1 1 1 1
9 1 1 1 1 1 1
9 1 1 1 1 1 1
9 1 1 1 1 1 1
9 1 1 1 1 1 1
9 1 1 1 1 1 1
10 0 0 1 1 1 1
10 0 0 1 1 1 1
10 0 0 1 1 1 1
10 0 0 1 1 1 1
10 0 0 1 1 1 1
10 0 0 1 1 1 1
10 0 0 1 1 1 1
10 0 0 1 1 1 1
10 0 0 1 1 1 1
10 0 0 1 1 1 1
11 0 0 1 1 1 1
11 0 0 1 1 1 1
11 0 0 1 1 1 1
11 0 0 1 1 1 1
11 0 0 1 1 1 1
11 0 0 1 1 1 1
11 0 0 1 1 1 1
11 0 0 1 1 1 1
11 0 0 1 1 1 1
11 0 0 1 1 1 1
12 0 0 1 1 1 1
12 0 0 1 1 1 1
12 0 0 1 1 1 1
12 0 0 1 1 1 1
12 0 0 1 1 1 1
12 0 0 1 1 1 1
12 0 0 1 1 1 1
12 0 0 1 1 1 1
12 0 0 1 1 1 1
12 0 0 1 1 1 1
#INFO-GEN
Namespace(bayType=5, francisco=True, meanPort=3, seed=3456, stdPort=11.889895101186168, target40=38, targetCapacity=75, targetHC=52, targetIMO=63, targetPorts=15, targetReefer=79, targetRelease=64, targetWeight=50)
