15 68 127 12 120 1 10
#POD
1 2 3 4 5 6 7 8 9 10 11 12 13 14 15
#LOCATIONS
1
#CONTAINERS_TOLOAD
0 0 0 12742.36 2.59 20 6 0 1 2
0 0 0 6095.12 2.59 20 13 0 1 2
0 0 0 8259.84 2.59 20 14 0 1 2
0 0 0 13534.85 2.59 20 15 0 1 2
0 0 0 5002.87 2.59 20 1 0 1 2
0 0 0 12013.05 2.59 20 14 0 1 2
0 0 0 5065.25 2.59 20 9 0 1 0
0 0 0 10484.17 2.59 20 10 0 1 0
0 0 0 8308.74 2.59 20 13 0 1 0
0 0 0 8809.51 2.59 20 1 0 1 0
0 0 0 8997.68 2.59 20 1 0 1 2
0 0 0 11766.32 2.59 20 11 0 1 2
0 0 0 5914.34 2.59 20 3 0 1 0
0 0 0 10210.10 2.59 20 9 0 1 0
0 0 0 6765.74 2.59 20 4 0 1 0
0 0 0 12065.29 2.59 20 1 0 1 0
0 0 0 7433.60 2.59 20 6 0 1 0
0 0 0 7580.76 2.59 20 14 0 1 0
0 0 0 13782.34 2.59 20 13 0 1 2
0 0 0 4339.49 2.59 20 8 0 1 2
0 0 0 13025.01 2.59 20 4 0 1 0
0 0 0 4537.72 2.59 20 1 0 1 0
0 0 0 11227.67 2.59 20 1 0 1 0
0 0 0 8938.64 2.59 20 8 0 1 0
0 0 0 9450.88 2.59 20 8 0 1 0
0 0 0 8465.79 2.59 20 11 0 1 0
0 0 0 9299.86 2.59 20 4 0 1 0
0 0 0 6281.53 2.59 20 1 0 1 0
0 0 0 13939.50 2.59 20 7 0 1 0
0 0 0 3890.44 2.59 20 1 0 1 0
0 0 0 8641.06 2.59 20 8 0 1 0
0 0 0 11039.59 2.59 20 3 0 1 0
0 0 0 7572.59 2.59 20 4 0 1 0
0 0 0 8194.03 2.59 20 6 0 1 0
0 0 0 11466.85 2.59 20 12 0 1 0
0 0 0 9492.97 2.59 20 11 0 1 0
0 0 0 6892.29 2.59 20 4 0 1 0
0 0 0 11383.19 2.59 20 11 0 1 0
0 0 0 5955.07 2.59 20 14 0 1 0
0 0 0 11858.25 2.59 20 6 0 1 0
0 0 0 5371.67 2.59 20 7 0 1 0
0 0 0 10300.60 2.59 20 1 0 1 0
0 0 0 10973.20 2.59 20 15 0 1 1
0 0 0 7646.22 2.59 20 2 0 1 1
0 0 0 7717.91 2.59 20 7 0 1 0
0 0 0 12790.48 2.59 20 10 0 1 0
0 0 0 4536.82 2.59 20 1 0 1 1
0 0 0 10577.79 2.59 20 1 0 1 1
0 0 0 9187.44 2.59 40 3 0 1 0
0 0 0 7937.84 2.90 40 3 0 1 3
0 0 0 9698.40 2.59 40 6 0 1 0
0 0 0 9672.48 2.59 40 14 0 1 0
0 0 0 6639.56 2.90 40 1 0 1 0
0 0 0 12359.00 2.90 40 4 0 1 0
0 0 0 5220.04 2.59 40 11 0 1 0
0 0 0 8818.29 2.59 40 10 0 1 3
0 0 0 14085.00 2.59 40 5 0 1 4
0 0 0 4212.31 2.59 40 1 0 1 0
0 0 0 9787.29 2.59 40 12 0 1 0
0 0 0 9192.87 2.90 40 3 0 1 0
0 0 0 9599.52 2.90 40 2 0 1 0
0 0 0 7841.04 2.59 40 3 0 1 0
0 0 0 9474.77 2.59 40 9 0 1 0
0 0 0 9747.88 2.59 40 1 0 1 0
0 0 0 7013.41 2.90 40 1 0 1 0
0 0 0 8683.71 2.90 40 4 0 1 0
0 0 0 10687.94 2.90 40 9 0 1 0
0 0 0 6674.18 2.90 40 10 0 1 0
#CONTAINERS_LOADED
3 1 1 7500.00 2.59 20 6 0 1 1
3 1 -1 7500.00 2.59 20 12 0 1 1
3 2 1 7500.00 2.59 20 2 0 1 1
3 2 -1 7500.00 2.59 20 8 0 1 1
3 3 1 7500.00 2.59 20 10 0 1 1
3 3 -1 7500.00 2.59 20 8 0 1 1
3 4 1 7500.00 2.59 20 5 0 1 0
3 4 -1 7500.00 2.59 20 13 0 1 0
3 5 1 7500.00 2.59 20 8 0 1 0
3 5 -1 7500.00 2.59 20 12 0 1 0
3 6 1 7500.00 2.59 20 1 0 1 0
3 6 -1 7500.00 2.59 20 11 0 1 0
4 1 1 7500.00 2.59 20 10 1 1 0
4 1 -1 7500.00 2.59 20 1 1 1 0
4 2 1 7500.00 2.59 20 1 1 1 0
4 2 -1 7500.00 2.59 20 5 1 1 0
4 3 1 7500.00 2.59 20 11 1 1 0
4 3 -1 7500.00 2.59 20 2 1 1 0
4 4 1 7500.00 2.59 20 4 1 1 0
4 4 -1 7500.00 2.59 20 7 1 1 0
4 5 1 7500.00 2.59 20 11 1 1 0
4 5 -1 7500.00 2.59 20 12 1 1 0
4 6 1 7500.00 2.59 20 14 1 1 0
4 6 -1 7500.00 2.59 20 7 1 1 0
4 7 1 7500.00 2.59 20 9 1 1 0
4 7 -1 7500.00 2.59 20 5 1 1 0
4 8 1 7500.00 2.59 20 11 1 1 0
4 8 -1 7500.00 2.59 20 11 1 1 0
4 9 1 7500.00 2.59 20 9 1 1 0
4 9 -1 7500.00 2.59 20 11 1 1 0
4 10 1 7500.00 2.59 20 1 1 1 0
4 10 -1 7500.00 2.59 20 11 1 1 0
5 1 1 7500.00 2.59 20 6 1 1 1
5 1 -1 7500.00 2.59 20 2 1 1 1
5 2 1 7500.00 2.59 20 9 1 1 4
5 2 -1 7500.00 2.59 20 9 1 1 4
5 3 1 7500.00 2.59 20 12 1 1 0
5 3 -1 7500.00 2.59 20 11 1 1 0
5 4 1 7500.00 2.59 20 12 1 1 4
5 4 -1 7500.00 2.59 20 8 1 1 4
5 5 1 7500.00 2.59 20 10 1 1 1
5 5 -1 7500.00 2.59 20 6 1 1 1
5 6 1 7500.00 2.59 20 8 1 1 1
5 6 -1 7500.00 2.59 20 10 1 1 1
5 7 1 7500.00 2.59 20 10 1 1 4
5 7 -1 7500.00 2.59 20 2 1 1 4
5 8 1 7500.00 2.59 20 13 1 1 0
5 8 -1 7500.00 2.59 20 5 1 1 0
5 9 1 7500.00 2.59 20 10 1 1 1
5 9 -1 7500.00 2.59 20 9 1 1 1
5 10 1 7500.00 2.59 20 2 1 1 1
5 10 -1 7500.00 2.59 20 6 1 1 1
6 1 1 7500.00 2.59 20 2 1 1 0
6 1 -1 7500.00 2.59 20 14 1 1 0
6 2 1 7500.00 2.59 20 4 1 1 0
6 2 -1 7500.00 2.59 20 14 1 1 0
6 3 1 7500.00 2.59 20 12 1 1 0
6 3 -1 7500.00 2.59 20 7 1 1 0
6 4 1 7500.00 2.59 20 5 1 1 0
6 4 -1 7500.00 2.59 20 7 1 1 0
6 5 1 7500.00 2.59 20 5 1 1 0
6 5 -1 7500.00 2.59 20 13 1 1 0
6 6 1 7500.00 2.59 20 5 1 1 0
6 6 -1 7500.00 2.59 20 6 1 1 0
6 7 1 7500.00 2.59 20 1 1 1 0
6 7 -1 7500.00 2.59 20 9 1 1 0
6 8 1 7500.00 2.59 20 2 1 1 0
6 8 -1 7500.00 2.59 20 11 1 1 0
6 9 1 7500.00 2.59 20 13 1 1 0
6 9 -1 7500.00 2.59 20 1 1 1 0
6 10 1 7500.00 2.59 20 8 1 1 0
6 10 -1 7500.00 2.59 20 7 1 1 0
7 1 1 7500.00 2.59 20 1 1 1 4
7 1 -1 7500.00 2.59 20 3 1 1 4
7 2 1 7500.00 2.59 20 10 1 1 1
7 2 -1 7500.00 2.59 20 10 1 1 1
7 3 1 7500.00 2.59 20 3 1 1 0
7 3 -1 7500.00 2.59 20 9 1 1 0
7 4 1 7500.00 2.59 20 4 1 1 0
7 4 -1 7500.00 2.59 20 2 1 1 0
7 5 1 7500.00 2.59 20 7 1 1 4
7 5 -1 7500.00 2.59 20 9 1 1 4
7 6 1 7500.00 2.59 20 15 1 1 0
7 6 -1 7500.00 2.59 20 7 1 1 0
7 7 1 7500.00 2.59 20 9 1 1 1
7 7 -1 7500.00 2.59 20 8 1 1 1
7 8 1 7500.00 2.59 20 15 1 1 1
7 8 -1 7500.00 2.59 20 10 1 1 1
7 9 1 7500.00 2.59 20 11 1 1 4
7 9 -1 7500.00 2.59 20 6 1 1 4
7 10 1 7500.00 2.59 20 15 1 1 0
7 10 -1 7500.00 2.59 20 1 1 1 0
8 1 1 7500.00 2.59 20 15 1 1 0
8 1 -1 7500.00 2.59 20 15 1 1 0
8 2 1 7500.00 2.59 20 11 1 1 0
8 2 -1 7500.00 2.59 20 11 1 1 0
8 3 1 7500.00 2.59 20 8 1 1 0
8 3 -1 7500.00 2.59 20 11 1 1 0
8 4 1 7500.00 2.59 20 5 1 1 0
8 4 -1 7500.00 2.59 20 13 1 1 0
8 5 1 7500.00 2.59 20 3 1 1 0
8 5 -1 7500.00 2.59 20 7 1 1 0
8 6 0 15000.00 2.59 40 3 1 1 0
8 7 0 15000.00 2.59 40 4 1 1 0
8 8 0 15000.00 2.59 40 11 1 1 0
8 9 0 15000.00 2.59 40 15 1 1 0
8 10 0 15000.00 2.59 40 1 1 1 0
9 1 0 15000.00 2.59 40 6 1 1 4
9 2 0 15000.00 2.59 40 14 1 1 1
9 3 0 15000.00 2.59 40 1 1 1 1
9 4 0 15000.00 2.59 40 9 1 1 1
9 5 0 15000.00 2.59 40 11 1 1 0
9 6 0 15000.00 2.59 40 12 1 1 1
9 7 0 15000.00 2.59 40 8 1 1 4
9 8 0 15000.00 2.59 40 5 1 1 0
9 9 0 15000.00 2.59 40 1 1 1 1
9 10 0 15000.00 2.59 40 13 1 1 4
10 1 0 15000.00 2.59 40 10 0 1 0
10 2 0 15000.00 2.59 40 1 0 1 0
10 3 0 15000.00 2.59 40 1 0 1 0
10 4 0 15000.00 2.59 40 9 0 1 0
10 5 0 15000.00 2.59 40 2 0 1 0
10 6 0 15000.00 2.59 40 1 0 1 0
10 7 0 15000.00 2.59 40 1 0 1 0
10 8 0 15000.00 2.59 40 4 0 1 0
10 9 0 15000.00 2.59 40 9 0 1 0
10 10 0 15000.00 2.59 40 2 0 1 0
#STACKS
150000.00 25.90 1
150000.00 25.90 1
150000.00 25.90 1
150000.00 25.90 1
150000.00 25.90 1
150000.00 25.90 1
150000.00 25.90 1
150000.00 25.90 1
150000.00 25.90 1
150000.00 25.90 1
150000.00 25.90 1
150000.00 25.90 1
#CELLS
1 0 0 1 1 1 1
1 0 0 1 1 1 1
1 0 0 1 1 1 1
1 0 0 1 1 1 1
1 0 0 1 1 1 1
1 0 0 1 1 1 1
1 0 0 1 1 1 1
1 0 0 1 1 1 1
1 0 0 1 1 1 1
1 0 0 1 1 1 1
2 0 0 1 1 1 1
2 0 0 1 1 1 1
2 0 0 1 1 1 1
2 0 0 1 1 1 1
2 0 0 1 1 1 1
2 0 0 1 1 1 1
2 0 0 1 1 1 1
2 0 0 1 1 1 1
2 0 0 1 1 1 1
2 0 0 1 1 1 1
3 0 0 1 1 1 1
3 0 0 1 1 1 1
3 0 0 1 1 1 1
3 0 0 1 1 1 1
3 0 0 1 1 1 1
3 0 0 1 1 1 1
3 0 0 1 1 1 1
3 0 0 1 1 1 1
3 0 0 1 1 1 1
3 0 0 1 1 1 1
4 1 1 1 1 1 1
4 1 1 1 1 1 1
4 1 1 1 1 1 1
4 1 1 1 1 1 1
4 1 1 1 1 1 1
4 1 1 1 1 1 1
4 1 1 1 1 1 1
4 1 1 1 1 1 1
4 1 1 1 1 1 1
4 1 1 1 1 1 1
5 1 1 1 1 1 1
5 1 1 1 1 1 1
5 1 1 1 1 1 1
5 1 1 1 1 1 1
5 1 1 1 1 1 1
5 1 1 1 1 1 1
5 1 1 1 1 1 1
5 1 1 1 1 1 1
5 1 1 1 1 1 1
5 1 1 1 1 1 1
6 1 1 1 1 1 1
6 1 1 1 1 1 1
6 1 1 1 1 1 1
6 1 1 1 1 1 1
6 1 1 1 1 1 1
6 1 1 1 1 1 1
6 1 1 1 1 1 1
6 1 1 1 1 1 1
6 1 1 1 1 1 1
6 1 1 1 1 1 1
7 1 1 1 1 1 1
7 1 1 1 1 1 1
7 1 1 1 1 1 1
7 1 1 1 1 1 1
7 1 1 1 1 1 1
7 1 1 1 1 1 1
7 1 1 1 1 1 1
7 1 1 1 1 1 1
7 1 1 1 1 1 1
7 1 1 1 1 1 1
8 1 1 1 1 1 1
8 1 1 1 1 1 1
8 1 1 1 1 1 1
8 1 1 1 1 1 1
8 1 1 1 1 1 1
8 1 1 1 1 1 1
8 1 1 1 1 1 1
8 1 1 1 1 1 1
8 1 1 1 1 1 1
8 1 1 1 1 1 1
9 1 1 1 1 1 1
9 1 1 1 1 1 1
9 1 1 1 1 1 1
9 1 1 1 1 1 1
9 1 1 1 1 1 1
9 1 1 1 1 1 1
9 1 1 1 1 1 1
9 1 1 1 1 1 1
9 1 1 1 1 1 1
9 1 1 1 1 1 1
10 0 0 1 1 1 1
10 0 0 1 1 1 1
10 0 0 1 1 1 1
10 0 0 1 1 1 1
10 0 0 1 1 1 1
10 0 0 1 1 1 1
10 0 0 1 1 1 1
10 0 0 1 1 1 1
10 0 0 1 1 1 1
10 0 0 1 1 1 1
11 0 0 1 1 1 1
11 0 0 1 1 1 1
11 0 0 1 1 1 1
11 0 0 1 1 1 1
11 0 0 1 1 1 1
11 0 0 1 1 1 1
11 0 0 1 1 1 1
11 0 0 1 1 1 1
11 0 0 1 1 1 1
11 0 0 1 1 1 1
12 0 0 1 1 1 1
12 0 0 1 1 1 1
12 0 0 1 1 1 1
12 0 0 1 1 1 1
12 0 0 1 1 1 1
12 0 0 1 1 1 1
12 0 0 1 1 1 1
12 0 0 1 1 1 1
12 0 0 1 1 1 1
12 0 0 1 1 1 1
#INFO-GEN
Namespace(bayType=5, francisco=True, meanPort=3, seed=3456, stdPort=11.889895101186168, target40=38, targetCapacity=100, targetHC=52, targetIMO=63, targetPorts=15, targetReefer=79, targetRelease=64, targetWeight=92)
