7 68 34 12 120 1 10
#POD
1 2 3 4 5 6 7
#LOCATIONS
1
#CONTAINERS_TOLOAD
0 0 0 16879.75 2.59 20 2 0 1 0
0 0 0 25750.52 2.59 20 7 0 1 0
0 0 0 5676.04 2.59 20 4 0 1 0
0 0 0 15491.73 2.59 20 6 0 1 0
0 0 0 24924.34 2.59 20 7 0 1 0
0 0 0 6267.79 2.59 20 1 0 1 0
0 0 0 23469.08 2.59 20 3 0 1 0
0 0 0 8987.47 2.59 20 5 0 1 0
0 0 0 18116.86 2.59 20 5 0 1 0
0 0 0 16995.81 2.59 20 6 0 1 0
0 0 0 12362.42 2.59 20 3 0 1 0
0 0 0 20659.78 2.59 20 6 0 1 0
0 0 0 11131.50 2.59 20 3 0 1 0
0 0 0 15828.24 2.59 20 1 0 1 0
0 0 0 13641.90 2.59 20 5 1 1 0
0 0 0 22281.13 2.59 20 3 1 1 0
0 0 0 8406.97 2.59 20 2 1 1 0
0 0 0 17282.26 2.59 20 5 1 1 0
0 0 0 17504.21 2.59 20 6 1 1 0
0 0 0 16190.70 2.59 20 2 1 1 0
0 0 0 12855.94 2.59 20 2 0 1 4
0 0 0 22158.95 2.59 20 1 0 1 4
0 0 0 11071.84 2.59 20 2 0 1 0
0 0 0 15190.38 2.59 20 7 0 1 0
0 0 0 22236.26 2.59 20 4 0 1 3
0 0 0 7769.92 2.59 20 2 0 1 3
0 0 0 21417.72 2.59 20 4 0 1 0
0 0 0 10428.76 2.59 20 1 0 1 0
0 0 0 18507.53 2.59 20 4 0 1 0
0 0 0 16655.02 2.59 20 2 0 1 0
0 0 0 10268.42 2.59 20 7 0 1 3
0 0 0 25195.80 2.59 20 6 0 1 3
0 0 0 6574.93 2.59 20 4 0 1 0
0 0 0 15527.82 2.59 20 5 0 1 0
0 0 0 22338.07 2.59 20 7 1 1 3
0 0 0 11540.99 2.59 20 7 1 1 3
0 0 0 21403.64 2.59 20 6 1 1 0
0 0 0 6914.62 2.59 20 7 1 1 0
0 0 0 20946.21 2.59 20 5 1 1 0
0 0 0 13750.40 2.59 20 6 1 1 0
0 0 0 18544.20 2.59 20 3 0 1 0
0 0 0 10657.77 2.59 20 3 0 1 0
0 0 0 17296.19 2.59 20 4 0 1 0
0 0 0 20879.46 2.59 20 1 0 1 0
0 0 0 8954.02 2.59 20 2 0 1 0
0 0 0 19407.59 2.59 20 5 0 1 0
0 0 0 16298.22 2.59 40 3 0 1 0
0 0 0 11423.89 2.90 40 2 0 1 0
0 0 0 16624.62 2.90 40 4 0 1 0
0 0 0 19472.93 2.59 40 5 0 1 0
0 0 0 11134.04 2.59 40 5 0 1 0
0 0 0 16466.67 2.59 40 3 0 1 0
0 0 0 14554.26 2.59 40 1 0 1 0
0 0 0 14875.90 2.59 40 6 1 1 0
0 0 0 20153.78 2.59 20 5 1 1 0
0 0 0 11643.90 2.59 20 6 1 1 0
0 0 0 19434.62 2.59 20 1 1 1 0
0 0 0 11408.08 2.59 20 4 1 1 0
0 0 0 26170.98 2.59 40 3 0 1 0
0 0 0 5765.01 2.90 40 6 0 1 0
0 0 0 17267.37 2.90 40 6 0 1 0
0 0 0 13435.64 2.90 40 6 0 1 0
0 0 0 24005.94 2.59 40 5 0 1 0
0 0 0 7035.14 2.59 40 6 0 1 0
0 0 0 21303.97 2.59 40 6 0 1 0
0 0 0 12231.86 2.59 40 6 1 1 0
0 0 0 15047.32 2.59 40 5 1 1 0
0 0 0 13940.90 2.59 40 6 1 1 0
#CONTAINERS_LOADED
6 1 1 7500.00 2.59 20 7 1 1 0
6 1 -1 7500.00 2.59 20 5 1 1 0
6 2 1 7500.00 2.59 20 4 1 1 0
6 2 -1 7500.00 2.59 20 1 1 1 0
6 3 1 7500.00 2.59 20 6 1 1 0
6 3 -1 7500.00 2.59 20 1 1 1 0
6 4 1 7500.00 2.59 20 5 1 1 0
6 4 -1 7500.00 2.59 20 4 1 1 0
6 5 1 7500.00 2.59 20 1 1 1 0
6 5 -1 7500.00 2.59 20 4 1 1 0
6 6 1 7500.00 2.59 20 2 1 1 0
6 6 -1 7500.00 2.59 20 4 1 1 0
6 7 1 7500.00 2.59 20 7 1 1 0
6 7 -1 7500.00 2.59 20 1 1 1 0
7 1 1 7500.00 2.59 20 4 1 1 0
7 1 -1 7500.00 2.59 20 5 1 1 0
7 2 1 7500.00 2.59 20 2 1 1 0
7 2 -1 7500.00 2.59 20 5 1 1 0
7 3 1 7500.00 2.59 20 7 1 1 0
7 3 -1 7500.00 2.59 20 7 1 1 0
7 4 1 7500.00 2.59 20 5 1 1 0
7 4 -1 7500.00 2.59 20 5 1 1 0
7 5 1 7500.00 2.59 20 2 1 1 0
7 5 -1 7500.00 2.59 20 2 1 1 0
7 6 1 7500.00 2.59 20 6 1 1 0
7 6 -1 7500.00 2.59 20 2 1 1 0
7 7 1 7500.00 2.59 20 6 1 1 0
7 7 -1 7500.00 2.59 20 3 1 1 0
7 8 1 7500.00 2.59 20 3 1 1 0
7 8 -1 7500.00 2.59 20 5 1 1 0
7 9 1 7500.00 2.59 20 3 1 1 0
7 9 -1 7500.00 2.59 20 7 1 1 0
7 10 1 7500.00 2.59 20 4 1 1 0
7 10 -1 7500.00 2.59 20 1 1 1 0
#STACKS
150000.00 25.90 1
150000.00 25.90 1
150000.00 25.90 1
150000.00 25.90 1
150000.00 25.90 1
150000.00 25.90 1
150000.00 25.90 1
150000.00 25.90 1
150000.00 25.90 1
150000.00 25.90 1
150000.00 25.90 1
150000.00 25.90 1
#CELLS
1 0 0 1 1 1 1
1 0 0 1 1 1 1
1 0 0 1 1 1 1
1 0 0 1 1 1 1
1 0 0 1 1 1 1
1 0 0 1 1 1 1
1 0 0 1 1 1 1
1 0 0 1 1 1 1
1 0 0 1 1 1 1
1 0 0 1 1 1 1
2 0 0 1 1 1 1
2 0 0 1 1 1 1
2 0 0 1 1 1 1
2 0 0 1 1 1 1
2 0 0 1 1 1 1
2 0 0 1 1 1 1
2 0 0 1 1 1 1
2 0 0 1 1 1 1
2 0 0 1 1 1 1
2 0 0 1 1 1 1
3 0 0 1 1 1 1
3 0 0 1 1 1 1
3 0 0 1 1 1 1
3 0 0 1 1 1 1
3 0 0 1 1 1 1
3 0 0 1 1 1 1
3 0 0 1 1 1 1
3 0 0 1 1 1 1
3 0 0 1 1 1 1
3 0 0 1 1 1 1
4 1 1 1 1 1 1
4 1 1 1 1 1 1
4 1 1 1 1 1 1
4 1 1 1 1 1 1
4 1 1 1 1 1 1
4 1 1 1 1 1 1
4 1 1 1 1 1 1
4 1 1 1 1 1 1
4 1 1 1 1 1 1
4 1 1 1 1 1 1
5 1 1 1 1 1 1
5 1 1 1 1 1 1
5 1 1 1 1 1 1
5 1 1 1 1 1 1
5 1 1 1 1 1 1
5 1 1 1 1 1 1
5 1 1 1 1 1 1
5 1 1 1 1 1 1
5 1 1 1 1 1 1
5 1 1 1 1 1 1
6 1 1 1 1 1 1
6 1 1 1 1 1 1
6 1 1 1 1 1 1
6 1 1 1 1 1 1
6 1 1 1 1 1 1
6 1 1 1 1 1 1
6 1 1 1 1 1 1
6 1 1 1 1 1 1
6 1 1 1 1 1 1
6 1 1 1 1 1 1
7 1 1 1 1 1 1
7 1 1 1 1 1 1
7 1 1 1 1 1 1
7 1 1 1 1 1 1
7 1 1 1 1 1 1
7 1 1 1 1 1 1
7 1 1 1 1 1 1
7 1 1 1 1 1 1
7 1 1 1 1 1 1
7 1 1 1 1 1 1
8 1 1 1 1 1 1
8 1 1 1 1 1 1
8 1 1 1 1 1 1
8 1 1 1 1 1 1
8 1 1 1 1 1 1
8 1 1 1 1 1 1
8 1 1 1 1 1 1
8 1 1 1 1 1 1
8 1 1 1 1 1 1
8 1 1 1 1 1 1
9 1 1 1 1 1 1
9 1 1 1 1 1 1
9 1 1 1 1 1 1
9 1 1 1 1 1 1
9 1 1 1 1 1 1
9 1 1 1 1 1 1
9 1 1 1 1 1 1
9 1 1 1 1 1 1
9 1 1 1 1 1 1
9 1 1 1 1 1 1
10 0 0 1 1 1 1
10 0 0 1 1 1 1
10 0 0 1 1 1 1
10 0 0 1 1 1 1
10 0 0 1 1 1 1
10 0 0 1 1 1 1
10 0 0 1 1 1 1
10 0 0 1 1 1 1
10 0 0 1 1 1 1
10 0 0 1 1 1 1
11 0 0 1 1 1 1
11 0 0 1 1 1 1
11 0 0 1 1 1 1
11 0 0 1 1 1 1
11 0 0 1 1 1 1
11 0 0 1 1 1 1
11 0 0 1 1 1 1
11 0 0 1 1 1 1
11 0 0 1 1 1 1
11 0 0 1 1 1 1
12 0 0 1 1 1 1
12 0 0 1 1 1 1
12 0 0 1 1 1 1
12 0 0 1 1 1 1
12 0 0 1 1 1 1
12 0 0 1 1 1 1
12 0 0 1 1 1 1
12 0 0 1 1 1 1
12 0 0 1 1 1 1
12 0 0 1 1 1 1
#INFO-GEN
Namespace(bayType=5, francisco=True, meanPort=6, seed=2344, stdPort=5.201965974440161, target40=31, targetCapacity=50, targetHC=21, targetIMO=18, targetPorts=7, targetReefer=30, targetRelease=30, targetWeight=69)
