7 101 52 12 120 1 10
#POD
1 2 3 4 5 6 7
#LOCATIONS
1
#CONTAINERS_TOLOAD
0 0 0 10261.22 2.59 20 5 0 1 0
0 0 0 14901.98 2.59 20 2 0 1 0
0 0 0 4399.98 2.59 20 6 0 1 3
0 0 0 9535.07 2.59 20 4 0 1 3
0 0 0 14469.77 2.59 20 5 0 1 0
0 0 0 4709.55 2.59 20 4 0 1 0
0 0 0 13708.44 2.59 20 4 0 1 0
0 0 0 6132.36 2.59 20 2 0 1 0
0 0 0 10908.42 2.59 20 4 0 1 0
0 0 0 10321.94 2.59 20 2 0 1 0
0 0 0 7897.97 2.59 20 3 0 1 0
0 0 0 12238.75 2.59 20 6 0 1 0
0 0 0 7254.01 2.59 20 7 0 1 0
0 0 0 9711.12 2.59 20 7 0 1 0
0 0 0 8567.33 2.59 20 5 0 1 0
0 0 0 13086.97 2.59 20 6 0 1 0
0 0 0 5828.67 2.59 20 1 0 1 0
0 0 0 10471.80 2.59 20 3 0 1 0
0 0 0 10587.91 2.59 20 6 0 1 0
0 0 0 9900.74 2.59 20 7 0 1 0
0 0 0 8156.16 2.59 20 6 0 1 0
0 0 0 13023.05 2.59 20 5 0 1 0
0 0 0 7222.80 2.59 20 4 0 1 0
0 0 0 9377.43 2.59 20 7 0 1 0
0 0 0 13063.49 2.59 20 7 0 1 0
0 0 0 5495.39 2.59 20 2 0 1 0
0 0 0 12635.27 2.59 20 3 0 1 0
0 0 0 6886.37 2.59 20 3 0 1 0
0 0 0 11112.80 2.59 20 1 0 1 0
0 0 0 10143.65 2.59 20 4 0 1 0
0 0 0 6802.49 2.59 20 3 0 1 0
0 0 0 14611.78 2.59 20 2 0 1 0
0 0 0 4870.23 2.59 20 5 1 1 0
0 0 0 9553.95 2.59 20 3 1 1 0
0 0 0 13116.75 2.59 20 4 1 1 0
0 0 0 7468.24 2.59 20 3 1 1 0
0 0 0 12627.90 2.59 20 4 1 1 0
0 0 0 5047.94 2.59 20 6 1 1 0
0 0 0 12388.60 2.59 20 1 1 1 0
0 0 0 8624.09 2.59 20 7 1 1 0
0 0 0 11131.98 2.59 20 6 0 1 0
0 0 0 7006.18 2.59 20 6 0 1 0
0 0 0 10479.08 2.59 20 7 0 1 0
0 0 0 12353.68 2.59 20 5 0 1 0
0 0 0 6114.86 2.59 20 4 0 1 0
0 0 0 11583.67 2.59 20 6 0 1 0
0 0 0 9956.99 2.59 20 5 0 1 0
0 0 0 7406.98 2.59 20 2 0 1 0
0 0 0 10127.75 2.59 20 4 0 1 0
0 0 0 11617.85 2.59 20 3 0 1 0
0 0 0 7255.34 2.59 20 4 0 1 0
0 0 0 10045.12 2.59 20 5 0 1 0
0 0 0 9044.64 2.59 20 3 0 1 0
0 0 0 9212.90 2.59 20 3 0 1 0
0 0 0 11974.04 2.59 20 3 1 1 0
0 0 0 7522.07 2.59 20 7 1 1 0
0 0 0 11597.81 2.59 20 7 1 1 0
0 0 0 7398.71 2.59 20 7 1 1 0
0 0 0 15121.95 2.59 20 4 1 1 0
0 0 0 4446.52 2.59 20 4 1 1 0
0 0 0 10464.01 2.59 20 1 0 1 0
0 0 0 8459.43 2.59 20 7 0 1 0
0 0 0 13989.30 2.59 20 5 0 1 0
0 0 0 5110.99 2.59 20 5 0 1 0
0 0 0 12575.76 2.59 20 5 0 1 0
0 0 0 7829.67 2.59 20 1 0 1 0
0 0 0 9302.58 2.59 20 5 0 1 0
0 0 0 12472.53 2.59 20 6 0 1 0
0 0 0 7150.49 2.59 40 2 0 1 0
0 0 0 11417.55 2.59 40 3 0 1 0
0 0 0 7099.84 2.59 40 5 0 1 0
0 0 0 9664.09 2.59 40 5 0 1 0
0 0 0 9674.09 2.59 40 6 0 1 0
0 0 0 13068.48 2.59 40 6 0 1 0
0 0 0 5732.97 2.59 40 2 0 1 0
0 0 0 10120.75 2.59 20 2 1 1 0
0 0 0 12708.23 2.59 20 6 1 1 0
0 0 0 7741.10 2.59 20 1 1 1 0
0 0 0 11733.29 2.59 20 4 1 1 0
0 0 0 7020.35 2.59 20 4 1 1 0
0 0 0 8502.81 2.59 20 5 1 1 0
0 0 0 10161.85 2.59 40 2 0 1 0
0 0 0 14218.26 2.59 40 7 0 1 0
0 0 0 5253.55 2.90 40 3 0 1 0
0 0 0 11528.10 2.59 40 6 0 1 0
0 0 0 8988.64 2.59 40 2 0 1 0
0 0 0 9921.33 2.59 40 7 0 1 0
0 0 0 7352.14 2.90 40 2 0 1 0
0 0 0 11241.72 2.59 40 7 0 1 0
0 0 0 12428.61 2.59 40 4 0 1 0
0 0 0 6222.11 2.59 40 4 0 1 0
0 0 0 11299.95 2.59 40 4 0 1 0
0 0 0 6945.07 2.59 40 6 0 1 0
0 0 0 13961.52 2.59 40 2 0 1 0
0 0 0 7012.99 2.59 40 3 0 1 0
0 0 0 9729.51 2.59 40 4 0 1 0
0 0 0 8803.78 2.59 40 4 0 1 4
0 0 0 11008.42 2.59 40 7 0 1 3
0 0 0 7484.09 2.59 40 4 0 1 0
0 0 0 10088.51 2.59 40 6 0 1 0
0 0 0 8823.01 2.90 40 1 0 1 0
#CONTAINERS_LOADED
6 1 1 7500.00 2.59 20 4 1 1 0
6 1 -1 7500.00 2.59 20 6 1 1 0
6 2 1 7500.00 2.59 20 2 1 1 0
6 2 -1 7500.00 2.59 20 5 1 1 0
6 3 1 7500.00 2.59 20 1 1 1 0
6 3 -1 7500.00 2.59 20 6 1 1 0
6 4 1 7500.00 2.59 20 4 1 1 0
6 4 -1 7500.00 2.59 20 1 1 1 0
6 5 1 7500.00 2.59 20 1 1 1 0
6 5 -1 7500.00 2.59 20 2 1 1 0
6 6 1 7500.00 2.59 20 4 1 1 0
6 6 -1 7500.00 2.59 20 5 1 1 0
6 7 1 7500.00 2.59 20 7 1 1 0
6 7 -1 7500.00 2.59 20 5 1 1 0
6 8 1 7500.00 2.59 20 3 1 1 0
6 8 -1 7500.00 2.59 20 5 1 1 0
6 9 1 7500.00 2.59 20 7 1 1 0
6 9 -1 7500.00 2.59 20 2 1 1 0
6 10 1 7500.00 2.59 20 1 1 1 0
6 10 -1 7500.00 2.59 20 3 1 1 0
7 1 1 7500.00 2.59 20 6 1 1 0
7 1 -1 7500.00 2.59 20 5 1 1 0
7 2 1 7500.00 2.59 20 7 1 1 1
7 2 -1 7500.00 2.59 20 3 1 1 1
7 3 1 7500.00 2.59 20 1 1 1 0
7 3 -1 7500.00 2.59 20 3 1 1 0
7 4 1 7500.00 2.59 20 2 1 1 0
7 4 -1 7500.00 2.59 20 6 1 1 0
7 5 1 7500.00 2.59 20 3 1 1 0
7 5 -1 7500.00 2.59 20 3 1 1 0
7 6 1 7500.00 2.59 20 7 1 1 0
7 6 -1 7500.00 2.59 20 1 1 1 0
7 7 1 7500.00 2.59 20 3 1 1 0
7 7 -1 7500.00 2.59 20 2 1 1 0
7 8 1 7500.00 2.59 20 5 1 1 0
7 8 -1 7500.00 2.59 20 6 1 1 0
7 9 1 7500.00 2.59 20 5 1 1 0
7 9 -1 7500.00 2.59 20 3 1 1 0
7 10 1 7500.00 2.59 20 1 1 1 0
7 10 -1 7500.00 2.59 20 1 1 1 0
8 1 1 7500.00 2.59 20 3 1 1 0
8 1 -1 7500.00 2.59 20 6 1 1 0
8 2 1 7500.00 2.59 20 7 1 1 0
8 2 -1 7500.00 2.59 20 6 1 1 0
8 3 1 7500.00 2.59 20 5 1 1 0
8 3 -1 7500.00 2.59 20 4 1 1 0
8 4 1 7500.00 2.59 20 7 1 1 0
8 4 -1 7500.00 2.59 20 1 1 1 0
8 5 1 7500.00 2.59 20 1 1 1 0
8 5 -1 7500.00 2.59 20 7 1 1 0
8 6 1 7500.00 2.59 20 5 1 1 0
8 6 -1 7500.00 2.59 20 1 1 1 0
#STACKS
150000.00 25.90 1
150000.00 25.90 1
150000.00 25.90 1
150000.00 25.90 1
150000.00 25.90 1
150000.00 25.90 1
150000.00 25.90 1
150000.00 25.90 1
150000.00 25.90 1
150000.00 25.90 1
150000.00 25.90 1
150000.00 25.90 1
#CELLS
1 0 0 1 1 1 1
1 0 0 1 1 1 1
1 0 0 1 1 1 1
1 0 0 1 1 1 1
1 0 0 1 1 1 1
1 0 0 1 1 1 1
1 0 0 1 1 1 1
1 0 0 1 1 1 1
1 0 0 1 1 1 1
1 0 0 1 1 1 1
2 0 0 1 1 1 1
2 0 0 1 1 1 1
2 0 0 1 1 1 1
2 0 0 1 1 1 1
2 0 0 1 1 1 1
2 0 0 1 1 1 1
2 0 0 1 1 1 1
2 0 0 1 1 1 1
2 0 0 1 1 1 1
2 0 0 1 1 1 1
3 0 0 1 1 1 1
3 0 0 1 1 1 1
3 0 0 1 1 1 1
3 0 0 1 1 1 1
3 0 0 1 1 1 1
3 0 0 1 1 1 1
3 0 0 1 1 1 1
3 0 0 1 1 1 1
3 0 0 1 1 1 1
3 0 0 1 1 1 1
4 1 1 1 1 1 1
4 1 1 1 1 1 1
4 1 1 1 1 1 1
4 1 1 1 1 1 1
4 1 1 1 1 1 1
4 1 1 1 1 1 1
4 1 1 1 1 1 1
4 1 1 1 1 1 1
4 1 1 1 1 1 1
4 1 1 1 1 1 1
5 1 1 1 1 1 1
5 1 1 1 1 1 1
5 1 1 1 1 1 1
5 1 1 1 1 1 1
5 1 1 1 1 1 1
5 1 1 1 1 1 1
5 1 1 1 1 1 1
5 1 1 1 1 1 1
5 1 1 1 1 1 1
5 1 1 1 1 1 1
6 1 1 1 1 1 1
6 1 1 1 1 1 1
6 1 1 1 1 1 1
6 1 1 1 1 1 1
6 1 1 1 1 1 1
6 1 1 1 1 1 1
6 1 1 1 1 1 1
6 1 1 1 1 1 1
6 1 1 1 1 1 1
6 1 1 1 1 1 1
7 1 1 1 1 1 1
7 1 1 1 1 1 1
7 1 1 1 1 1 1
7 1 1 1 1 1 1
7 1 1 1 1 1 1
7 1 1 1 1 1 1
7 1 1 1 1 1 1
7 1 1 1 1 1 1
7 1 1 1 1 1 1
7 1 1 1 1 1 1
8 1 1 1 1 1 1
8 1 1 1 1 1 1
8 1 1 1 1 1 1
8 1 1 1 1 1 1
8 1 1 1 1 1 1
8 1 1 1 1 1 1
8 1 1 1 1 1 1
8 1 1 1 1 1 1
8 1 1 1 1 1 1
8 1 1 1 1 1 1
9 1 1 1 1 1 1
9 1 1 1 1 1 1
9 1 1 1 1 1 1
9 1 1 1 1 1 1
9 1 1 1 1 1 1
9 1 1 1 1 1 1
9 1 1 1 1 1 1
9 1 1 1 1 1 1
9 1 1 1 1 1 1
9 1 1 1 1 1 1
10 0 0 1 1 1 1
10 0 0 1 1 1 1
10 0 0 1 1 1 1
10 0 0 1 1 1 1
10 0 0 1 1 1 1
10 0 0 1 1 1 1
10 0 0 1 1 1 1
10 0 0 1 1 1 1
10 0 0 1 1 1 1
10 0 0 1 1 1 1
11 0 0 1 1 1 1
11 0 0 1 1 1 1
11 0 0 1 1 1 1
11 0 0 1 1 1 1
11 0 0 1 1 1 1
11 0 0 1 1 1 1
11 0 0 1 1 1 1
11 0 0 1 1 1 1
11 0 0 1 1 1 1
11 0 0 1 1 1 1
12 0 0 1 1 1 1
12 0 0 1 1 1 1
12 0 0 1 1 1 1
12 0 0 1 1 1 1
12 0 0 1 1 1 1
12 0 0 1 1 1 1
12 0 0 1 1 1 1
12 0 0 1 1 1 1
12 0 0 1 1 1 1
12 0 0 1 1 1 1
#INFO-GEN
Namespace(bayType=5, francisco=True, meanPort=6, seed=2344, stdPort=5.201965974440161, target40=31, targetCapacity=75, targetHC=21, targetIMO=18, targetPorts=7, targetReefer=30, targetRelease=30, targetWeight=69)
