7 133 70 12 120 1 10
#POD
1 2 3 4 5 6 7
#LOCATIONS
1
#CONTAINERS_TOLOAD
0 0 0 9581.30 2.59 20 3 0 1 0
0 0 0 13787.52 2.59 20 6 0 1 0
0 0 0 4268.89 2.59 20 7 0 1 0
0 0 0 8923.15 2.59 20 7 0 1 0
0 0 0 13395.77 2.59 20 5 0 1 0
0 0 0 4549.48 2.59 20 6 0 1 0
0 0 0 12705.74 2.59 20 1 0 1 0
0 0 0 5839.05 2.59 20 3 0 1 0
0 0 0 10167.90 2.59 20 6 0 1 0
0 0 0 9636.34 2.59 20 7 0 1 0
0 0 0 7439.34 2.59 20 6 0 1 0
0 0 0 11373.66 2.59 20 5 0 1 0
0 0 0 6855.68 2.59 20 4 0 1 0
0 0 0 9082.71 2.59 20 7 0 1 0
0 0 0 8046.03 2.59 20 7 0 1 0
0 0 0 12142.45 2.59 20 2 0 1 0
0 0 0 5563.80 2.59 20 3 0 1 0
0 0 0 9772.16 2.59 20 3 0 1 0
0 0 0 9877.40 2.59 20 1 0 1 0
0 0 0 9254.58 2.59 20 4 0 1 0
0 0 0 7673.35 2.59 20 3 0 1 0
0 0 0 12084.52 2.59 20 2 0 1 0
0 0 0 6827.39 2.59 20 5 0 1 0
0 0 0 8780.26 2.59 20 3 0 1 0
0 0 0 12121.18 2.59 20 4 0 1 0
0 0 0 5261.73 2.59 20 3 0 1 0
0 0 0 11733.05 2.59 20 4 0 1 0
0 0 0 6522.46 2.59 20 6 0 1 0
0 0 0 10353.14 2.59 20 1 0 1 0
0 0 0 9474.74 2.59 20 7 0 1 0
0 0 0 6446.43 2.59 20 6 0 1 0
0 0 0 13524.49 2.59 20 6 0 1 0
0 0 0 4695.11 2.59 20 7 0 1 0
0 0 0 8940.26 2.59 20 5 0 1 0
0 0 0 12169.45 2.59 20 4 0 1 0
0 0 0 7049.84 2.59 20 6 0 1 0
0 0 0 11726.38 2.59 20 5 0 1 0
0 0 0 4856.18 2.59 20 2 0 1 0
0 0 0 11509.48 2.59 20 4 0 1 0
0 0 0 8097.47 2.59 20 3 0 1 0
0 0 0 10370.53 2.59 20 4 0 1 0
0 0 0 6631.05 2.59 20 5 0 1 0
0 0 0 9778.77 2.59 20 3 0 1 0
0 0 0 11477.83 2.59 20 3 0 1 0
0 0 0 5823.19 2.59 20 3 0 1 0
0 0 0 10779.92 2.59 20 7 0 1 0
0 0 0 9305.56 2.59 20 7 0 1 4
0 0 0 6994.32 2.59 20 7 0 1 4
0 0 0 9460.33 2.59 20 4 0 1 0
0 0 0 10810.90 2.59 20 4 0 1 0
0 0 0 6856.89 2.59 20 1 0 1 0
0 0 0 9385.44 2.59 20 7 0 1 0
0 0 0 8478.64 2.59 20 5 0 1 4
0 0 0 8631.14 2.59 20 5 0 1 4
0 0 0 11133.73 2.59 20 5 0 1 0
0 0 0 7098.64 2.59 20 1 0 1 0
0 0 0 10792.73 2.59 20 5 0 1 0
0 0 0 6986.82 2.59 20 6 0 1 0
0 0 0 13986.89 2.59 20 2 0 1 0
0 0 0 4311.07 2.59 20 3 0 1 0
0 0 0 9765.10 2.59 20 5 0 1 0
0 0 0 7948.22 2.59 20 5 0 1 0
0 0 0 12960.30 2.59 20 6 0 1 0
0 0 0 4913.33 2.59 20 6 0 1 0
0 0 0 11679.12 2.59 20 2 0 1 0
0 0 0 7377.43 2.59 20 2 0 1 0
0 0 0 8712.43 2.59 20 6 0 1 0
0 0 0 11585.56 2.59 20 1 0 1 0
0 0 0 6761.85 2.59 20 4 0 1 0
0 0 0 10629.36 2.59 20 4 0 1 0
0 0 0 6715.95 2.59 20 5 0 1 0
0 0 0 9040.09 2.59 20 2 0 1 0
0 0 0 9049.15 2.59 20 7 1 1 0
0 0 0 12125.70 2.59 20 3 1 1 0
0 0 0 5477.07 2.59 20 6 1 1 0
0 0 0 9453.98 2.59 20 2 1 1 0
0 0 0 11799.18 2.59 20 7 1 1 0
0 0 0 7297.16 2.59 20 2 1 1 0
0 0 0 10915.53 2.59 20 7 1 1 0
0 0 0 6643.89 2.59 20 4 1 1 0
0 0 0 7987.54 2.59 20 4 0 1 4
0 0 0 9491.23 2.59 20 4 0 1 4
0 0 0 13167.81 2.59 20 6 0 1 0
0 0 0 5042.54 2.59 20 2 0 1 0
0 0 0 10729.56 2.59 20 3 0 1 1
0 0 0 8427.88 2.59 20 4 0 1 1
0 0 0 9273.23 2.59 20 4 0 1 0
0 0 0 6944.62 2.59 20 7 0 1 0
0 0 0 10469.99 2.59 20 4 0 1 0
0 0 0 11545.74 2.59 20 6 0 1 0
0 0 0 5920.40 2.59 40 1 0 1 0
0 0 0 10522.77 2.59 40 4 0 1 0
0 0 0 6575.67 2.59 40 6 0 1 1
0 0 0 12935.11 2.59 40 2 0 1 4
0 0 0 6637.23 2.59 40 5 0 1 1
0 0 0 9099.38 2.90 40 1 0 1 4
0 0 0 8260.34 2.59 40 6 0 1 0
0 0 0 10258.54 2.59 20 4 1 1 0
0 0 0 7064.21 2.59 20 1 1 1 0
0 0 0 9424.77 2.59 20 1 1 1 0
0 0 0 9731.20 2.59 20 2 1 1 0
0 0 0 10680.26 2.59 20 4 1 1 1
0 0 0 7291.29 2.59 20 5 1 1 1
0 0 0 9966.90 2.59 40 7 0 1 0
0 0 0 7236.71 2.59 40 5 0 1 0
0 0 0 10848.63 2.59 40 3 0 1 0
0 0 0 8991.65 2.59 40 5 0 1 0
0 0 0 7662.25 2.59 40 7 0 1 0
0 0 0 11840.43 2.59 40 2 0 1 0
0 0 0 5750.20 2.59 40 1 0 1 0
0 0 0 12419.68 2.59 40 3 0 1 0
0 0 0 6264.99 2.59 40 6 0 1 0
0 0 0 8211.62 2.59 40 5 0 1 0
0 0 0 12870.88 2.59 40 7 0 1 1
0 0 0 5657.23 2.59 40 3 0 1 0
0 0 0 9862.08 2.59 40 1 0 1 0
0 0 0 11280.13 2.59 40 3 0 1 0
0 0 0 6669.77 2.59 40 2 0 1 0
0 0 0 7297.00 2.59 40 6 0 1 0
0 0 0 9186.07 2.59 40 3 0 1 0
0 0 0 14358.82 2.59 40 3 0 1 1
0 0 0 3618.99 2.59 40 7 0 1 0
0 0 0 13786.20 2.90 40 1 0 1 0
0 0 0 4430.87 2.59 40 3 0 1 0
0 0 0 12134.54 2.59 40 2 0 1 0
0 0 0 6416.25 2.59 40 5 0 1 0
0 0 0 8538.17 2.59 40 6 0 1 0
0 0 0 10473.42 2.59 40 5 0 1 0
0 0 0 7586.81 2.59 40 3 0 1 0
0 0 0 10246.27 2.90 40 1 0 1 0
0 0 0 11436.93 2.59 40 1 0 1 0
0 0 0 5348.88 2.90 40 3 0 1 0
0 0 0 8534.65 2.90 40 6 0 1 0
#CONTAINERS_LOADED
5 1 1 7500.00 2.59 20 7 1 1 0
5 1 -1 7500.00 2.59 20 6 1 1 0
5 2 1 7500.00 2.59 20 5 1 1 1
5 2 -1 7500.00 2.59 20 4 1 1 1
5 3 1 7500.00 2.59 20 7 1 1 0
5 3 -1 7500.00 2.59 20 1 1 1 0
5 4 1 7500.00 2.59 20 1 1 1 0
5 4 -1 7500.00 2.59 20 7 1 1 0
5 5 1 7500.00 2.59 20 5 1 1 4
5 5 -1 7500.00 2.59 20 1 1 1 4
6 1 1 7500.00 2.59 20 3 1 1 0
6 1 -1 7500.00 2.59 20 1 1 1 0
6 2 1 7500.00 2.59 20 5 1 1 0
6 2 -1 7500.00 2.59 20 7 1 1 0
6 3 1 7500.00 2.59 20 1 1 1 0
6 3 -1 7500.00 2.59 20 1 1 1 0
6 4 1 7500.00 2.59 20 7 1 1 0
6 4 -1 7500.00 2.59 20 1 1 1 0
6 5 1 7500.00 2.59 20 5 1 1 0
6 5 -1 7500.00 2.59 20 6 1 1 0
6 6 1 7500.00 2.59 20 6 1 1 0
6 6 -1 7500.00 2.59 20 1 1 1 0
6 7 1 7500.00 2.59 20 7 1 1 0
6 7 -1 7500.00 2.59 20 1 1 1 0
6 8 1 7500.00 2.59 20 4 1 1 0
6 8 -1 7500.00 2.59 20 4 1 1 0
6 9 1 7500.00 2.59 20 5 1 1 0
6 9 -1 7500.00 2.59 20 4 1 1 0
6 10 1 7500.00 2.59 20 5 1 1 0
6 10 -1 7500.00 2.59 20 5 1 1 0
7 1 1 7500.00 2.59 20 3 1 1 0
7 1 -1 7500.00 2.59 20 1 1 1 0
7 2 1 7500.00 2.59 20 1 1 1 0
7 2 -1 7500.00 2.59 20 2 1 1 0
7 3 1 7500.00 2.59 20 2 1 1 0
7 3 -1 7500.00 2.59 20 6 1 1 0
7 4 1 7500.00 2.59 20 1 1 1 0
7 4 -1 7500.00 2.59 20 4 1 1 0
7 5 1 7500.00 2.59 20 7 1 1 0
7 5 -1 7500.00 2.59 20 6 1 1 0
7 6 1 7500.00 2.59 20 1 1 1 0
7 6 -1 7500.00 2.59 20 2 1 1 0
7 7 1 7500.00 2.59 20 3 1 1 0
7 7 -1 7500.00 2.59 20 2 1 1 0
7 8 1 7500.00 2.59 20 7 1 1 1
7 8 -1 7500.00 2.59 20 6 1 1 1
7 9 1 7500.00 2.59 20 2 1 1 0
7 9 -1 7500.00 2.59 20 2 1 1 0
7 10 1 7500.00 2.59 20 2 1 1 4
7 10 -1 7500.00 2.59 20 3 1 1 4
8 1 1 7500.00 2.59 20 4 1 1 0
8 1 -1 7500.00 2.59 20 2 1 1 0
8 2 1 7500.00 2.59 20 3 1 1 0
8 2 -1 7500.00 2.59 20 6 1 1 0
8 3 1 7500.00 2.59 20 7 1 1 0
8 3 -1 7500.00 2.59 20 1 1 1 0
8 4 1 7500.00 2.59 20 6 1 1 0
8 4 -1 7500.00 2.59 20 5 1 1 0
8 5 1 7500.00 2.59 20 1 1 1 0
8 5 -1 7500.00 2.59 20 4 1 1 0
8 6 1 7500.00 2.59 20 6 1 1 0
8 6 -1 7500.00 2.59 20 3 1 1 0
8 7 1 7500.00 2.59 20 7 1 1 0
8 7 -1 7500.00 2.59 20 2 1 1 0
8 8 1 7500.00 2.59 20 3 1 1 0
8 8 -1 7500.00 2.59 20 5 1 1 0
8 9 1 7500.00 2.59 20 2 1 1 0
8 9 -1 7500.00 2.59 20 4 1 1 0
8 10 1 7500.00 2.59 20 4 1 1 0
8 10 -1 7500.00 2.59 20 1 1 1 0
#STACKS
150000.00 25.90 1
150000.00 25.90 1
150000.00 25.90 1
150000.00 25.90 1
150000.00 25.90 1
150000.00 25.90 1
150000.00 25.90 1
150000.00 25.90 1
150000.00 25.90 1
150000.00 25.90 1
150000.00 25.90 1
150000.00 25.90 1
#CELLS
1 0 0 1 1 1 1
1 0 0 1 1 1 1
1 0 0 1 1 1 1
1 0 0 1 1 1 1
1 0 0 1 1 1 1
1 0 0 1 1 1 1
1 0 0 1 1 1 1
1 0 0 1 1 1 1
1 0 0 1 1 1 1
1 0 0 1 1 1 1
2 0 0 1 1 1 1
2 0 0 1 1 1 1
2 0 0 1 1 1 1
2 0 0 1 1 1 1
2 0 0 1 1 1 1
2 0 0 1 1 1 1
2 0 0 1 1 1 1
2 0 0 1 1 1 1
2 0 0 1 1 1 1
2 0 0 1 1 1 1
3 0 0 1 1 1 1
3 0 0 1 1 1 1
3 0 0 1 1 1 1
3 0 0 1 1 1 1
3 0 0 1 1 1 1
3 0 0 1 1 1 1
3 0 0 1 1 1 1
3 0 0 1 1 1 1
3 0 0 1 1 1 1
3 0 0 1 1 1 1
4 1 1 1 1 1 1
4 1 1 1 1 1 1
4 1 1 1 1 1 1
4 1 1 1 1 1 1
4 1 1 1 1 1 1
4 1 1 1 1 1 1
4 1 1 1 1 1 1
4 1 1 1 1 1 1
4 1 1 1 1 1 1
4 1 1 1 1 1 1
5 1 1 1 1 1 1
5 1 1 1 1 1 1
5 1 1 1 1 1 1
5 1 1 1 1 1 1
5 1 1 1 1 1 1
5 1 1 1 1 1 1
5 1 1 1 1 1 1
5 1 1 1 1 1 1
5 1 1 1 1 1 1
5 1 1 1 1 1 1
6 1 1 1 1 1 1
6 1 1 1 1 1 1
6 1 1 1 1 1 1
6 1 1 1 1 1 1
6 1 1 1 1 1 1
6 1 1 1 1 1 1
6 1 1 1 1 1 1
6 1 1 1 1 1 1
6 1 1 1 1 1 1
6 1 1 1 1 1 1
7 1 1 1 1 1 1
7 1 1 1 1 1 1
7 1 1 1 1 1 1
7 1 1 1 1 1 1
7 1 1 1 1 1 1
7 1 1 1 1 1 1
7 1 1 1 1 1 1
7 1 1 1 1 1 1
7 1 1 1 1 1 1
7 1 1 1 1 1 1
8 1 1 1 1 1 1
8 1 1 1 1 1 1
8 1 1 1 1 1 1
8 1 1 1 1 1 1
8 1 1 1 1 1 1
8 1 1 1 1 1 1
8 1 1 1 1 1 1
8 1 1 1 1 1 1
8 1 1 1 1 1 1
8 1 1 1 1 1 1
9 1 1 1 1 1 1
9 1 1 1 1 1 1
9 1 1 1 1 1 1
9 1 1 1 1 1 1
9 1 1 1 1 1 1
9 1 1 1 1 1 1
9 1 1 1 1 1 1
9 1 1 1 1 1 1
9 1 1 1 1 1 1
9 1 1 1 1 1 1
10 0 0 1 1 1 1
10 0 0 1 1 1 1
10 0 0 1 1 1 1
10 0 0 1 1 1 1
10 0 0 1 1 1 1
10 0 0 1 1 1 1
10 0 0 1 1 1 1
10 0 0 1 1 1 1
10 0 0 1 1 1 1
10 0 0 1 1 1 1
11 0 0 1 1 1 1
11 0 0 1 1 1 1
11 0 0 1 1 1 1
11 0 0 1 1 1 1
11 0 0 1 1 1 1
11 0 0 1 1 1 1
11 0 0 1 1 1 1
11 0 0 1 1 1 1
11 0 0 1 1 1 1
11 0 0 1 1 1 1
12 0 0 1 1 1 1
12 0 0 1 1 1 1
12 0 0 1 1 1 1
12 0 0 1 1 1 1
12 0 0 1 1 1 1
12 0 0 1 1 1 1
12 0 0 1 1 1 1
12 0 0 1 1 1 1
12 0 0 1 1 1 1
12 0 0 1 1 1 1
#INFO-GEN
Namespace(bayType=5, francisco=True, meanPort=6, seed=2344, stdPort=5.201965974440161, target40=31, targetCapacity=100, targetHC=21, targetIMO=18, targetPorts=7, targetReefer=30, targetRelease=30, targetWeight=94)
