6 28 22 7 56 1 8
#POD
1 2 3 4 5 6
#LOCATIONS
1
#CONTAINERS_TOLOAD
0 0 0 15628.27 2.59 20 2 0 1 0
0 0 0 20429.19 2.59 20 3 0 1 0
0 0 0 6313.62 2.59 20 3 0 1 0
0 0 0 15519.06 2.59 20 3 0 1 0
0 0 0 15922.55 2.59 20 4 0 1 0
0 0 0 17719.96 2.59 20 2 0 1 0
0 0 0 7390.47 2.59 20 1 0 1 0
0 0 0 24104.41 2.59 20 1 0 1 0
0 0 0 3725.07 2.59 20 3 0 1 0
0 0 0 22558.14 2.59 20 1 0 1 0
0 0 0 5662.32 2.59 20 1 0 1 0
0 0 0 24235.51 2.59 20 5 0 1 0
0 0 0 4059.00 2.59 20 4 1 1 0
0 0 0 24064.65 2.59 20 2 0 1 0
0 0 0 3932.69 2.59 20 3 1 1 0
0 0 0 19300.98 2.59 20 3 0 1 0
0 0 0 9761.69 2.59 20 2 1 1 0
0 0 0 22340.73 2.59 20 5 0 1 0
0 0 0 5198.95 2.59 40 3 0 1 0
0 0 0 14710.77 2.90 40 3 0 1 1
0 0 0 14815.56 2.90 40 3 1 1 0
0 0 0 20808.74 2.90 40 1 1 1 0
0 0 0 6934.17 2.59 40 3 1 1 0
0 0 0 14890.17 2.59 40 1 1 1 0
0 0 0 19782.92 2.59 20 2 1 1 4
0 0 0 6793.03 2.59 20 3 0 1 4
0 0 0 13900.96 2.59 20 1 1 1 0
0 0 0 13232.41 2.59 20 3 0 1 0
#CONTAINERS_LOADED
3 1 1 7500.00 2.59 20 6 1 1 0
3 1 -1 7500.00 2.59 20 3 0 1 0
3 2 1 7500.00 2.59 20 2 1 1 0
3 2 -1 7500.00 2.59 20 1 0 1 0
3 3 1 7500.00 2.59 20 3 1 1 0
3 3 -1 7500.00 2.59 20 1 0 1 0
4 1 1 7500.00 2.59 20 3 1 1 0
4 1 -1 7500.00 2.59 20 4 0 1 0
4 2 1 7500.00 2.59 20 2 1 1 0
4 2 -1 7500.00 2.59 20 4 0 1 0
4 3 1 7500.00 2.59 20 3 1 1 0
4 3 -1 7500.00 2.59 20 2 0 1 0
4 4 1 7500.00 2.59 20 3 1 1 0
4 4 -1 7500.00 2.59 20 1 0 1 0
4 5 1 7500.00 2.59 20 2 1 1 0
4 5 -1 7500.00 2.59 20 2 0 1 0
4 6 1 7500.00 2.59 20 2 1 1 0
4 6 -1 7500.00 2.59 20 4 0 1 0
4 7 1 7500.00 2.59 20 2 1 1 0
4 7 -1 7500.00 2.59 20 2 0 1 0
4 8 1 7500.00 2.59 20 4 0 1 0
4 8 -1 7500.00 2.59 20 4 0 1 0
#STACKS
75000.00 12.95 1
90000.00 15.54 1
120000.00 20.72 1
120000.00 20.72 1
120000.00 20.72 1
90000.00 15.54 1
75000.00 12.95 1
#CELLS
1 0 0 0 0 0 1
1 0 0 0 0 0 1
1 0 0 0 0 0 1
1 0 0 1 1 1 1
1 0 0 1 1 1 1
1 0 0 1 1 1 1
1 0 0 1 1 1 1
1 0 0 1 1 1 1
2 0 0 0 0 0 1
2 0 0 0 0 0 1
2 0 0 1 1 1 1
2 0 0 1 1 1 1
2 0 0 1 1 1 1
2 0 0 1 1 1 1
2 0 0 1 1 1 1
2 0 0 1 1 1 1
3 0 1 1 1 1 1
3 0 1 1 1 1 1
3 0 1 1 1 1 1
3 0 1 1 1 1 1
3 0 1 1 1 1 1
3 0 1 1 1 1 1
3 0 1 1 1 1 1
3 0 0 1 1 1 1
4 0 1 1 1 1 1
4 0 1 1 1 1 1
4 0 1 1 1 1 1
4 0 1 1 1 1 1
4 0 1 1 1 1 1
4 0 1 1 1 1 1
4 0 1 1 1 1 1
4 0 0 1 1 1 1
5 0 1 1 1 1 1
5 0 1 1 1 1 1
5 0 1 1 1 1 1
5 0 1 1 1 1 1
5 0 1 1 1 1 1
5 0 1 1 1 1 1
5 0 1 1 1 1 1
5 0 0 1 1 1 1
6 0 0 0 0 0 1
6 0 0 0 0 0 1
6 0 0 1 1 1 1
6 0 0 1 1 1 1
6 0 0 1 1 1 1
6 0 0 1 1 1 1
6 0 0 1 1 1 1
6 0 0 1 1 1 1
7 0 0 0 0 0 1
7 0 0 0 0 0 1
7 0 0 0 0 0 1
7 0 0 1 1 1 1
7 0 0 1 1 1 1
7 0 0 1 1 1 1
7 0 0 1 1 1 1
7 0 0 1 1 1 1
#INFO-GEN
Namespace(bayType=2, francisco=True, meanPort=3, seed=6927, stdPort=1.2414811390692533, target40=23, targetCapacity=61, targetHC=51, targetIMO=33, targetPorts=6, targetReefer=87, targetRelease=44, targetWeight=75)
