6 57 50 12 120 1 10
#POD
1 2 3 4 5 6
#LOCATIONS
1
#CONTAINERS_TOLOAD
0 0 0 19055.28 2.59 20 2 0 1 0
0 0 0 25842.00 2.59 20 1 0 1 0
0 0 0 7080.64 2.59 20 3 1 1 0
0 0 0 18947.01 2.59 20 1 1 1 0
0 0 0 19908.04 2.59 20 1 1 1 0
0 0 0 21824.25 2.59 20 2 1 1 0
0 0 0 8731.28 2.59 20 2 1 1 0
0 0 0 29311.64 2.59 20 1 1 1 0
0 0 0 5118.42 2.59 20 6 1 1 0
0 0 0 26877.71 2.59 20 1 1 1 0
0 0 0 7551.31 2.59 20 1 1 1 0
0 0 0 29139.77 2.59 20 3 1 1 0
0 0 0 6301.74 2.59 20 3 1 1 0
0 0 0 28397.09 2.59 20 4 1 1 0
0 0 0 5596.02 2.59 20 3 1 1 0
0 0 0 22942.84 2.59 20 1 1 1 0
0 0 0 12394.46 2.59 20 2 1 1 0
0 0 0 27660.02 2.59 20 1 1 1 0
0 0 0 6015.83 2.59 20 3 1 1 0
0 0 0 17949.37 2.59 20 3 1 1 0
0 0 0 18316.67 2.59 20 1 0 1 0
0 0 0 25907.39 2.59 20 3 0 1 0
0 0 0 8097.58 2.59 20 1 1 1 4
0 0 0 18300.48 2.59 20 3 1 1 4
0 0 0 24626.53 2.59 20 1 1 1 0
0 0 0 7881.58 2.59 20 2 1 1 0
0 0 0 17025.30 2.59 20 2 1 1 4
0 0 0 28934.66 2.59 20 2 1 1 4
0 0 0 4544.90 2.59 20 2 1 1 3
0 0 0 28221.83 2.59 20 3 1 1 3
0 0 0 6928.92 2.59 20 3 1 1 0
0 0 0 27833.18 2.59 20 1 1 1 0
0 0 0 8107.49 2.59 20 4 1 1 0
0 0 0 18771.19 2.59 20 3 1 1 0
0 0 0 22547.44 2.59 20 2 1 1 0
0 0 0 9621.66 2.59 20 3 1 1 0
0 0 0 19442.16 2.59 20 1 1 1 0
0 0 0 15103.58 2.59 20 4 1 1 0
0 0 0 22414.27 2.59 20 2 1 1 0
0 0 0 15844.31 2.59 20 2 1 1 0
0 0 0 15885.75 2.59 40 1 0 1 0
0 0 0 20394.40 2.90 40 1 1 1 0
0 0 0 10434.13 2.90 40 1 1 1 0
0 0 0 23414.07 2.59 20 3 1 1 0
0 0 0 17255.82 2.59 20 3 1 1 0
0 0 0 15185.10 2.59 20 3 1 1 0
0 0 0 16311.17 2.59 20 1 1 1 0
0 0 0 15980.15 2.59 40 3 0 1 0
0 0 0 15444.88 2.59 40 6 0 1 0
0 0 0 18160.20 2.90 40 4 1 1 4
0 0 0 23936.94 2.59 40 4 1 1 0
0 0 0 13314.69 2.59 40 4 1 1 0
0 0 0 20738.60 2.90 40 4 1 1 0
0 0 0 13581.23 2.59 40 1 1 1 0
0 0 0 23878.80 2.90 40 3 1 1 4
0 0 0 9003.29 2.90 40 2 1 1 0
0 0 0 15214.96 2.59 40 4 1 1 0
#CONTAINERS_LOADED
6 1 1 7500.00 2.59 20 3 1 1 0
6 1 -1 7500.00 2.59 20 2 1 1 0
6 2 1 7500.00 2.59 20 3 1 1 0
6 2 -1 7500.00 2.59 20 3 1 1 0
6 3 1 7500.00 2.59 20 3 1 1 0
6 3 -1 7500.00 2.59 20 2 1 1 0
6 4 1 7500.00 2.59 20 3 1 1 0
6 4 -1 7500.00 2.59 20 4 1 1 0
6 5 1 7500.00 2.59 20 1 1 1 0
6 5 -1 7500.00 2.59 20 2 1 1 0
6 6 1 7500.00 2.59 20 2 1 1 0
6 6 -1 7500.00 2.59 20 3 1 1 0
6 7 1 7500.00 2.59 20 1 1 1 0
6 7 -1 7500.00 2.59 20 3 1 1 0
6 8 1 7500.00 2.59 20 3 1 1 0
6 8 -1 7500.00 2.59 20 1 1 1 0
6 9 1 7500.00 2.59 20 3 1 1 0
6 9 -1 7500.00 2.59 20 2 1 1 0
6 10 1 7500.00 2.59 20 3 1 1 0
6 10 -1 7500.00 2.59 20 2 1 1 0
7 1 1 7500.00 2.59 20 3 1 1 0
7 1 -1 7500.00 2.59 20 3 1 1 0
7 2 1 7500.00 2.59 20 3 1 1 0
7 2 -1 7500.00 2.59 20 3 1 1 0
7 3 1 7500.00 2.59 20 3 1 1 0
7 3 -1 7500.00 2.59 20 3 1 1 0
7 4 1 7500.00 2.59 20 4 1 1 0
7 4 -1 7500.00 2.59 20 4 1 1 0
7 5 1 7500.00 2.59 20 3 1 1 0
7 5 -1 7500.00 2.59 20 1 1 1 0
7 6 1 7500.00 2.59 20 3 1 1 0
7 6 -1 7500.00 2.59 20 3 1 1 0
7 7 1 7500.00 2.59 20 3 1 1 0
7 7 -1 7500.00 2.59 20 2 1 1 0
7 8 1 7500.00 2.59 20 3 1 1 2
7 8 -1 7500.00 2.59 20 2 1 1 2
7 9 1 7500.00 2.59 20 2 1 1 0
7 9 -1 7500.00 2.59 20 4 1 1 0
7 10 1 7500.00 2.59 20 1 1 1 2
7 10 -1 7500.00 2.59 20 2 1 1 2
8 1 1 7500.00 2.59 20 1 1 1 0
8 1 -1 7500.00 2.59 20 1 1 1 0
8 2 1 7500.00 2.59 20 2 1 1 0
8 2 -1 7500.00 2.59 20 5 1 1 0
8 3 1 7500.00 2.59 20 3 1 1 0
8 3 -1 7500.00 2.59 20 3 1 1 0
8 4 1 7500.00 2.59 20 1 1 1 0
8 4 -1 7500.00 2.59 20 3 1 1 0
8 5 1 7500.00 2.59 20 3 1 1 0
8 5 -1 7500.00 2.59 20 5 1 1 0
#STACKS
150000.00 25.90 1
150000.00 25.90 1
150000.00 25.90 1
150000.00 25.90 1
150000.00 25.90 1
150000.00 25.90 1
150000.00 25.90 1
150000.00 25.90 1
150000.00 25.90 1
150000.00 25.90 1
150000.00 25.90 1
150000.00 25.90 1
#CELLS
1 0 0 1 1 1 1
1 0 0 1 1 1 1
1 0 0 1 1 1 1
1 0 0 1 1 1 1
1 0 0 1 1 1 1
1 0 0 1 1 1 1
1 0 0 1 1 1 1
1 0 0 1 1 1 1
1 0 0 1 1 1 1
1 0 0 1 1 1 1
2 0 0 1 1 1 1
2 0 0 1 1 1 1
2 0 0 1 1 1 1
2 0 0 1 1 1 1
2 0 0 1 1 1 1
2 0 0 1 1 1 1
2 0 0 1 1 1 1
2 0 0 1 1 1 1
2 0 0 1 1 1 1
2 0 0 1 1 1 1
3 0 0 1 1 1 1
3 0 0 1 1 1 1
3 0 0 1 1 1 1
3 0 0 1 1 1 1
3 0 0 1 1 1 1
3 0 0 1 1 1 1
3 0 0 1 1 1 1
3 0 0 1 1 1 1
3 0 0 1 1 1 1
3 0 0 1 1 1 1
4 1 1 1 1 1 1
4 1 1 1 1 1 1
4 1 1 1 1 1 1
4 1 1 1 1 1 1
4 1 1 1 1 1 1
4 1 1 1 1 1 1
4 1 1 1 1 1 1
4 1 1 1 1 1 1
4 1 1 1 1 1 1
4 1 1 1 1 1 1
5 1 1 1 1 1 1
5 1 1 1 1 1 1
5 1 1 1 1 1 1
5 1 1 1 1 1 1
5 1 1 1 1 1 1
5 1 1 1 1 1 1
5 1 1 1 1 1 1
5 1 1 1 1 1 1
5 1 1 1 1 1 1
5 1 1 1 1 1 1
6 1 1 1 1 1 1
6 1 1 1 1 1 1
6 1 1 1 1 1 1
6 1 1 1 1 1 1
6 1 1 1 1 1 1
6 1 1 1 1 1 1
6 1 1 1 1 1 1
6 1 1 1 1 1 1
6 1 1 1 1 1 1
6 1 1 1 1 1 1
7 1 1 1 1 1 1
7 1 1 1 1 1 1
7 1 1 1 1 1 1
7 1 1 1 1 1 1
7 1 1 1 1 1 1
7 1 1 1 1 1 1
7 1 1 1 1 1 1
7 1 1 1 1 1 1
7 1 1 1 1 1 1
7 1 1 1 1 1 1
8 1 1 1 1 1 1
8 1 1 1 1 1 1
8 1 1 1 1 1 1
8 1 1 1 1 1 1
8 1 1 1 1 1 1
8 1 1 1 1 1 1
8 1 1 1 1 1 1
8 1 1 1 1 1 1
8 1 1 1 1 1 1
8 1 1 1 1 1 1
9 1 1 1 1 1 1
9 1 1 1 1 1 1
9 1 1 1 1 1 1
9 1 1 1 1 1 1
9 1 1 1 1 1 1
9 1 1 1 1 1 1
9 1 1 1 1 1 1
9 1 1 1 1 1 1
9 1 1 1 1 1 1
9 1 1 1 1 1 1
10 0 0 1 1 1 1
10 0 0 1 1 1 1
10 0 0 1 1 1 1
10 0 0 1 1 1 1
10 0 0 1 1 1 1
10 0 0 1 1 1 1
10 0 0 1 1 1 1
10 0 0 1 1 1 1
10 0 0 1 1 1 1
10 0 0 1 1 1 1
11 0 0 1 1 1 1
11 0 0 1 1 1 1
11 0 0 1 1 1 1
11 0 0 1 1 1 1
11 0 0 1 1 1 1
11 0 0 1 1 1 1
11 0 0 1 1 1 1
11 0 0 1 1 1 1
11 0 0 1 1 1 1
11 0 0 1 1 1 1
12 0 0 1 1 1 1
12 0 0 1 1 1 1
12 0 0 1 1 1 1
12 0 0 1 1 1 1
12 0 0 1 1 1 1
12 0 0 1 1 1 1
12 0 0 1 1 1 1
12 0 0 1 1 1 1
12 0 0 1 1 1 1
12 0 0 1 1 1 1
#INFO-GEN
Namespace(bayType=5, francisco=True, meanPort=3, seed=6927, stdPort=1.2414811390692533, target40=23, targetCapacity=50, targetHC=51, targetIMO=33, targetPorts=6, targetReefer=87, targetRelease=44, targetWeight=69)
