6 84 76 12 120 1 10
#POD
1 2 3 4 5 6
#LOCATIONS
1
#CONTAINERS_TOLOAD
0 0 0 9938.59 2.59 20 2 0 1 4
0 0 0 12576.44 2.59 20 2 0 1 4
0 0 0 4820.66 2.59 20 4 0 1 0
0 0 0 9878.58 2.59 20 2 0 1 0
0 0 0 10100.28 2.59 20 2 0 1 3
0 0 0 11087.86 2.59 20 4 0 1 3
0 0 0 5412.34 2.59 20 4 0 1 0
0 0 0 14595.79 2.59 20 2 0 1 0
0 0 0 3398.39 2.59 20 2 0 1 0
0 0 0 13746.19 2.59 20 2 0 1 0
0 0 0 4462.81 2.59 20 3 0 1 0
0 0 0 14667.82 2.59 20 2 0 1 0
0 0 0 3581.86 2.59 20 1 0 1 0
0 0 0 14573.94 2.59 20 2 0 1 0
0 0 0 3512.47 2.59 20 5 0 1 3
0 0 0 11956.55 2.59 20 1 0 1 3
0 0 0 6715.20 2.59 20 1 0 1 3
0 0 0 13626.74 2.59 20 3 0 1 3
0 0 0 4208.21 2.59 20 3 0 1 4
0 0 0 9434.46 2.59 20 2 0 1 4
0 0 0 9492.04 2.59 20 3 0 1 0
0 0 0 12784.98 2.59 20 1 0 1 0
0 0 0 5161.62 2.59 20 5 1 1 0
0 0 0 9533.04 2.59 20 3 1 1 0
0 0 0 12221.35 2.59 20 1 1 1 0
0 0 0 5084.08 2.59 20 4 1 1 0
0 0 0 8989.52 2.59 20 3 1 1 0
0 0 0 14237.70 2.59 20 3 1 1 0
0 0 0 3471.57 2.59 20 2 1 1 0
0 0 0 14305.60 2.59 20 3 1 1 0
0 0 0 4017.56 2.59 20 2 1 1 0
0 0 0 14115.52 2.59 20 2 1 1 0
0 0 0 4478.10 2.59 20 3 1 1 0
0 0 0 10105.05 2.59 20 3 1 1 0
0 0 0 11176.53 2.59 20 2 1 1 0
0 0 0 5916.11 2.59 20 5 1 1 0
0 0 0 10011.93 2.59 20 3 1 1 0
0 0 0 8143.24 2.59 20 4 1 1 0
0 0 0 11315.10 2.59 20 3 1 1 0
0 0 0 8424.84 2.59 20 1 1 1 0
0 0 0 8526.23 2.59 20 1 0 1 0
0 0 0 10404.64 2.59 20 1 0 1 0
0 0 0 6176.67 2.59 20 3 1 1 4
0 0 0 12003.64 2.59 20 2 1 1 4
0 0 0 8552.39 2.59 20 2 0 1 0
0 0 0 8549.91 2.59 20 4 0 1 0
0 0 0 8517.38 2.59 20 3 1 1 2
0 0 0 8582.46 2.59 20 3 1 1 2
0 0 0 8300.96 2.59 20 3 1 1 2
0 0 0 9514.40 2.59 20 3 1 1 2
0 0 0 11961.54 2.59 20 1 1 1 2
0 0 0 7273.02 2.59 20 2 1 1 2
0 0 0 10646.01 2.59 20 2 1 1 2
0 0 0 7462.73 2.59 20 3 1 1 2
0 0 0 11939.67 2.59 20 2 1 1 0
0 0 0 5535.00 2.59 20 3 1 1 0
0 0 0 8906.51 2.59 20 4 1 1 0
0 0 0 11038.63 2.59 20 4 1 1 0
0 0 0 6697.11 2.59 20 5 1 1 2
0 0 0 11718.65 2.59 20 3 1 1 2
0 0 0 7075.91 2.59 20 3 1 1 0
0 0 0 9137.50 2.59 20 3 1 1 0
0 0 0 8599.12 2.59 20 2 1 1 0
0 0 0 11338.96 2.59 20 1 1 1 0
0 0 0 7911.55 2.90 40 2 0 1 0
0 0 0 9969.45 2.90 40 2 0 1 0
0 0 0 8446.93 2.59 40 1 0 1 0
0 0 0 8192.35 2.59 40 1 0 1 0
0 0 0 12773.56 2.90 40 3 0 1 0
0 0 0 5247.08 2.90 40 2 0 1 0
0 0 0 9088.25 2.90 40 2 0 1 0
0 0 0 11462.28 2.90 40 1 0 1 0
0 0 0 6511.29 2.90 40 4 0 1 0
0 0 0 10962.55 2.90 40 6 0 1 0
0 0 0 9725.53 2.90 40 3 0 1 2
0 0 0 7884.31 2.59 40 1 0 1 0
0 0 0 10222.09 2.90 40 5 0 1 2
0 0 0 8686.43 2.90 40 3 0 1 2
0 0 0 7687.09 2.59 40 5 0 1 0
0 0 0 9579.20 2.59 40 3 0 1 0
0 0 0 8123.04 2.59 40 1 0 1 0
0 0 0 11386.04 2.90 40 3 0 1 0
0 0 0 8713.93 2.59 40 3 0 1 0
0 0 0 6239.33 2.59 40 2 0 1 0
#CONTAINERS_LOADED
5 1 1 7500.00 2.59 20 1 1 1 4
5 1 -1 7500.00 2.59 20 2 1 1 4
5 2 1 7500.00 2.59 20 1 1 1 0
5 2 -1 7500.00 2.59 20 3 1 1 0
5 3 1 7500.00 2.59 20 3 1 1 0
5 3 -1 7500.00 2.59 20 2 1 1 0
5 4 1 7500.00 2.59 20 3 1 1 0
5 4 -1 7500.00 2.59 20 4 1 1 0
5 5 1 7500.00 2.59 20 2 1 1 0
5 5 -1 7500.00 2.59 20 4 1 1 0
5 6 1 7500.00 2.59 20 1 1 1 0
5 6 -1 7500.00 2.59 20 3 1 1 0
5 7 1 7500.00 2.59 20 1 1 1 0
5 7 -1 7500.00 2.59 20 2 1 1 0
5 8 1 7500.00 2.59 20 2 1 1 0
5 8 -1 7500.00 2.59 20 4 1 1 0
6 1 1 7500.00 2.59 20 3 1 1 0
6 1 -1 7500.00 2.59 20 3 1 1 0
6 2 1 7500.00 2.59 20 2 1 1 0
6 2 -1 7500.00 2.59 20 2 1 1 0
6 3 1 7500.00 2.59 20 3 1 1 0
6 3 -1 7500.00 2.59 20 3 1 1 0
6 4 1 7500.00 2.59 20 4 1 1 0
6 4 -1 7500.00 2.59 20 4 1 1 0
6 5 1 7500.00 2.59 20 2 1 1 0
6 5 -1 7500.00 2.59 20 4 1 1 0
6 6 1 7500.00 2.59 20 1 1 1 0
6 6 -1 7500.00 2.59 20 5 1 1 0
6 7 1 7500.00 2.59 20 3 1 1 0
6 7 -1 7500.00 2.59 20 2 1 1 0
6 8 1 7500.00 2.59 20 1 1 1 0
6 8 -1 7500.00 2.59 20 4 1 1 0
6 9 1 7500.00 2.59 20 1 1 1 0
6 9 -1 7500.00 2.59 20 3 1 1 0
6 10 1 7500.00 2.59 20 1 1 1 0
6 10 -1 7500.00 2.59 20 1 1 1 0
7 1 1 7500.00 2.59 20 4 1 1 0
7 1 -1 7500.00 2.59 20 2 1 1 0
7 2 1 7500.00 2.59 20 2 1 1 0
7 2 -1 7500.00 2.59 20 3 1 1 0
7 3 1 7500.00 2.59 20 3 1 1 2
7 3 -1 7500.00 2.59 20 4 1 1 2
7 4 1 7500.00 2.59 20 2 1 1 0
7 4 -1 7500.00 2.59 20 3 1 1 0
7 5 1 7500.00 2.59 20 5 1 1 2
7 5 -1 7500.00 2.59 20 2 1 1 2
7 6 1 7500.00 2.59 20 2 1 1 2
7 6 -1 7500.00 2.59 20 2 1 1 2
7 7 1 7500.00 2.59 20 1 1 1 0
7 7 -1 7500.00 2.59 20 3 1 1 0
7 8 1 7500.00 2.59 20 5 1 1 2
7 8 -1 7500.00 2.59 20 3 1 1 2
7 9 1 7500.00 2.59 20 3 1 1 2
7 9 -1 7500.00 2.59 20 1 1 1 2
7 10 1 7500.00 2.59 20 4 1 1 2
7 10 -1 7500.00 2.59 20 3 1 1 2
8 1 1 7500.00 2.59 20 2 1 1 0
8 1 -1 7500.00 2.59 20 5 1 1 0
8 2 1 7500.00 2.59 20 2 1 1 0
8 2 -1 7500.00 2.59 20 2 1 1 0
8 3 1 7500.00 2.59 20 5 1 1 0
8 3 -1 7500.00 2.59 20 2 1 1 0
8 4 1 7500.00 2.59 20 2 1 1 0
8 4 -1 7500.00 2.59 20 1 1 1 0
8 5 1 7500.00 2.59 20 1 1 1 0
8 5 -1 7500.00 2.59 20 3 1 1 0
8 6 1 7500.00 2.59 20 2 1 1 0
8 6 -1 7500.00 2.59 20 3 1 1 0
8 7 1 7500.00 2.59 20 2 1 1 0
8 7 -1 7500.00 2.59 20 3 1 1 0
8 8 1 7500.00 2.59 20 2 1 1 0
8 8 -1 7500.00 2.59 20 5 1 1 0
8 9 1 7500.00 2.59 20 4 1 1 0
8 9 -1 7500.00 2.59 20 4 1 1 0
8 10 1 7500.00 2.59 20 3 1 1 0
8 10 -1 7500.00 2.59 20 2 1 1 0
#STACKS
150000.00 25.90 1
150000.00 25.90 1
150000.00 25.90 1
150000.00 25.90 1
150000.00 25.90 1
150000.00 25.90 1
150000.00 25.90 1
150000.00 25.90 1
150000.00 25.90 1
150000.00 25.90 1
150000.00 25.90 1
150000.00 25.90 1
#CELLS
1 0 0 1 1 1 1
1 0 0 1 1 1 1
1 0 0 1 1 1 1
1 0 0 1 1 1 1
1 0 0 1 1 1 1
1 0 0 1 1 1 1
1 0 0 1 1 1 1
1 0 0 1 1 1 1
1 0 0 1 1 1 1
1 0 0 1 1 1 1
2 0 0 1 1 1 1
2 0 0 1 1 1 1
2 0 0 1 1 1 1
2 0 0 1 1 1 1
2 0 0 1 1 1 1
2 0 0 1 1 1 1
2 0 0 1 1 1 1
2 0 0 1 1 1 1
2 0 0 1 1 1 1
2 0 0 1 1 1 1
3 0 0 1 1 1 1
3 0 0 1 1 1 1
3 0 0 1 1 1 1
3 0 0 1 1 1 1
3 0 0 1 1 1 1
3 0 0 1 1 1 1
3 0 0 1 1 1 1
3 0 0 1 1 1 1
3 0 0 1 1 1 1
3 0 0 1 1 1 1
4 1 1 1 1 1 1
4 1 1 1 1 1 1
4 1 1 1 1 1 1
4 1 1 1 1 1 1
4 1 1 1 1 1 1
4 1 1 1 1 1 1
4 1 1 1 1 1 1
4 1 1 1 1 1 1
4 1 1 1 1 1 1
4 1 1 1 1 1 1
5 1 1 1 1 1 1
5 1 1 1 1 1 1
5 1 1 1 1 1 1
5 1 1 1 1 1 1
5 1 1 1 1 1 1
5 1 1 1 1 1 1
5 1 1 1 1 1 1
5 1 1 1 1 1 1
5 1 1 1 1 1 1
5 1 1 1 1 1 1
6 1 1 1 1 1 1
6 1 1 1 1 1 1
6 1 1 1 1 1 1
6 1 1 1 1 1 1
6 1 1 1 1 1 1
6 1 1 1 1 1 1
6 1 1 1 1 1 1
6 1 1 1 1 1 1
6 1 1 1 1 1 1
6 1 1 1 1 1 1
7 1 1 1 1 1 1
7 1 1 1 1 1 1
7 1 1 1 1 1 1
7 1 1 1 1 1 1
7 1 1 1 1 1 1
7 1 1 1 1 1 1
7 1 1 1 1 1 1
7 1 1 1 1 1 1
7 1 1 1 1 1 1
7 1 1 1 1 1 1
8 1 1 1 1 1 1
8 1 1 1 1 1 1
8 1 1 1 1 1 1
8 1 1 1 1 1 1
8 1 1 1 1 1 1
8 1 1 1 1 1 1
8 1 1 1 1 1 1
8 1 1 1 1 1 1
8 1 1 1 1 1 1
8 1 1 1 1 1 1
9 1 1 1 1 1 1
9 1 1 1 1 1 1
9 1 1 1 1 1 1
9 1 1 1 1 1 1
9 1 1 1 1 1 1
9 1 1 1 1 1 1
9 1 1 1 1 1 1
9 1 1 1 1 1 1
9 1 1 1 1 1 1
9 1 1 1 1 1 1
10 0 0 1 1 1 1
10 0 0 1 1 1 1
10 0 0 1 1 1 1
10 0 0 1 1 1 1
10 0 0 1 1 1 1
10 0 0 1 1 1 1
10 0 0 1 1 1 1
10 0 0 1 1 1 1
10 0 0 1 1 1 1
10 0 0 1 1 1 1
11 0 0 1 1 1 1
11 0 0 1 1 1 1
11 0 0 1 1 1 1
11 0 0 1 1 1 1
11 0 0 1 1 1 1
11 0 0 1 1 1 1
11 0 0 1 1 1 1
11 0 0 1 1 1 1
11 0 0 1 1 1 1
11 0 0 1 1 1 1
12 0 0 1 1 1 1
12 0 0 1 1 1 1
12 0 0 1 1 1 1
12 0 0 1 1 1 1
12 0 0 1 1 1 1
12 0 0 1 1 1 1
12 0 0 1 1 1 1
12 0 0 1 1 1 1
12 0 0 1 1 1 1
12 0 0 1 1 1 1
#INFO-GEN
Namespace(bayType=5, francisco=True, meanPort=3, seed=6927, stdPort=1.2414811390692533, target40=23, targetCapacity=75, targetHC=51, targetIMO=33, targetPorts=6, targetReefer=87, targetRelease=44, targetWeight=62)
