6 111 102 12 120 1 10
#POD
1 2 3 4 5 6
#LOCATIONS
1
#CONTAINERS_TOLOAD
0 0 0 8410.00 2.59 20 1 0 1 1
0 0 0 10466.73 2.59 20 3 0 1 1
0 0 0 4419.57 2.59 20 3 0 1 1
0 0 0 8363.21 2.59 20 3 0 1 1
0 0 0 8536.07 2.59 20 1 0 1 0
0 0 0 9306.08 2.59 20 3 0 1 0
0 0 0 4880.89 2.59 20 6 0 1 0
0 0 0 12041.20 2.59 20 4 0 1 0
0 0 0 3310.62 2.59 20 4 0 1 0
0 0 0 11378.78 2.59 20 4 0 1 0
0 0 0 4140.55 2.59 20 4 0 1 0
0 0 0 12097.37 2.59 20 1 0 1 0
0 0 0 3453.68 2.59 20 3 0 1 0
0 0 0 12024.17 2.59 20 2 0 1 0
0 0 0 3399.57 2.59 20 4 0 1 0
0 0 0 9983.40 2.59 20 3 0 1 0
0 0 0 5896.73 2.59 20 2 0 1 0
0 0 0 11285.64 2.59 20 3 0 1 0
0 0 0 3942.04 2.59 20 3 0 1 4
0 0 0 8016.93 2.59 20 3 0 1 4
0 0 0 8061.83 2.59 20 2 0 1 0
0 0 0 10629.33 2.59 20 3 0 1 0
0 0 0 4685.41 2.59 20 4 0 1 0
0 0 0 8093.79 2.59 20 1 0 1 0
0 0 0 10189.86 2.59 20 2 0 1 0
0 0 0 4624.95 2.59 20 2 0 1 0
0 0 0 7670.01 2.59 20 3 0 1 0
0 0 0 11762.01 2.59 20 1 0 1 0
0 0 0 3367.68 2.59 20 3 0 1 0
0 0 0 11814.94 2.59 20 3 0 1 0
0 0 0 3793.39 2.59 20 1 0 1 0
0 0 0 11666.74 2.59 20 3 0 1 0
0 0 0 4152.47 2.59 20 2 0 1 0
0 0 0 8539.79 2.59 20 3 0 1 0
0 0 0 9375.22 2.59 20 2 0 1 0
0 0 0 5273.69 2.59 20 3 0 1 0
0 0 0 8467.18 2.59 20 3 0 1 0
0 0 0 7010.17 2.59 20 3 0 1 0
0 0 0 9483.26 2.59 20 3 0 1 0
0 0 0 7229.73 2.59 20 3 0 1 0
0 0 0 7308.78 2.59 20 3 0 1 0
0 0 0 8773.38 2.59 20 4 0 1 0
0 0 0 5476.84 2.59 20 4 0 1 0
0 0 0 10020.11 2.59 20 3 0 1 0
0 0 0 7329.19 2.59 20 1 0 1 0
0 0 0 7327.25 2.59 20 3 0 1 0
0 0 0 7301.89 2.59 20 3 0 1 0
0 0 0 7352.63 2.59 20 3 0 1 0
0 0 0 7133.14 2.59 20 2 0 1 0
0 0 0 8079.26 2.59 20 3 0 1 0
0 0 0 9987.29 2.59 20 2 0 1 0
0 0 0 6331.67 2.59 20 2 0 1 0
0 0 0 8961.57 2.59 20 4 0 1 0
0 0 0 6479.58 2.59 20 1 0 1 0
0 0 0 9970.24 2.59 20 2 0 1 2
0 0 0 4976.53 2.59 20 1 0 1 2
0 0 0 7605.29 2.59 20 1 0 1 2
0 0 0 9267.70 2.59 20 2 0 1 2
0 0 0 5882.63 2.59 20 5 0 1 0
0 0 0 9797.91 2.59 20 3 0 1 0
0 0 0 6177.98 2.59 20 3 0 1 0
0 0 0 7785.39 2.59 20 1 0 1 0
0 0 0 7365.62 2.59 20 3 0 1 0
0 0 0 9501.86 2.59 20 3 0 1 0
0 0 0 6829.52 2.59 20 5 1 1 0
0 0 0 8434.06 2.59 20 3 1 1 0
0 0 0 7246.96 2.59 20 5 1 1 0
0 0 0 7048.46 2.59 20 4 1 1 0
0 0 0 10620.42 2.59 20 4 1 1 0
0 0 0 4752.04 2.59 20 2 1 1 0
0 0 0 7746.99 2.59 20 1 1 1 0
0 0 0 9598.02 2.59 20 2 1 1 0
0 0 0 5737.74 2.59 20 3 1 1 0
0 0 0 9208.38 2.59 20 3 1 1 0
0 0 0 8243.88 2.59 20 1 1 1 0
0 0 0 6808.29 2.59 20 1 1 1 0
0 0 0 8631.04 2.59 20 1 1 1 0
0 0 0 7433.69 2.59 20 4 1 1 0
0 0 0 6654.51 2.59 40 3 0 1 0
0 0 0 8129.78 2.90 40 1 0 1 0
0 0 0 6994.42 2.90 40 2 0 1 0
0 0 0 9538.57 2.59 40 3 0 1 0
0 0 0 7455.14 2.59 40 2 0 1 0
0 0 0 6257.78 2.90 40 2 0 1 0
0 0 0 7466.47 2.90 40 4 0 1 0
0 0 0 9566.77 2.59 20 3 0 1 0
0 0 0 6513.34 2.59 20 2 0 1 0
0 0 0 6710.96 2.59 20 3 0 1 0
0 0 0 7915.30 2.59 20 2 0 1 0
0 0 0 9618.61 2.59 20 1 0 1 0
0 0 0 5654.63 2.59 20 4 0 1 0
0 0 0 9223.41 2.59 40 4 0 1 1
0 0 0 9416.72 2.90 40 2 0 1 0
0 0 0 6077.35 2.90 40 4 0 1 1
0 0 0 9096.65 2.59 40 4 0 1 0
0 0 0 6211.03 2.90 40 3 0 1 0
0 0 0 8736.19 2.90 40 3 0 1 1
0 0 0 6034.88 2.59 40 4 0 1 0
0 0 0 7611.02 2.90 40 3 0 1 0
0 0 0 10684.57 2.90 40 1 0 1 0
0 0 0 4419.93 2.59 40 1 0 1 0
0 0 0 10402.57 2.59 40 2 0 1 0
0 0 0 5001.77 2.59 40 1 0 1 0
0 0 0 8170.24 2.90 40 1 0 1 0
0 0 0 9047.08 2.59 40 4 0 1 0
0 0 0 8529.16 2.59 40 3 0 1 0
0 0 0 5441.87 2.59 40 1 0 1 0
0 0 0 9480.83 2.59 40 1 0 1 0
0 0 0 6682.51 2.90 40 2 0 1 0
0 0 0 8270.40 2.59 40 3 0 1 0
0 0 0 6236.66 2.59 40 1 0 1 0
#CONTAINERS_LOADED
4 1 1 7500.00 2.59 20 2 1 1 0
4 1 -1 7500.00 2.59 20 3 1 1 0
5 1 1 7500.00 2.59 20 1 1 1 0
5 1 -1 7500.00 2.59 20 3 1 1 0
5 2 1 7500.00 2.59 20 4 1 1 0
5 2 -1 7500.00 2.59 20 3 1 1 0
5 3 1 7500.00 2.59 20 2 1 1 0
5 3 -1 7500.00 2.59 20 2 1 1 0
5 4 1 7500.00 2.59 20 5 1 1 0
5 4 -1 7500.00 2.59 20 2 1 1 0
5 5 1 7500.00 2.59 20 4 1 1 2
5 5 -1 7500.00 2.59 20 3 1 1 2
5 6 1 7500.00 2.59 20 3 1 1 0
5 6 -1 7500.00 2.59 20 4 1 1 0
5 7 1 7500.00 2.59 20 1 1 1 2
5 7 -1 7500.00 2.59 20 2 1 1 2
5 8 1 7500.00 2.59 20 2 1 1 2
5 8 -1 7500.00 2.59 20 4 1 1 2
5 9 1 7500.00 2.59 20 2 1 1 0
5 9 -1 7500.00 2.59 20 3 1 1 0
5 10 1 7500.00 2.59 20 3 1 1 2
5 10 -1 7500.00 2.59 20 2 1 1 2
6 1 1 7500.00 2.59 20 1 1 1 0
6 1 -1 7500.00 2.59 20 2 1 1 0
6 2 1 7500.00 2.59 20 2 1 1 0
6 2 -1 7500.00 2.59 20 1 1 1 0
6 3 1 7500.00 2.59 20 1 1 1 0
6 3 -1 7500.00 2.59 20 1 1 1 0
6 4 1 7500.00 2.59 20 2 1 1 0
6 4 -1 7500.00 2.59 20 3 1 1 0
6 5 1 7500.00 2.59 20 5 1 1 0
6 5 -1 7500.00 2.59 20 3 1 1 0
6 6 1 7500.00 2.59 20 3 1 1 0
6 6 -1 7500.00 2.59 20 2 1 1 0
6 7 1 7500.00 2.59 20 5 1 1 0
6 7 -1 7500.00 2.59 20 2 1 1 0
6 8 1 7500.00 2.59 20 4 1 1 0
6 8 -1 7500.00 2.59 20 3 1 1 0
6 9 1 7500.00 2.59 20 3 1 1 0
6 9 -1 7500.00 2.59 20 4 1 1 0
6 10 1 7500.00 2.59 20 3 1 1 0
6 10 -1 7500.00 2.59 20 2 1 1 0
7 1 1 7500.00 2.59 20 3 1 1 0
7 1 -1 7500.00 2.59 20 5 1 1 0
7 2 1 7500.00 2.59 20 2 1 1 0
7 2 -1 7500.00 2.59 20 2 1 1 0
7 3 1 7500.00 2.59 20 3 1 1 0
7 3 -1 7500.00 2.59 20 3 1 1 0
7 4 1 7500.00 2.59 20 3 1 1 4
7 4 -1 7500.00 2.59 20 3 1 1 4
7 5 1 7500.00 2.59 20 3 1 1 0
7 5 -1 7500.00 2.59 20 2 1 1 0
7 6 1 7500.00 2.59 20 2 1 1 3
7 6 -1 7500.00 2.59 20 2 1 1 3
7 7 1 7500.00 2.59 20 4 1 1 0
7 7 -1 7500.00 2.59 20 4 1 1 0
7 8 1 7500.00 2.59 20 3 1 1 0
7 8 -1 7500.00 2.59 20 2 1 1 0
7 9 1 7500.00 2.59 20 2 1 1 0
7 9 -1 7500.00 2.59 20 1 1 1 0
7 10 1 7500.00 2.59 20 5 1 1 0
7 10 -1 7500.00 2.59 20 3 1 1 0
8 1 1 7500.00 2.59 20 4 1 1 0
8 1 -1 7500.00 2.59 20 3 1 1 0
8 2 1 7500.00 2.59 20 1 1 1 0
8 2 -1 7500.00 2.59 20 1 1 1 0
8 3 1 7500.00 2.59 20 1 1 1 0
8 3 -1 7500.00 2.59 20 4 1 1 0
8 4 1 7500.00 2.59 20 1 1 1 0
8 4 -1 7500.00 2.59 20 2 1 1 0
8 5 1 7500.00 2.59 20 2 1 1 0
8 5 -1 7500.00 2.59 20 3 1 1 0
8 6 1 7500.00 2.59 20 3 1 1 0
8 6 -1 7500.00 2.59 20 2 1 1 0
8 7 1 7500.00 2.59 20 4 1 1 0
8 7 -1 7500.00 2.59 20 2 1 1 0
8 8 1 7500.00 2.59 20 1 1 1 0
8 8 -1 7500.00 2.59 20 1 1 1 0
8 9 1 7500.00 2.59 20 1 1 1 0
8 9 -1 7500.00 2.59 20 3 1 1 0
8 10 1 7500.00 2.59 20 2 1 1 0
8 10 -1 7500.00 2.59 20 3 1 1 0
9 1 1 7500.00 2.59 20 2 1 1 0
9 1 -1 7500.00 2.59 20 2 1 1 0
9 2 1 7500.00 2.59 20 4 1 1 3
9 2 -1 7500.00 2.59 20 3 1 1 3
9 3 1 7500.00 2.59 20 5 1 1 4
9 3 -1 7500.00 2.59 20 4 1 1 4
9 4 1 7500.00 2.59 20 1 1 1 0
9 4 -1 7500.00 2.59 20 2 1 1 0
9 5 1 7500.00 2.59 20 1 1 1 0
9 5 -1 7500.00 2.59 20 3 1 1 0
9 6 1 7500.00 2.59 20 2 1 1 0
9 6 -1 7500.00 2.59 20 2 1 1 0
9 7 1 7500.00 2.59 20 2 1 1 0
9 7 -1 7500.00 2.59 20 4 1 1 0
9 8 1 7500.00 2.59 20 1 1 1 0
9 8 -1 7500.00 2.59 20 2 1 1 0
9 9 1 7500.00 2.59 20 2 1 1 0
9 9 -1 7500.00 2.59 20 5 1 1 0
9 10 1 7500.00 2.59 20 3 1 1 0
9 10 -1 7500.00 2.59 20 2 1 1 0
#STACKS
150000.00 25.90 1
150000.00 25.90 1
150000.00 25.90 1
150000.00 25.90 1
150000.00 25.90 1
150000.00 25.90 1
150000.00 25.90 1
150000.00 25.90 1
150000.00 25.90 1
150000.00 25.90 1
150000.00 25.90 1
150000.00 25.90 1
#CELLS
1 0 0 1 1 1 1
1 0 0 1 1 1 1
1 0 0 1 1 1 1
1 0 0 1 1 1 1
1 0 0 1 1 1 1
1 0 0 1 1 1 1
1 0 0 1 1 1 1
1 0 0 1 1 1 1
1 0 0 1 1 1 1
1 0 0 1 1 1 1
2 0 0 1 1 1 1
2 0 0 1 1 1 1
2 0 0 1 1 1 1
2 0 0 1 1 1 1
2 0 0 1 1 1 1
2 0 0 1 1 1 1
2 0 0 1 1 1 1
2 0 0 1 1 1 1
2 0 0 1 1 1 1
2 0 0 1 1 1 1
3 0 0 1 1 1 1
3 0 0 1 1 1 1
3 0 0 1 1 1 1
3 0 0 1 1 1 1
3 0 0 1 1 1 1
3 0 0 1 1 1 1
3 0 0 1 1 1 1
3 0 0 1 1 1 1
3 0 0 1 1 1 1
3 0 0 1 1 1 1
4 1 1 1 1 1 1
4 1 1 1 1 1 1
4 1 1 1 1 1 1
4 1 1 1 1 1 1
4 1 1 1 1 1 1
4 1 1 1 1 1 1
4 1 1 1 1 1 1
4 1 1 1 1 1 1
4 1 1 1 1 1 1
4 1 1 1 1 1 1
5 1 1 1 1 1 1
5 1 1 1 1 1 1
5 1 1 1 1 1 1
5 1 1 1 1 1 1
5 1 1 1 1 1 1
5 1 1 1 1 1 1
5 1 1 1 1 1 1
5 1 1 1 1 1 1
5 1 1 1 1 1 1
5 1 1 1 1 1 1
6 1 1 1 1 1 1
6 1 1 1 1 1 1
6 1 1 1 1 1 1
6 1 1 1 1 1 1
6 1 1 1 1 1 1
6 1 1 1 1 1 1
6 1 1 1 1 1 1
6 1 1 1 1 1 1
6 1 1 1 1 1 1
6 1 1 1 1 1 1
7 1 1 1 1 1 1
7 1 1 1 1 1 1
7 1 1 1 1 1 1
7 1 1 1 1 1 1
7 1 1 1 1 1 1
7 1 1 1 1 1 1
7 1 1 1 1 1 1
7 1 1 1 1 1 1
7 1 1 1 1 1 1
7 1 1 1 1 1 1
8 1 1 1 1 1 1
8 1 1 1 1 1 1
8 1 1 1 1 1 1
8 1 1 1 1 1 1
8 1 1 1 1 1 1
8 1 1 1 1 1 1
8 1 1 1 1 1 1
8 1 1 1 1 1 1
8 1 1 1 1 1 1
8 1 1 1 1 1 1
9 1 1 1 1 1 1
9 1 1 1 1 1 1
9 1 1 1 1 1 1
9 1 1 1 1 1 1
9 1 1 1 1 1 1
9 1 1 1 1 1 1
9 1 1 1 1 1 1
9 1 1 1 1 1 1
9 1 1 1 1 1 1
9 1 1 1 1 1 1
10 0 0 1 1 1 1
10 0 0 1 1 1 1
10 0 0 1 1 1 1
10 0 0 1 1 1 1
10 0 0 1 1 1 1
10 0 0 1 1 1 1
10 0 0 1 1 1 1
10 0 0 1 1 1 1
10 0 0 1 1 1 1
10 0 0 1 1 1 1
11 0 0 1 1 1 1
11 0 0 1 1 1 1
11 0 0 1 1 1 1
11 0 0 1 1 1 1
11 0 0 1 1 1 1
11 0 0 1 1 1 1
11 0 0 1 1 1 1
11 0 0 1 1 1 1
11 0 0 1 1 1 1
11 0 0 1 1 1 1
12 0 0 1 1 1 1
12 0 0 1 1 1 1
12 0 0 1 1 1 1
12 0 0 1 1 1 1
12 0 0 1 1 1 1
12 0 0 1 1 1 1
12 0 0 1 1 1 1
12 0 0 1 1 1 1
12 0 0 1 1 1 1
12 0 0 1 1 1 1
#INFO-GEN
Namespace(bayType=5, francisco=True, meanPort=3, seed=6927, stdPort=1.2414811390692533, target40=23, targetCapacity=100, targetHC=51, targetIMO=33, targetPorts=6, targetReefer=87, targetRelease=44, targetWeight=83)
