28 42 136 12 120 1 10
#POD
1 2 3 4 5 6 7 8 9 10 11 12 13 14 15 16 17 18 19 20 21 22 23 24 25 26 27 28
#LOCATIONS
1
#CONTAINERS_TOLOAD
0 0 0 16243.97 2.59 20 23 0 1 0
0 0 0 4462.96 2.59 20 21 0 1 0
0 0 0 15455.25 2.59 20 6 0 1 0
0 0 0 4622.54 2.59 20 17 0 1 0
0 0 0 10030.88 2.59 20 22 0 1 0
0 0 0 10377.02 2.59 20 20 0 1 0
0 0 0 14102.15 2.59 20 27 0 1 0
0 0 0 6513.76 2.59 20 16 0 1 0
0 0 0 13384.58 2.59 20 11 0 1 0
0 0 0 5711.07 2.59 20 19 0 1 0
0 0 0 14028.29 2.59 20 27 0 1 0
0 0 0 6891.03 2.59 20 8 0 1 0
0 0 0 10884.12 2.59 20 12 0 1 0
0 0 0 11657.07 2.59 20 24 0 1 0
0 0 0 8731.65 2.59 20 25 0 1 0
0 0 0 7611.54 2.59 20 9 0 1 0
0 0 0 10151.07 2.59 20 8 0 1 0
0 0 0 15862.14 2.59 20 18 0 1 0
0 0 0 4451.75 2.59 20 21 0 1 0
0 0 0 9900.16 2.59 20 24 0 1 0
0 0 0 11584.54 2.59 20 3 0 1 0
0 0 0 11692.59 2.59 20 21 0 1 0
0 0 0 7186.93 2.59 20 6 0 1 0
0 0 0 12519.10 2.59 20 22 0 1 0
0 0 0 9919.28 2.90 40 4 0 1 0
0 0 0 7380.72 2.59 40 27 0 1 0
0 0 0 15244.53 2.59 20 4 0 1 0
0 0 0 4484.77 2.59 20 16 0 1 0
0 0 0 14624.65 2.59 20 1 0 1 0
0 0 0 6182.55 2.59 20 7 0 1 0
0 0 0 11786.40 2.59 20 6 0 1 0
0 0 0 8792.85 2.59 20 9 0 1 0
0 0 0 9874.94 2.59 20 13 0 1 0
0 0 0 9142.59 2.59 20 6 0 1 0
0 0 0 10506.91 2.59 20 20 0 1 0
0 0 0 12705.30 2.59 20 17 0 1 0
0 0 0 9188.20 2.59 20 14 0 1 0
0 0 0 10389.05 2.59 20 17 0 1 0
0 0 0 9790.29 2.59 20 19 0 1 0
0 0 0 9819.85 2.59 20 15 0 1 0
0 0 0 11283.45 2.59 20 24 0 1 0
0 0 0 6003.51 2.59 20 27 0 1 0
#CONTAINERS_LOADED
4 1 1 7500.00 2.59 20 20 1 1 0
4 1 -1 7500.00 2.59 20 20 1 1 0
4 2 1 7500.00 2.59 20 28 1 1 0
4 2 -1 7500.00 2.59 20 20 1 1 0
4 3 1 7500.00 2.59 20 20 1 1 0
4 3 -1 7500.00 2.59 20 16 1 1 0
4 4 1 7500.00 2.59 20 2 1 1 0
4 4 -1 7500.00 2.59 20 19 1 1 0
4 5 1 7500.00 2.59 20 8 1 1 0
4 5 -1 7500.00 2.59 20 19 1 1 0
4 6 1 7500.00 2.59 20 23 1 1 0
4 6 -1 7500.00 2.59 20 27 1 1 0
4 7 1 7500.00 2.59 20 21 1 1 0
4 7 -1 7500.00 2.59 20 5 1 1 0
4 8 1 7500.00 2.59 20 14 1 1 0
4 8 -1 7500.00 2.59 20 3 1 1 0
4 9 1 7500.00 2.59 20 21 1 1 0
4 9 -1 7500.00 2.59 20 9 1 1 0
4 10 1 7500.00 2.59 20 19 1 1 0
4 10 -1 7500.00 2.59 20 26 1 1 0
5 1 1 7500.00 2.59 20 20 1 1 0
5 1 -1 7500.00 2.59 20 13 1 1 0
5 2 1 7500.00 2.59 20 7 1 1 2
5 2 -1 7500.00 2.59 20 11 1 1 2
5 3 1 7500.00 2.59 20 10 1 1 0
5 3 -1 7500.00 2.59 20 18 1 1 0
5 4 1 7500.00 2.59 20 5 1 1 0
5 4 -1 7500.00 2.59 20 10 1 1 0
5 5 1 7500.00 2.59 20 12 1 1 0
5 5 -1 7500.00 2.59 20 7 1 1 0
5 6 1 7500.00 2.59 20 5 1 1 0
5 6 -1 7500.00 2.59 20 26 1 1 0
5 7 1 7500.00 2.59 20 26 1 1 0
5 7 -1 7500.00 2.59 20 23 1 1 0
5 8 1 7500.00 2.59 20 15 1 1 0
5 8 -1 7500.00 2.59 20 2 1 1 0
5 9 1 7500.00 2.59 20 27 1 1 0
5 9 -1 7500.00 2.59 20 2 1 1 0
5 10 1 7500.00 2.59 20 18 1 1 0
5 10 -1 7500.00 2.59 20 9 1 1 0
6 1 1 7500.00 2.59 20 4 1 1 0
6 1 -1 7500.00 2.59 20 1 1 1 0
6 2 1 7500.00 2.59 20 23 1 1 0
6 2 -1 7500.00 2.59 20 18 1 1 0
6 3 1 7500.00 2.59 20 25 1 1 0
6 3 -1 7500.00 2.59 20 12 1 1 0
6 4 1 7500.00 2.59 20 27 1 1 0
6 4 -1 7500.00 2.59 20 28 1 1 0
6 5 1 7500.00 2.59 20 14 1 1 0
6 5 -1 7500.00 2.59 20 5 1 1 0
6 6 1 7500.00 2.59 20 8 1 1 0
6 6 -1 7500.00 2.59 20 24 1 1 0
6 7 1 7500.00 2.59 20 7 1 1 0
6 7 -1 7500.00 2.59 20 5 1 1 0
6 8 1 7500.00 2.59 20 26 1 1 0
6 8 -1 7500.00 2.59 20 22 1 1 0
6 9 1 7500.00 2.59 20 23 1 1 0
6 9 -1 7500.00 2.59 20 19 1 1 0
6 10 1 7500.00 2.59 20 12 1 1 0
6 10 -1 7500.00 2.59 20 4 1 1 0
7 1 1 7500.00 2.59 20 16 1 1 3
7 1 -1 7500.00 2.59 20 3 1 1 3
7 2 1 7500.00 2.59 20 7 1 1 0
7 2 -1 7500.00 2.59 20 23 1 1 0
7 3 1 7500.00 2.59 20 2 1 1 0
7 3 -1 7500.00 2.59 20 5 1 1 0
7 4 1 7500.00 2.59 20 9 1 1 0
7 4 -1 7500.00 2.59 20 8 1 1 0
7 5 1 7500.00 2.59 20 13 1 1 0
7 5 -1 7500.00 2.59 20 27 1 1 0
7 6 1 7500.00 2.59 20 7 1 1 0
7 6 -1 7500.00 2.59 20 23 1 1 0
7 7 1 7500.00 2.59 20 22 1 1 0
7 7 -1 7500.00 2.59 20 21 1 1 0
7 8 1 7500.00 2.59 20 1 1 1 0
7 8 -1 7500.00 2.59 20 20 1 1 0
7 9 1 7500.00 2.59 20 12 1 1 0
7 9 -1 7500.00 2.59 20 13 1 1 0
7 10 1 7500.00 2.59 20 12 1 1 0
7 10 -1 7500.00 2.59 20 7 1 1 0
8 1 1 7500.00 2.59 20 8 1 1 0
8 1 -1 7500.00 2.59 20 22 1 1 0
8 2 1 7500.00 2.59 20 25 1 1 0
8 2 -1 7500.00 2.59 20 22 1 1 0
8 3 1 7500.00 2.59 20 13 1 1 0
8 3 -1 7500.00 2.59 20 23 1 1 0
8 4 1 7500.00 2.59 20 22 1 1 0
8 4 -1 7500.00 2.59 20 9 1 1 0
8 5 1 7500.00 2.59 20 26 1 1 0
8 5 -1 7500.00 2.59 20 24 1 1 0
8 6 1 7500.00 2.59 20 2 1 1 0
8 6 -1 7500.00 2.59 20 14 1 1 0
8 7 1 7500.00 2.59 20 10 1 1 0
8 7 -1 7500.00 2.59 20 20 1 1 0
8 8 1 7500.00 2.59 20 15 1 1 0
8 8 -1 7500.00 2.59 20 26 1 1 0
8 9 1 7500.00 2.59 20 8 1 1 0
8 9 -1 7500.00 2.59 20 17 1 1 0
8 10 1 7500.00 2.59 20 4 1 1 0
8 10 -1 7500.00 2.59 20 24 1 1 0
9 1 1 7500.00 2.59 20 23 1 1 0
9 1 -1 7500.00 2.59 20 2 1 1 0
9 2 1 7500.00 2.59 20 23 1 1 3
9 2 -1 7500.00 2.59 20 10 1 1 3
9 3 1 7500.00 2.59 20 18 1 1 0
9 3 -1 7500.00 2.59 20 26 1 1 0
9 4 1 7500.00 2.59 20 5 1 1 0
9 4 -1 7500.00 2.59 20 22 1 1 0
9 5 1 7500.00 2.59 20 28 1 1 0
9 5 -1 7500.00 2.59 20 16 1 1 0
9 6 1 7500.00 2.59 20 21 1 1 0
9 6 -1 7500.00 2.59 20 1 1 1 0
9 7 1 7500.00 2.59 20 27 1 1 0
9 7 -1 7500.00 2.59 20 10 1 1 0
9 8 1 7500.00 2.59 20 5 1 1 0
9 8 -1 7500.00 2.59 20 16 1 1 0
9 9 1 7500.00 2.59 20 2 1 1 0
9 9 -1 7500.00 2.59 20 8 1 1 0
9 10 1 7500.00 2.59 20 20 1 1 0
9 10 -1 7500.00 2.59 20 12 1 1 0
10 1 1 7500.00 2.59 20 22 0 1 0
10 1 -1 7500.00 2.59 20 2 0 1 0
10 2 1 7500.00 2.59 20 21 0 1 0
10 2 -1 7500.00 2.59 20 10 0 1 0
10 3 1 7500.00 2.59 20 5 0 1 0
10 3 -1 7500.00 2.59 20 26 0 1 0
10 4 1 7500.00 2.59 20 23 0 1 0
10 4 -1 7500.00 2.59 20 14 0 1 0
10 5 1 7500.00 2.59 20 4 0 1 0
10 5 -1 7500.00 2.59 20 20 0 1 0
10 6 1 7500.00 2.59 20 7 0 1 0
10 6 -1 7500.00 2.59 20 9 0 1 0
10 7 1 7500.00 2.59 20 18 0 1 0
10 7 -1 7500.00 2.59 20 3 0 1 0
10 8 1 7500.00 2.59 20 20 0 1 0
10 8 -1 7500.00 2.59 20 4 0 1 0
#STACKS
150000.00 25.90 1
150000.00 25.90 1
150000.00 25.90 1
150000.00 25.90 1
150000.00 25.90 1
150000.00 25.90 1
150000.00 25.90 1
150000.00 25.90 1
150000.00 25.90 1
150000.00 25.90 1
150000.00 25.90 1
150000.00 25.90 1
#CELLS
1 0 0 1 1 1 1
1 0 0 1 1 1 1
1 0 0 1 1 1 1
1 0 0 1 1 1 1
1 0 0 1 1 1 1
1 0 0 1 1 1 1
1 0 0 1 1 1 1
1 0 0 1 1 1 1
1 0 0 1 1 1 1
1 0 0 1 1 1 1
2 0 0 1 1 1 1
2 0 0 1 1 1 1
2 0 0 1 1 1 1
2 0 0 1 1 1 1
2 0 0 1 1 1 1
2 0 0 1 1 1 1
2 0 0 1 1 1 1
2 0 0 1 1 1 1
2 0 0 1 1 1 1
2 0 0 1 1 1 1
3 0 0 1 1 1 1
3 0 0 1 1 1 1
3 0 0 1 1 1 1
3 0 0 1 1 1 1
3 0 0 1 1 1 1
3 0 0 1 1 1 1
3 0 0 1 1 1 1
3 0 0 1 1 1 1
3 0 0 1 1 1 1
3 0 0 1 1 1 1
4 1 1 1 1 1 1
4 1 1 1 1 1 1
4 1 1 1 1 1 1
4 1 1 1 1 1 1
4 1 1 1 1 1 1
4 1 1 1 1 1 1
4 1 1 1 1 1 1
4 1 1 1 1 1 1
4 1 1 1 1 1 1
4 1 1 1 1 1 1
5 1 1 1 1 1 1
5 1 1 1 1 1 1
5 1 1 1 1 1 1
5 1 1 1 1 1 1
5 1 1 1 1 1 1
5 1 1 1 1 1 1
5 1 1 1 1 1 1
5 1 1 1 1 1 1
5 1 1 1 1 1 1
5 1 1 1 1 1 1
6 1 1 1 1 1 1
6 1 1 1 1 1 1
6 1 1 1 1 1 1
6 1 1 1 1 1 1
6 1 1 1 1 1 1
6 1 1 1 1 1 1
6 1 1 1 1 1 1
6 1 1 1 1 1 1
6 1 1 1 1 1 1
6 1 1 1 1 1 1
7 1 1 1 1 1 1
7 1 1 1 1 1 1
7 1 1 1 1 1 1
7 1 1 1 1 1 1
7 1 1 1 1 1 1
7 1 1 1 1 1 1
7 1 1 1 1 1 1
7 1 1 1 1 1 1
7 1 1 1 1 1 1
7 1 1 1 1 1 1
8 1 1 1 1 1 1
8 1 1 1 1 1 1
8 1 1 1 1 1 1
8 1 1 1 1 1 1
8 1 1 1 1 1 1
8 1 1 1 1 1 1
8 1 1 1 1 1 1
8 1 1 1 1 1 1
8 1 1 1 1 1 1
8 1 1 1 1 1 1
9 1 1 1 1 1 1
9 1 1 1 1 1 1
9 1 1 1 1 1 1
9 1 1 1 1 1 1
9 1 1 1 1 1 1
9 1 1 1 1 1 1
9 1 1 1 1 1 1
9 1 1 1 1 1 1
9 1 1 1 1 1 1
9 1 1 1 1 1 1
10 0 0 1 1 1 1
10 0 0 1 1 1 1
10 0 0 1 1 1 1
10 0 0 1 1 1 1
10 0 0 1 1 1 1
10 0 0 1 1 1 1
10 0 0 1 1 1 1
10 0 0 1 1 1 1
10 0 0 1 1 1 1
10 0 0 1 1 1 1
11 0 0 1 1 1 1
11 0 0 1 1 1 1
11 0 0 1 1 1 1
11 0 0 1 1 1 1
11 0 0 1 1 1 1
11 0 0 1 1 1 1
11 0 0 1 1 1 1
11 0 0 1 1 1 1
11 0 0 1 1 1 1
11 0 0 1 1 1 1
12 0 0 1 1 1 1
12 0 0 1 1 1 1
12 0 0 1 1 1 1
12 0 0 1 1 1 1
12 0 0 1 1 1 1
12 0 0 1 1 1 1
12 0 0 1 1 1 1
12 0 0 1 1 1 1
12 0 0 1 1 1 1
12 0 0 1 1 1 1
#INFO-GEN
Namespace(bayType=5, francisco=True, meanPort=15, seed=4527, stdPort=23.56233744134304, target40=3, targetCapacity=75, targetHC=52, targetIMO=5, targetPorts=28, targetReefer=21, targetRelease=77, targetWeight=54)
