6 41 34 7 56 1 8
#POD
1 2 3 4 5 6
#LOCATIONS
1
#CONTAINERS_TOLOAD
0 0 0 11686.36 2.59 20 5 0 1 0
0 0 0 14988.67 2.59 20 1 0 1 0
0 0 0 5279.27 2.59 20 2 0 1 0
0 0 0 11611.24 2.59 20 2 0 1 0
0 0 0 11888.78 2.59 20 3 0 1 1
0 0 0 13125.13 2.59 20 4 0 1 1
0 0 0 6019.99 2.59 20 1 0 1 0
0 0 0 17516.67 2.59 20 2 0 1 0
0 0 0 3498.74 2.59 20 4 0 1 0
0 0 0 16453.07 2.59 20 5 0 1 0
0 0 0 4831.28 2.59 20 3 0 1 0
0 0 0 17606.85 2.59 20 5 0 1 0
0 0 0 3728.43 2.59 20 3 0 1 0
0 0 0 17489.33 2.59 20 3 0 1 0
0 0 0 3641.55 2.59 20 2 0 1 0
0 0 0 14212.64 2.59 20 1 0 1 0
0 0 0 7651.03 2.59 20 3 0 1 0
0 0 0 16303.53 2.59 20 1 0 1 0
0 0 0 4512.55 2.59 20 1 0 1 0
0 0 0 11055.25 2.59 20 2 0 1 0
0 0 0 11127.34 2.59 20 2 0 1 0
0 0 0 15249.74 2.59 20 1 0 1 0
0 0 0 5706.12 2.59 40 6 0 1 4
0 0 0 11178.66 2.90 40 1 0 1 0
0 0 0 14544.13 2.59 20 1 1 1 0
0 0 0 5609.04 2.59 20 3 0 1 0
0 0 0 10498.23 2.59 20 3 1 1 0
0 0 0 17068.39 2.59 20 4 0 1 0
0 0 0 3590.36 2.59 20 3 1 1 0
0 0 0 17153.39 2.59 20 1 0 1 0
0 0 0 4273.88 2.59 20 2 1 1 4
0 0 0 16915.43 2.59 20 1 0 1 4
0 0 0 4850.43 2.59 20 3 1 1 4
0 0 0 11894.76 2.59 20 3 0 1 4
0 0 0 13236.13 2.59 40 1 0 1 0
0 0 0 6650.66 2.59 40 3 0 1 0
0 0 0 11778.18 2.90 40 1 0 1 0
0 0 0 9438.78 2.59 40 3 0 1 0
0 0 0 13409.61 2.90 40 1 0 1 0
0 0 0 9791.32 2.90 40 2 0 1 0
0 0 0 7904.05 2.59 40 2 0 1 0
#CONTAINERS_LOADED
3 1 1 7500.00 2.59 20 2 1 1 0
3 1 -1 7500.00 2.59 20 2 0 1 0
3 2 1 7500.00 2.59 20 3 1 1 0
3 2 -1 7500.00 2.59 20 3 0 1 0
3 3 1 7500.00 2.59 20 1 1 1 0
3 3 -1 7500.00 2.59 20 4 0 1 0
3 4 1 7500.00 2.59 20 3 1 1 0
3 4 -1 7500.00 2.59 20 2 0 1 0
3 5 1 7500.00 2.59 20 3 1 1 0
3 5 -1 7500.00 2.59 20 1 0 1 0
3 6 1 7500.00 2.59 20 4 1 1 0
3 6 -1 7500.00 2.59 20 2 0 1 0
3 7 1 7500.00 2.59 20 2 1 1 0
3 7 -1 7500.00 2.59 20 1 0 1 0
3 8 1 7500.00 2.59 20 1 0 1 3
3 8 -1 7500.00 2.59 20 1 0 1 3
4 1 1 7500.00 2.59 20 3 1 1 0
4 1 -1 7500.00 2.59 20 3 0 1 0
4 2 1 7500.00 2.59 20 3 1 1 0
4 2 -1 7500.00 2.59 20 1 0 1 0
4 3 1 7500.00 2.59 20 3 1 1 0
4 3 -1 7500.00 2.59 20 6 0 1 0
4 4 1 7500.00 2.59 20 4 1 1 0
4 4 -1 7500.00 2.59 20 4 0 1 0
4 5 1 7500.00 2.59 20 4 1 1 0
4 5 -1 7500.00 2.59 20 4 0 1 0
4 6 1 7500.00 2.59 20 1 1 1 0
4 6 -1 7500.00 2.59 20 3 0 1 0
4 7 1 7500.00 2.59 20 2 1 1 0
4 7 -1 7500.00 2.59 20 4 0 1 0
4 8 1 7500.00 2.59 20 3 0 1 0
4 8 -1 7500.00 2.59 20 2 0 1 0
5 1 1 7500.00 2.59 20 3 1 1 0
5 1 -1 7500.00 2.59 20 3 0 1 0
#STACKS
75000.00 12.95 1
90000.00 15.54 1
120000.00 20.72 1
120000.00 20.72 1
120000.00 20.72 1
90000.00 15.54 1
75000.00 12.95 1
#CELLS
1 0 0 0 0 0 1
1 0 0 0 0 0 1
1 0 0 0 0 0 1
1 0 0 1 1 1 1
1 0 0 1 1 1 1
1 0 0 1 1 1 1
1 0 0 1 1 1 1
1 0 0 1 1 1 1
2 0 0 0 0 0 1
2 0 0 0 0 0 1
2 0 0 1 1 1 1
2 0 0 1 1 1 1
2 0 0 1 1 1 1
2 0 0 1 1 1 1
2 0 0 1 1 1 1
2 0 0 1 1 1 1
3 0 1 1 1 1 1
3 0 1 1 1 1 1
3 0 1 1 1 1 1
3 0 1 1 1 1 1
3 0 1 1 1 1 1
3 0 1 1 1 1 1
3 0 1 1 1 1 1
3 0 0 1 1 1 1
4 0 1 1 1 1 1
4 0 1 1 1 1 1
4 0 1 1 1 1 1
4 0 1 1 1 1 1
4 0 1 1 1 1 1
4 0 1 1 1 1 1
4 0 1 1 1 1 1
4 0 0 1 1 1 1
5 0 1 1 1 1 1
5 0 1 1 1 1 1
5 0 1 1 1 1 1
5 0 1 1 1 1 1
5 0 1 1 1 1 1
5 0 1 1 1 1 1
5 0 1 1 1 1 1
5 0 0 1 1 1 1
6 0 0 0 0 0 1
6 0 0 0 0 0 1
6 0 0 1 1 1 1
6 0 0 1 1 1 1
6 0 0 1 1 1 1
6 0 0 1 1 1 1
6 0 0 1 1 1 1
6 0 0 1 1 1 1
7 0 0 0 0 0 1
7 0 0 0 0 0 1
7 0 0 0 0 0 1
7 0 0 1 1 1 1
7 0 0 1 1 1 1
7 0 0 1 1 1 1
7 0 0 1 1 1 1
7 0 0 1 1 1 1
#INFO-GEN
Namespace(bayType=2, francisco=True, meanPort=3, seed=6927, stdPort=1.2414811390692533, target40=23, targetCapacity=92, targetHC=51, targetIMO=33, targetPorts=6, targetReefer=87, targetRelease=44, targetWeight=100)
