20 19 37 7 56 1 8
#POD
2 3 5 6 7 8 9 10 11 12 13 14 15 16 17 18 19 20 21 22
#LOCATIONS
1
#CONTAINERS_TOLOAD
0 0 0 21743.65 2.59 20 11 0 1 4
0 0 0 8954.80 2.59 20 15 0 1 0
0 0 0 13119.58 2.59 20 20 0 1 0
0 0 0 23268.35 2.59 20 11 0 1 0
0 0 0 6853.39 2.59 20 15 0 1 1
0 0 0 20340.50 2.59 20 12 0 1 0
0 0 0 6973.41 2.59 20 20 0 1 1
0 0 0 17399.04 2.59 20 10 0 1 0
0 0 0 13213.66 2.59 20 17 0 1 0
0 0 0 14177.11 2.59 20 6 0 1 0
0 0 0 14539.14 2.59 20 16 0 1 3
0 0 0 19865.82 2.59 20 15 0 1 0
0 0 0 8606.99 2.59 40 6 0 1 4
0 0 0 16871.75 2.59 40 5 0 1 0
0 0 0 10245.04 2.90 40 3 1 1 0
0 0 0 20441.01 2.59 40 19 0 1 4
0 0 0 11529.96 2.59 40 21 0 1 0
0 0 0 11813.08 2.59 40 11 0 1 4
0 0 0 13776.72 2.59 40 15 0 1 0
#CONTAINERS_LOADED
3 1 1 7500.00 2.59 20 9 1 1 4
3 1 -1 7500.00 2.59 20 9 0 1 4
3 2 1 7500.00 2.59 20 5 1 1 4
3 2 -1 7500.00 2.59 20 2 0 1 4
3 3 1 7500.00 2.59 20 17 1 1 3
3 3 -1 7500.00 2.59 20 21 0 1 3
3 4 1 7500.00 2.59 20 7 1 1 4
3 4 -1 7500.00 2.59 20 11 0 1 4
3 5 1 7500.00 2.59 20 12 1 1 0
3 5 -1 7500.00 2.59 20 17 0 1 0
3 6 1 7500.00 2.59 20 11 1 1 3
3 6 -1 7500.00 2.59 20 15 0 1 3
3 7 1 7500.00 2.59 20 10 1 1 0
3 7 -1 7500.00 2.59 20 17 0 1 0
3 8 1 7500.00 2.59 20 19 0 1 4
3 8 -1 7500.00 2.59 20 11 0 1 4
4 1 1 7500.00 2.59 20 13 1 1 0
4 1 -1 7500.00 2.59 20 14 0 1 0
4 2 1 7500.00 2.59 20 11 1 1 0
4 2 -1 7500.00 2.59 20 6 0 1 0
4 3 1 7500.00 2.59 20 12 1 1 0
4 3 -1 7500.00 2.59 20 22 0 1 0
4 4 1 7500.00 2.59 20 9 1 1 0
4 4 -1 7500.00 2.59 20 15 0 1 0
4 5 1 7500.00 2.59 20 10 1 1 0
4 5 -1 7500.00 2.59 20 3 0 1 0
4 6 1 7500.00 2.59 20 11 1 1 0
4 6 -1 7500.00 2.59 20 21 0 1 0
4 7 1 7500.00 2.59 20 12 1 1 0
4 7 -1 7500.00 2.59 20 19 0 1 0
4 8 1 7500.00 2.59 20 18 0 1 0
4 8 -1 7500.00 2.59 20 11 0 1 0
5 1 0 15000.00 2.59 40 12 1 1 4
5 2 0 15000.00 2.59 40 12 1 1 0
5 3 0 15000.00 2.59 40 8 1 1 3
5 4 0 15000.00 2.59 40 10 1 1 0
5 5 0 15000.00 2.59 40 8 1 1 3
#STACKS
75000.00 12.95 1
90000.00 15.54 1
120000.00 20.72 1
120000.00 20.72 1
120000.00 20.72 1
90000.00 15.54 1
75000.00 12.95 1
#CELLS
1 0 0 0 0 0 1
1 0 0 0 0 0 1
1 0 0 0 0 0 1
1 0 0 1 1 1 1
1 0 0 1 1 1 1
1 0 0 1 1 1 1
1 0 0 1 1 1 1
1 0 0 1 1 1 1
2 0 0 0 0 0 1
2 0 0 0 0 0 1
2 0 0 1 1 1 1
2 0 0 1 1 1 1
2 0 0 1 1 1 1
2 0 0 1 1 1 1
2 0 0 1 1 1 1
2 0 0 1 1 1 1
3 0 1 1 1 1 1
3 0 1 1 1 1 1
3 0 1 1 1 1 1
3 0 1 1 1 1 1
3 0 1 1 1 1 1
3 0 1 1 1 1 1
3 0 1 1 1 1 1
3 0 0 1 1 1 1
4 0 1 1 1 1 1
4 0 1 1 1 1 1
4 0 1 1 1 1 1
4 0 1 1 1 1 1
4 0 1 1 1 1 1
4 0 1 1 1 1 1
4 0 1 1 1 1 1
4 0 0 1 1 1 1
5 0 1 1 1 1 1
5 0 1 1 1 1 1
5 0 1 1 1 1 1
5 0 1 1 1 1 1
5 0 1 1 1 1 1
5 0 1 1 1 1 1
5 0 1 1 1 1 1
5 0 0 1 1 1 1
6 0 0 0 0 0 1
6 0 0 0 0 0 1
6 0 0 1 1 1 1
6 0 0 1 1 1 1
6 0 0 1 1 1 1
6 0 0 1 1 1 1
6 0 0 1 1 1 1
6 0 0 1 1 1 1
7 0 0 0 0 0 1
7 0 0 0 0 0 1
7 0 0 0 0 0 1
7 0 0 1 1 1 1
7 0 0 1 1 1 1
7 0 0 1 1 1 1
7 0 0 1 1 1 1
7 0 0 1 1 1 1
#INFO-GEN
Namespace(bayType=2, francisco=True, meanPort=13, seed=3456, stdPort=5.199924608022632, target40=38, targetCapacity=76, targetHC=20, targetIMO=78, targetPorts=26, targetReefer=79, targetRelease=64, targetWeight=73)
