11 74 38 9 72 1 8
#POD
1 2 3 4 5 6 7 8 9 10 11
#LOCATIONS
1
#CONTAINERS_TOLOAD
0 0 0 8580.59 2.59 20 4 0 1 2
0 0 0 12147.23 2.59 20 5 0 1 2
0 0 0 4075.95 2.59 20 7 0 1 2
0 0 0 8022.51 2.59 20 2 0 1 2
0 0 0 11815.05 2.59 20 1 0 1 2
0 0 0 4313.87 2.59 20 3 0 1 4
0 0 0 11229.93 2.59 20 9 0 1 2
0 0 0 5407.36 2.59 20 3 0 1 2
0 0 0 9077.99 2.59 20 10 0 1 2
0 0 0 8627.25 2.59 20 6 0 1 2
0 0 0 6764.32 2.59 20 2 0 1 0
0 0 0 10100.41 2.59 20 1 0 1 0
0 0 0 6269.41 2.59 20 3 0 1 0
0 0 0 8157.81 2.59 20 11 0 1 4
0 0 0 7278.76 2.59 20 5 0 1 4
0 0 0 10752.30 2.59 20 7 0 1 0
0 0 0 5173.96 2.59 20 1 0 1 3
0 0 0 8742.42 2.59 20 9 0 1 2
0 0 0 8831.66 2.59 20 8 0 1 3
0 0 0 8303.54 2.59 20 6 0 1 3
0 0 0 6962.74 2.59 20 4 0 1 1
0 0 0 10703.18 2.59 20 1 0 1 0
0 0 0 6245.42 2.59 20 10 1 1 2
0 0 0 7901.35 2.59 20 4 0 1 0
0 0 0 10734.26 2.59 20 11 1 1 3
0 0 0 4917.83 2.59 20 11 0 1 0
0 0 0 10405.15 2.59 20 6 0 1 4
0 0 0 5986.86 2.59 20 3 0 1 4
0 0 0 9235.06 2.59 20 8 0 1 4
0 0 0 8490.23 2.59 20 5 0 1 4
0 0 0 5922.39 2.59 20 2 0 1 3
0 0 0 11924.19 2.59 20 4 0 1 1
0 0 0 4437.36 2.59 20 9 0 1 4
0 0 0 8037.02 2.59 20 10 0 1 4
0 0 0 10775.20 2.59 20 7 0 1 3
0 0 0 6434.05 2.59 20 7 0 1 3
0 0 0 10399.49 2.59 20 1 1 1 4
0 0 0 4573.94 2.59 20 8 1 1 4
0 0 0 10215.58 2.59 20 9 1 1 3
0 0 0 7322.38 2.59 20 1 1 1 3
0 0 0 9249.80 2.59 20 2 1 1 3
0 0 0 6078.94 2.59 20 1 1 1 3
0 0 0 8748.02 2.59 20 4 0 1 3
0 0 0 10188.74 2.59 20 1 0 1 4
0 0 0 5393.91 2.59 20 8 0 1 3
0 0 0 9596.95 2.59 20 3 0 1 2
0 0 0 8346.77 2.59 20 10 0 1 2
0 0 0 6386.97 2.59 20 4 0 1 0
0 0 0 8478.01 2.59 20 9 0 1 0
0 0 0 9623.22 2.59 20 3 0 1 0
0 0 0 6270.43 2.59 20 3 0 1 1
0 0 0 8414.50 2.59 20 2 0 1 0
0 0 0 7645.59 2.59 40 4 0 1 2
0 0 0 7774.90 2.59 40 4 0 1 2
0 0 0 9896.96 2.59 40 7 0 1 0
0 0 0 6475.42 2.59 40 3 0 1 2
0 0 0 9607.81 2.59 40 8 0 1 2
0 0 0 6380.61 2.59 40 2 1 1 2
0 0 0 12316.28 2.59 40 9 1 1 2
0 0 0 4111.72 2.59 20 9 1 1 2
0 0 0 8736.44 2.59 20 3 1 1 2
0 0 0 7195.82 2.59 40 4 0 1 0
0 0 0 11445.79 2.59 40 2 0 1 4
0 0 0 4622.40 2.59 40 4 0 1 0
0 0 0 10359.42 2.59 40 9 0 1 0
0 0 0 6711.82 2.59 40 11 0 1 2
0 0 0 7843.83 2.59 40 7 0 1 1
0 0 0 10280.08 2.59 40 1 1 1 1
0 0 0 6189.84 2.59 40 8 0 1 3
0 0 0 9469.28 2.59 40 10 0 1 3
0 0 0 6150.92 2.59 40 10 0 1 4
0 0 0 8121.67 2.59 40 10 0 1 3
0 0 0 8129.35 2.59 40 6 0 1 3
0 0 0 7639.83 2.90 40 7 0 1 4
#CONTAINERS_LOADED
4 1 1 7500.00 2.59 20 2 1 1 0
4 1 -1 7500.00 2.59 20 10 1 1 0
4 2 1 7500.00 2.59 20 2 1 1 0
4 2 -1 7500.00 2.59 20 5 1 1 0
4 3 1 7500.00 2.59 20 5 1 1 0
4 3 -1 7500.00 2.59 20 2 1 1 0
4 4 1 7500.00 2.59 20 2 1 1 0
4 4 -1 7500.00 2.59 20 6 1 1 0
4 5 1 7500.00 2.59 20 3 1 1 0
4 5 -1 7500.00 2.59 20 3 1 1 0
4 6 1 7500.00 2.59 20 6 1 1 0
4 6 -1 7500.00 2.59 20 8 1 1 0
4 7 1 7500.00 2.59 20 8 1 1 0
4 7 -1 7500.00 2.59 20 8 1 1 0
4 8 1 7500.00 2.59 20 1 0 1 0
4 8 -1 7500.00 2.59 20 7 0 1 0
5 1 1 7500.00 2.59 20 8 1 1 0
5 1 -1 7500.00 2.59 20 5 1 1 0
5 2 1 7500.00 2.59 20 1 1 1 4
5 2 -1 7500.00 2.59 20 9 1 1 4
5 3 1 7500.00 2.59 20 7 1 1 0
5 3 -1 7500.00 2.59 20 10 1 1 0
5 4 1 7500.00 2.59 20 6 1 1 1
5 4 -1 7500.00 2.59 20 4 1 1 1
5 5 1 7500.00 2.59 20 6 1 1 1
5 5 -1 7500.00 2.59 20 2 1 1 1
5 6 1 7500.00 2.59 20 2 1 1 0
5 6 -1 7500.00 2.59 20 4 1 1 0
5 7 1 7500.00 2.59 20 2 1 1 0
5 7 -1 7500.00 2.59 20 6 1 1 0
5 8 1 7500.00 2.59 20 7 0 1 4
5 8 -1 7500.00 2.59 20 9 0 1 4
6 1 1 7500.00 2.59 20 9 1 1 0
6 1 -1 7500.00 2.59 20 6 1 1 0
6 2 1 7500.00 2.59 20 1 1 1 0
6 2 -1 7500.00 2.59 20 4 1 1 0
6 3 1 7500.00 2.59 20 1 1 1 0
6 3 -1 7500.00 2.59 20 5 1 1 0
#STACKS
90000.00 15.54 1
105000.00 18.13 1
120000.00 20.72 1
120000.00 20.72 1
120000.00 20.72 1
120000.00 20.72 1
120000.00 20.72 1
105000.00 18.13 1
90000.00 15.54 1
#CELLS
1 0 0 0 0 0 1
1 0 0 0 0 0 1
1 0 0 1 1 1 1
1 0 0 1 1 1 1
1 0 0 1 1 1 1
1 0 0 1 1 1 1
1 0 0 1 1 1 1
1 0 0 1 1 1 1
2 0 0 0 0 0 1
2 0 1 1 1 1 1
2 0 1 1 1 1 1
2 0 1 1 1 1 1
2 0 1 1 1 1 1
2 0 1 1 1 1 1
2 0 1 1 1 1 1
2 0 0 1 1 1 1
3 1 1 1 1 1 1
3 1 1 1 1 1 1
3 1 1 1 1 1 1
3 1 1 1 1 1 1
3 1 1 1 1 1 1
3 1 1 1 1 1 1
3 1 1 1 1 1 1
3 0 0 1 1 1 1
4 1 1 1 1 1 1
4 1 1 1 1 1 1
4 1 1 1 1 1 1
4 1 1 1 1 1 1
4 1 1 1 1 1 1
4 1 1 1 1 1 1
4 1 1 1 1 1 1
4 0 0 1 1 1 1
5 1 1 1 1 1 1
5 1 1 1 1 1 1
5 1 1 1 1 1 1
5 1 1 1 1 1 1
5 1 1 1 1 1 1
5 1 1 1 1 1 1
5 1 1 1 1 1 1
5 0 0 1 1 1 1
6 1 1 1 1 1 1
6 1 1 1 1 1 1
6 1 1 1 1 1 1
6 1 1 1 1 1 1
6 1 1 1 1 1 1
6 1 1 1 1 1 1
6 1 1 1 1 1 1
6 0 0 1 1 1 1
7 1 1 1 1 1 1
7 1 1 1 1 1 1
7 1 1 1 1 1 1
7 1 1 1 1 1 1
7 1 1 1 1 1 1
7 1 1 1 1 1 1
7 1 1 1 1 1 1
7 0 0 1 1 1 1
8 0 0 0 0 0 1
8 0 1 1 1 1 1
8 0 1 1 1 1 1
8 0 1 1 1 1 1
8 0 1 1 1 1 1
8 0 1 1 1 1 1
8 0 1 1 1 1 1
8 0 0 1 1 1 1
9 0 0 0 0 0 1
9 0 0 0 0 0 1
9 0 0 1 1 1 1
9 0 0 1 1 1 1
9 0 0 1 1 1 1
9 0 0 1 1 1 1
9 0 0 1 1 1 1
9 0 0 1 1 1 1
#INFO-GEN
Namespace(bayType=3, francisco=True, meanPort=3, seed=2344, stdPort=9.060412580630677, target40=31, targetCapacity=100, targetHC=10, targetIMO=70, targetPorts=11, targetReefer=30, targetRelease=30, targetWeight=85)
