11 68 34 9 72 1 8
#POD
1 2 3 4 5 6 7 8 9 10 11
#LOCATIONS
1
#CONTAINERS_TOLOAD
0 0 0 8708.69 2.59 20 4 0 1 1
0 0 0 12357.20 2.59 20 4 0 1 1
0 0 0 4100.65 2.59 20 5 0 1 1
0 0 0 8137.80 2.59 20 7 0 1 3
0 0 0 12017.39 2.59 20 2 0 1 0
0 0 0 4344.03 2.59 20 1 0 1 0
0 0 0 11418.85 2.59 20 3 0 1 0
0 0 0 5462.62 2.59 20 9 0 1 0
0 0 0 9217.51 2.59 20 3 0 1 1
0 0 0 8756.42 2.59 20 10 0 1 1
0 0 0 6850.73 2.59 20 6 0 1 1
0 0 0 10263.40 2.59 20 2 0 1 1
0 0 0 6344.45 2.59 20 1 0 1 2
0 0 0 8276.20 2.59 20 3 0 1 0
0 0 0 7376.97 2.59 20 11 0 1 0
0 0 0 10930.25 2.59 20 5 0 1 0
0 0 0 5223.87 2.59 20 7 0 1 0
0 0 0 8874.24 2.59 20 1 0 1 0
0 0 0 8965.52 2.59 20 9 0 1 0
0 0 0 8425.28 2.59 20 8 0 1 0
0 0 0 7053.71 2.59 20 6 0 1 0
0 0 0 10880.00 2.59 20 4 0 1 0
0 0 0 6319.92 2.59 20 1 1 1 2
0 0 0 8013.86 2.59 20 10 0 1 2
0 0 0 10911.80 2.59 20 4 1 1 4
0 0 0 4961.85 2.59 20 11 0 1 0
0 0 0 10575.14 2.59 20 11 0 1 0
0 0 0 6055.42 2.59 20 6 0 1 0
0 0 0 9378.19 2.59 20 3 0 1 0
0 0 0 8616.25 2.59 20 8 0 1 0
0 0 0 5989.47 2.59 20 5 0 1 4
0 0 0 12129.05 2.59 20 2 0 1 4
0 0 0 4470.36 2.59 20 4 0 1 0
0 0 0 8152.64 2.59 20 9 0 1 0
0 0 0 10953.67 2.59 20 10 0 1 4
0 0 0 6512.87 2.59 20 7 0 1 4
0 0 0 10569.34 2.59 20 7 1 1 4
0 0 0 4610.07 2.59 20 1 1 1 4
0 0 0 10381.21 2.59 20 8 1 1 4
0 0 0 7421.60 2.59 20 9 1 1 4
0 0 0 9393.27 2.59 20 1 1 1 4
0 0 0 6149.61 2.59 20 2 1 1 4
0 0 0 8879.97 2.59 40 1 0 1 0
0 0 0 10353.75 2.59 40 4 0 1 0
0 0 0 5448.86 2.59 40 1 0 1 0
0 0 0 9748.38 2.59 20 8 0 1 0
0 0 0 8469.51 2.59 20 3 0 1 0
0 0 0 6464.71 2.59 20 10 0 1 2
0 0 0 8603.75 2.59 20 4 0 1 0
0 0 0 9775.25 2.59 20 9 0 1 4
0 0 0 6345.50 2.59 20 3 0 1 0
0 0 0 8538.79 2.59 20 3 1 1 0
0 0 0 7752.22 2.59 20 2 1 1 4
0 0 0 7884.51 2.59 40 4 0 1 1
0 0 0 10055.28 2.90 40 4 0 1 1
0 0 0 6555.20 2.90 40 7 0 1 0
0 0 0 9759.49 2.59 40 3 0 1 1
0 0 0 6458.21 2.59 40 8 0 1 4
0 0 0 12530.13 2.59 40 2 0 1 1
0 0 0 4137.24 2.59 40 9 1 1 1
0 0 0 8868.11 2.59 40 9 1 1 4
0 0 0 7292.14 2.59 40 3 0 1 0
0 0 0 11639.66 2.59 40 4 0 1 0
0 0 0 4659.64 2.59 40 2 0 1 4
0 0 0 10528.35 2.90 40 4 0 1 0
0 0 0 6797.03 2.90 40 9 0 1 0
0 0 0 7955.02 2.59 40 11 0 1 0
0 0 0 7499.95 2.59 40 7 1 1 0
#CONTAINERS_LOADED
4 1 1 7500.00 2.59 20 1 1 1 0
4 1 -1 7500.00 2.59 20 8 1 1 0
4 2 1 7500.00 2.59 20 10 1 1 0
4 2 -1 7500.00 2.59 20 10 1 1 0
4 3 1 7500.00 2.59 20 10 1 1 0
4 3 -1 7500.00 2.59 20 6 1 1 0
4 4 1 7500.00 2.59 20 7 1 1 0
4 4 -1 7500.00 2.59 20 2 1 1 0
4 5 1 7500.00 2.59 20 10 1 1 0
4 5 -1 7500.00 2.59 20 2 1 1 0
4 6 1 7500.00 2.59 20 5 1 1 0
4 6 -1 7500.00 2.59 20 5 1 1 0
4 7 1 7500.00 2.59 20 2 1 1 0
4 7 -1 7500.00 2.59 20 2 1 1 0
4 8 1 7500.00 2.59 20 6 0 1 0
4 8 -1 7500.00 2.59 20 3 0 1 0
5 1 1 7500.00 2.59 20 3 1 1 3
5 1 -1 7500.00 2.59 20 6 1 1 3
5 2 1 7500.00 2.59 20 8 1 1 4
5 2 -1 7500.00 2.59 20 8 1 1 4
5 3 1 7500.00 2.59 20 8 1 1 0
5 3 -1 7500.00 2.59 20 1 1 1 0
5 4 1 7500.00 2.59 20 7 1 1 4
5 4 -1 7500.00 2.59 20 8 1 1 4
5 5 1 7500.00 2.59 20 5 1 1 0
5 5 -1 7500.00 2.59 20 1 1 1 0
5 6 1 7500.00 2.59 20 9 1 1 3
5 6 -1 7500.00 2.59 20 7 1 1 3
5 7 1 7500.00 2.59 20 10 1 1 3
5 7 -1 7500.00 2.59 20 6 1 1 3
5 8 1 7500.00 2.59 20 4 0 1 4
5 8 -1 7500.00 2.59 20 6 0 1 4
6 1 1 7500.00 2.59 20 2 1 1 0
6 1 -1 7500.00 2.59 20 2 1 1 0
#STACKS
90000.00 15.54 1
105000.00 18.13 1
120000.00 20.72 1
120000.00 20.72 1
120000.00 20.72 1
120000.00 20.72 1
120000.00 20.72 1
105000.00 18.13 1
90000.00 15.54 1
#CELLS
1 0 0 0 0 0 1
1 0 0 0 0 0 1
1 0 0 1 1 1 1
1 0 0 1 1 1 1
1 0 0 1 1 1 1
1 0 0 1 1 1 1
1 0 0 1 1 1 1
1 0 0 1 1 1 1
2 0 0 0 0 0 1
2 0 1 1 1 1 1
2 0 1 1 1 1 1
2 0 1 1 1 1 1
2 0 1 1 1 1 1
2 0 1 1 1 1 1
2 0 1 1 1 1 1
2 0 0 1 1 1 1
3 1 1 1 1 1 1
3 1 1 1 1 1 1
3 1 1 1 1 1 1
3 1 1 1 1 1 1
3 1 1 1 1 1 1
3 1 1 1 1 1 1
3 1 1 1 1 1 1
3 0 0 1 1 1 1
4 1 1 1 1 1 1
4 1 1 1 1 1 1
4 1 1 1 1 1 1
4 1 1 1 1 1 1
4 1 1 1 1 1 1
4 1 1 1 1 1 1
4 1 1 1 1 1 1
4 0 0 1 1 1 1
5 1 1 1 1 1 1
5 1 1 1 1 1 1
5 1 1 1 1 1 1
5 1 1 1 1 1 1
5 1 1 1 1 1 1
5 1 1 1 1 1 1
5 1 1 1 1 1 1
5 0 0 1 1 1 1
6 1 1 1 1 1 1
6 1 1 1 1 1 1
6 1 1 1 1 1 1
6 1 1 1 1 1 1
6 1 1 1 1 1 1
6 1 1 1 1 1 1
6 1 1 1 1 1 1
6 0 0 1 1 1 1
7 1 1 1 1 1 1
7 1 1 1 1 1 1
7 1 1 1 1 1 1
7 1 1 1 1 1 1
7 1 1 1 1 1 1
7 1 1 1 1 1 1
7 1 1 1 1 1 1
7 0 0 1 1 1 1
8 0 0 0 0 0 1
8 0 1 1 1 1 1
8 0 1 1 1 1 1
8 0 1 1 1 1 1
8 0 1 1 1 1 1
8 0 1 1 1 1 1
8 0 1 1 1 1 1
8 0 0 1 1 1 1
9 0 0 0 0 0 1
9 0 0 0 0 0 1
9 0 0 1 1 1 1
9 0 0 1 1 1 1
9 0 0 1 1 1 1
9 0 0 1 1 1 1
9 0 0 1 1 1 1
9 0 0 1 1 1 1
#INFO-GEN
Namespace(bayType=3, francisco=True, meanPort=3, seed=2344, stdPort=9.060412580630677, target40=31, targetCapacity=91, targetHC=20, targetIMO=70, targetPorts=11, targetReefer=30, targetRelease=30, targetWeight=76)
