20 8 26 5 40 1 8
#POD
1 3 4 5 6 7 8 9 10 11 12 13 14 15 17 19 20 23 25 28
#LOCATIONS
1
#CONTAINERS_TOLOAD
0 0 0 20525.42 2.59 20 10 0 1 0
0 0 0 23327.08 2.59 20 17 0 1 0
0 0 0 14488.17 2.59 20 19 0 1 0
0 0 0 23986.95 2.59 20 10 0 1 0
0 0 0 13817.59 2.59 20 3 0 1 0
0 0 0 16414.13 2.59 20 20 0 1 0
0 0 0 18647.54 2.59 20 28 0 1 0
0 0 0 15041.12 2.59 20 13 0 1 0
#CONTAINERS_LOADED
2 4 1 7500.00 2.59 20 3 1 1 0
2 4 -1 7500.00 2.59 20 20 0 1 0
2 5 1 7500.00 2.59 20 11 1 1 0
2 5 -1 7500.00 2.59 20 25 0 1 0
2 6 1 7500.00 2.59 20 1 0 1 0
2 6 -1 7500.00 2.59 20 14 0 1 0
2 7 1 7500.00 2.59 20 5 0 1 0
2 7 -1 7500.00 2.59 20 17 0 1 0
2 8 1 7500.00 2.59 20 17 0 1 0
2 8 -1 7500.00 2.59 20 3 0 1 0
3 1 1 7500.00 2.59 20 8 1 1 0
3 1 -1 7500.00 2.59 20 7 0 1 0
3 2 1 7500.00 2.59 20 15 1 1 0
3 2 -1 7500.00 2.59 20 4 0 1 0
3 3 1 7500.00 2.59 20 23 1 1 0
3 3 -1 7500.00 2.59 20 6 0 1 0
3 4 1 7500.00 2.59 20 1 1 1 0
3 4 -1 7500.00 2.59 20 12 0 1 0
3 5 1 7500.00 2.59 20 9 1 1 0
3 5 -1 7500.00 2.59 20 13 0 1 0
3 6 1 7500.00 2.59 20 13 0 1 0
3 6 -1 7500.00 2.59 20 17 0 1 0
3 7 1 7500.00 2.59 20 5 0 1 0
3 7 -1 7500.00 2.59 20 20 0 1 0
3 8 1 7500.00 2.59 20 25 0 1 3
3 8 -1 7500.00 2.59 20 4 0 1 3
#STACKS
60000.00 10.36 1
75000.00 12.95 1
120000.00 20.72 1
75000.00 12.95 1
60000.00 10.36 1
#CELLS
1 0 0 0 0 0 1
1 0 0 0 0 0 1
1 0 0 0 0 0 1
1 0 0 0 0 0 1
1 0 0 1 1 1 1
1 0 0 1 1 1 1
1 0 0 1 1 1 1
1 0 0 1 1 1 1
2 0 0 0 0 0 1
2 0 0 0 0 0 1
2 0 0 0 0 0 1
2 0 1 1 1 1 1
2 0 1 1 1 1 1
2 0 0 1 1 1 1
2 0 0 1 1 1 1
2 0 0 1 1 1 1
3 0 1 1 1 1 1
3 0 1 1 1 1 1
3 0 1 1 1 1 1
3 0 1 1 1 1 1
3 0 1 1 1 1 1
3 0 0 1 1 1 1
3 0 0 1 1 1 1
3 0 0 1 1 1 1
4 0 0 0 0 0 1
4 0 0 0 0 0 1
4 0 0 0 0 0 1
4 0 1 1 1 1 1
4 0 1 1 1 1 1
4 0 0 1 1 1 1
4 0 0 1 1 1 1
4 0 0 1 1 1 1
5 0 0 0 0 0 1
5 0 0 0 0 0 1
5 0 0 0 0 0 1
5 0 0 0 0 0 1
5 0 0 1 1 1 1
5 0 0 1 1 1 1
5 0 0 1 1 1 1
5 0 0 1 1 1 1
#INFO-GEN
Namespace(bayType=1, francisco=True, meanPort=17, seed=1234, stdPort=19.80377748166358, target40=0, targetCapacity=69, targetHC=55, targetIMO=8, targetPorts=29, targetReefer=44, targetRelease=78, targetWeight=75)
