25 21 62 7 56 1 8
#POD
2 3 4 5 7 8 9 10 11 12 13 14 15 16 17 18 19 20 21 23 24 25 26 27 28
#LOCATIONS
1
#CONTAINERS_TOLOAD
0 0 0 17536.71 2.59 20 24 0 1 0
0 0 0 4605.76 2.59 20 10 0 1 0
0 0 0 16671.00 2.59 20 23 0 1 0
0 0 0 4780.91 2.59 20 13 0 1 0
0 0 0 10717.16 2.59 20 2 0 1 0
0 0 0 11097.09 2.59 20 4 0 1 0
0 0 0 15185.83 2.59 20 8 0 1 0
0 0 0 6856.73 2.59 20 23 0 1 0
0 0 0 14398.21 2.59 20 24 0 1 0
0 0 0 5975.70 2.59 20 27 0 1 0
0 0 0 15104.76 2.59 20 18 0 1 0
0 0 0 7270.83 2.59 20 24 0 1 0
0 0 0 11653.68 2.59 20 23 0 1 0
0 0 0 12502.08 2.59 20 9 0 1 0
0 0 0 9291.11 2.59 20 23 0 1 0
0 0 0 8061.68 2.59 20 12 0 1 0
0 0 0 10849.09 2.59 20 25 0 1 0
0 0 0 17117.61 2.59 20 16 0 1 0
0 0 0 4593.46 2.59 20 20 0 1 0
0 0 0 10573.68 2.59 20 3 0 1 0
0 0 0 10150.94 2.90 40 27 0 1 0
#CONTAINERS_LOADED
2 3 1 7500.00 2.59 20 24 0 1 0
2 3 -1 7500.00 2.59 20 25 0 1 0
2 4 1 7500.00 2.59 20 19 0 1 0
2 4 -1 7500.00 2.59 20 26 0 1 0
2 5 1 7500.00 2.59 20 26 0 1 0
2 5 -1 7500.00 2.59 20 12 0 1 0
2 6 1 7500.00 2.59 20 12 0 1 0
2 6 -1 7500.00 2.59 20 10 0 1 0
2 7 1 7500.00 2.59 20 11 0 1 0
2 7 -1 7500.00 2.59 20 27 0 1 0
2 8 1 7500.00 2.59 20 4 0 1 0
2 8 -1 7500.00 2.59 20 5 0 1 0
3 1 1 7500.00 2.59 20 25 1 1 0
3 1 -1 7500.00 2.59 20 15 0 1 0
3 2 1 7500.00 2.59 20 23 1 1 1
3 2 -1 7500.00 2.59 20 9 0 1 1
3 3 1 7500.00 2.59 20 8 1 1 0
3 3 -1 7500.00 2.59 20 10 0 1 0
3 4 1 7500.00 2.59 20 14 1 1 0
3 4 -1 7500.00 2.59 20 3 0 1 0
3 5 1 7500.00 2.59 20 18 1 1 0
3 5 -1 7500.00 2.59 20 16 0 1 0
3 6 1 7500.00 2.59 20 17 1 1 0
3 6 -1 7500.00 2.59 20 20 0 1 0
3 7 1 7500.00 2.59 20 9 1 1 4
3 7 -1 7500.00 2.59 20 14 0 1 4
3 8 1 7500.00 2.59 20 26 0 1 0
3 8 -1 7500.00 2.59 20 25 0 1 0
4 1 1 7500.00 2.59 20 27 1 1 0
4 1 -1 7500.00 2.59 20 9 0 1 0
4 2 1 7500.00 2.59 20 27 1 1 0
4 2 -1 7500.00 2.59 20 20 0 1 0
4 3 1 7500.00 2.59 20 20 1 1 0
4 3 -1 7500.00 2.59 20 5 0 1 0
4 4 1 7500.00 2.59 20 26 1 1 0
4 4 -1 7500.00 2.59 20 12 0 1 0
4 5 1 7500.00 2.59 20 19 1 1 0
4 5 -1 7500.00 2.59 20 19 0 1 0
4 6 1 7500.00 2.59 20 21 1 1 0
4 6 -1 7500.00 2.59 20 24 0 1 0
4 7 1 7500.00 2.59 20 28 1 1 0
4 7 -1 7500.00 2.59 20 8 0 1 0
4 8 1 7500.00 2.59 20 26 0 1 0
4 8 -1 7500.00 2.59 20 14 0 1 0
5 1 1 7500.00 2.59 20 26 1 1 1
5 1 -1 7500.00 2.59 20 13 0 1 1
5 2 1 7500.00 2.59 20 10 1 1 0
5 2 -1 7500.00 2.59 20 16 0 1 0
5 3 1 7500.00 2.59 20 11 1 1 0
5 3 -1 7500.00 2.59 20 28 0 1 0
5 4 1 7500.00 2.59 20 4 1 1 1
5 4 -1 7500.00 2.59 20 17 0 1 1
5 5 1 7500.00 2.59 20 11 1 1 0
5 5 -1 7500.00 2.59 20 7 0 1 0
5 6 1 7500.00 2.59 20 9 1 1 0
5 6 -1 7500.00 2.59 20 10 0 1 0
5 7 1 7500.00 2.59 20 10 1 1 0
5 7 -1 7500.00 2.59 20 12 0 1 0
5 8 1 7500.00 2.59 20 13 0 1 0
5 8 -1 7500.00 2.59 20 7 0 1 0
6 3 1 7500.00 2.59 20 18 0 1 0
6 3 -1 7500.00 2.59 20 10 0 1 0
#STACKS
75000.00 12.95 1
90000.00 15.54 1
120000.00 20.72 1
120000.00 20.72 1
120000.00 20.72 1
90000.00 15.54 1
75000.00 12.95 1
#CELLS
1 0 0 0 0 0 1
1 0 0 0 0 0 1
1 0 0 0 0 0 1
1 0 0 1 1 1 1
1 0 0 1 1 1 1
1 0 0 1 1 1 1
1 0 0 1 1 1 1
1 0 0 1 1 1 1
2 0 0 0 0 0 1
2 0 0 0 0 0 1
2 0 0 1 1 1 1
2 0 0 1 1 1 1
2 0 0 1 1 1 1
2 0 0 1 1 1 1
2 0 0 1 1 1 1
2 0 0 1 1 1 1
3 0 1 1 1 1 1
3 0 1 1 1 1 1
3 0 1 1 1 1 1
3 0 1 1 1 1 1
3 0 1 1 1 1 1
3 0 1 1 1 1 1
3 0 1 1 1 1 1
3 0 0 1 1 1 1
4 0 1 1 1 1 1
4 0 1 1 1 1 1
4 0 1 1 1 1 1
4 0 1 1 1 1 1
4 0 1 1 1 1 1
4 0 1 1 1 1 1
4 0 1 1 1 1 1
4 0 0 1 1 1 1
5 0 1 1 1 1 1
5 0 1 1 1 1 1
5 0 1 1 1 1 1
5 0 1 1 1 1 1
5 0 1 1 1 1 1
5 0 1 1 1 1 1
5 0 1 1 1 1 1
5 0 0 1 1 1 1
6 0 0 0 0 0 1
6 0 0 0 0 0 1
6 0 0 1 1 1 1
6 0 0 1 1 1 1
6 0 0 1 1 1 1
6 0 0 1 1 1 1
6 0 0 1 1 1 1
6 0 0 1 1 1 1
7 0 0 0 0 0 1
7 0 0 0 0 0 1
7 0 0 0 0 0 1
7 0 0 1 1 1 1
7 0 0 1 1 1 1
7 0 0 1 1 1 1
7 0 0 1 1 1 1
7 0 0 1 1 1 1
#INFO-GEN
Namespace(bayType=2, francisco=True, meanPort=15, seed=4527, stdPort=23.56233744134304, target40=3, targetCapacity=93, targetHC=52, targetIMO=5, targetPorts=28, targetReefer=21, targetRelease=77, targetWeight=100)
