26 47 162 12 120 1 10
#POD
1 2 3 4 5 6 7 8 9 10 11 12 13 14 15 16 17 18 19 20 21 22 23 24 25 26
#LOCATIONS
1
#CONTAINERS_TOLOAD
0 0 0 17048.63 2.59 20 8 0 1 0
0 0 0 4551.84 2.59 20 20 0 1 1
0 0 0 16211.99 2.59 20 22 0 1 0
0 0 0 4721.12 2.59 20 24 0 1 0
0 0 0 10458.05 2.59 20 17 0 1 4
0 0 0 10825.22 2.59 20 26 0 1 3
0 0 0 14776.68 2.59 20 8 0 1 4
0 0 0 6727.24 2.59 20 2 0 1 0
0 0 0 14015.51 2.59 20 22 0 1 3
0 0 0 5875.79 2.59 20 22 0 1 3
0 0 0 14698.33 2.59 20 21 0 1 3
0 0 0 7127.43 2.59 20 8 0 1 2
0 0 0 11363.13 2.59 20 22 0 1 0
0 0 0 12183.05 2.59 20 17 0 1 1
0 0 0 9079.89 2.59 20 18 0 1 0
0 0 0 7891.73 2.59 20 13 0 1 1
0 0 0 10585.55 2.59 20 9 0 1 4
0 0 0 16643.60 2.59 20 4 0 1 2
0 0 0 4539.96 2.59 20 13 0 1 0
0 0 0 10319.39 2.59 20 24 0 1 4
0 0 0 12106.11 2.59 20 20 0 1 4
0 0 0 12220.73 2.59 20 10 0 1 1
0 0 0 7441.32 2.59 20 20 0 1 4
0 0 0 13097.45 2.59 20 21 0 1 4
0 0 0 10339.67 2.59 20 23 0 1 3
0 0 0 7646.88 2.59 20 17 0 1 3
0 0 0 15988.47 2.59 20 26 0 1 3
0 0 0 4574.98 2.59 20 24 0 1 3
0 0 0 15330.93 2.59 20 9 0 1 3
0 0 0 6375.91 2.59 20 14 0 1 3
0 0 0 12320.24 2.59 20 5 0 1 4
0 0 0 9144.81 2.59 20 15 0 1 4
0 0 0 10292.64 2.59 20 25 0 1 4
0 0 0 9515.79 2.59 20 20 0 1 4
0 0 0 10963.01 2.59 20 10 0 1 4
0 0 0 13294.97 2.59 20 23 0 1 4
0 0 0 9564.18 2.59 20 20 0 1 2
0 0 0 10837.98 2.59 20 26 0 1 3
0 0 0 10202.85 2.59 40 18 0 1 0
0 0 0 10234.21 2.90 40 15 0 1 4
0 0 0 11786.73 2.90 40 22 0 1 1
0 0 0 8341.90 2.59 20 26 0 1 0
0 0 0 12915.58 2.59 20 26 0 1 3
0 0 0 7740.43 2.59 20 7 0 1 4
0 0 0 9891.77 2.59 20 15 0 1 0
0 0 0 15168.27 2.59 20 20 0 1 0
0 0 0 4403.05 2.59 20 23 0 1 1
#CONTAINERS_LOADED
3 1 1 7500.00 2.59 20 23 0 1 4
3 1 -1 7500.00 2.59 20 21 0 1 4
3 2 1 7500.00 2.59 20 12 0 1 4
3 2 -1 7500.00 2.59 20 24 0 1 4
3 3 1 7500.00 2.59 20 21 0 1 3
3 3 -1 7500.00 2.59 20 12 0 1 3
3 4 1 7500.00 2.59 20 17 0 1 3
3 4 -1 7500.00 2.59 20 9 0 1 3
3 5 1 7500.00 2.59 20 25 0 1 0
3 5 -1 7500.00 2.59 20 10 0 1 0
3 6 1 7500.00 2.59 20 11 0 1 3
3 6 -1 7500.00 2.59 20 22 0 1 3
3 7 1 7500.00 2.59 20 19 0 1 4
3 7 -1 7500.00 2.59 20 15 0 1 4
3 8 1 7500.00 2.59 20 20 0 1 4
3 8 -1 7500.00 2.59 20 21 0 1 4
3 9 1 7500.00 2.59 20 7 0 1 3
3 9 -1 7500.00 2.59 20 21 0 1 3
3 10 1 7500.00 2.59 20 22 0 1 4
3 10 -1 7500.00 2.59 20 23 0 1 4
4 1 1 7500.00 2.59 20 19 1 1 0
4 1 -1 7500.00 2.59 20 26 1 1 0
4 2 1 7500.00 2.59 20 21 1 1 0
4 2 -1 7500.00 2.59 20 24 1 1 0
4 3 1 7500.00 2.59 20 17 1 1 0
4 3 -1 7500.00 2.59 20 20 1 1 0
4 4 1 7500.00 2.59 20 17 1 1 0
4 4 -1 7500.00 2.59 20 24 1 1 0
4 5 1 7500.00 2.59 20 14 1 1 0
4 5 -1 7500.00 2.59 20 2 1 1 0
4 6 1 7500.00 2.59 20 14 1 1 0
4 6 -1 7500.00 2.59 20 11 1 1 0
4 7 1 7500.00 2.59 20 10 1 1 0
4 7 -1 7500.00 2.59 20 26 1 1 0
4 8 1 7500.00 2.59 20 11 1 1 0
4 8 -1 7500.00 2.59 20 11 1 1 0
4 9 1 7500.00 2.59 20 25 1 1 0
4 9 -1 7500.00 2.59 20 25 1 1 0
4 10 1 7500.00 2.59 20 26 1 1 0
4 10 -1 7500.00 2.59 20 13 1 1 0
5 1 1 7500.00 2.59 20 19 1 1 3
5 1 -1 7500.00 2.59 20 26 1 1 3
5 2 1 7500.00 2.59 20 16 1 1 3
5 2 -1 7500.00 2.59 20 16 1 1 3
5 3 1 7500.00 2.59 20 16 1 1 3
5 3 -1 7500.00 2.59 20 26 1 1 3
5 4 1 7500.00 2.59 20 20 1 1 3
5 4 -1 7500.00 2.59 20 13 1 1 3
5 5 1 7500.00 2.59 20 22 1 1 3
5 5 -1 7500.00 2.59 20 25 1 1 3
5 6 1 7500.00 2.59 20 17 1 1 3
5 6 -1 7500.00 2.59 20 22 1 1 3
5 7 1 7500.00 2.59 20 22 1 1 4
5 7 -1 7500.00 2.59 20 8 1 1 4
5 8 1 7500.00 2.59 20 20 1 1 3
5 8 -1 7500.00 2.59 20 12 1 1 3
5 9 1 7500.00 2.59 20 10 1 1 0
5 9 -1 7500.00 2.59 20 22 1 1 0
5 10 1 7500.00 2.59 20 14 1 1 4
5 10 -1 7500.00 2.59 20 13 1 1 4
6 1 1 7500.00 2.59 20 13 1 1 0
6 1 -1 7500.00 2.59 20 11 1 1 0
6 2 1 7500.00 2.59 20 15 1 1 0
6 2 -1 7500.00 2.59 20 1 1 1 0
6 3 1 7500.00 2.59 20 14 1 1 0
6 3 -1 7500.00 2.59 20 18 1 1 0
6 4 1 7500.00 2.59 20 2 1 1 0
6 4 -1 7500.00 2.59 20 26 1 1 0
6 5 1 7500.00 2.59 20 3 1 1 0
6 5 -1 7500.00 2.59 20 7 1 1 0
6 6 1 7500.00 2.59 20 8 1 1 0
6 6 -1 7500.00 2.59 20 9 1 1 0
6 7 1 7500.00 2.59 20 11 1 1 0
6 7 -1 7500.00 2.59 20 13 1 1 0
6 8 1 7500.00 2.59 20 16 1 1 0
6 8 -1 7500.00 2.59 20 14 1 1 0
6 9 1 7500.00 2.59 20 17 1 1 0
6 9 -1 7500.00 2.59 20 11 1 1 0
6 10 1 7500.00 2.59 20 18 1 1 0
6 10 -1 7500.00 2.59 20 9 1 1 0
7 1 1 7500.00 2.59 20 26 1 1 4
7 1 -1 7500.00 2.59 20 18 1 1 4
7 2 1 7500.00 2.59 20 20 1 1 4
7 2 -1 7500.00 2.59 20 15 1 1 4
7 3 1 7500.00 2.59 20 25 1 1 3
7 3 -1 7500.00 2.59 20 12 1 1 3
7 4 1 7500.00 2.59 20 17 1 1 0
7 4 -1 7500.00 2.59 20 22 1 1 0
7 5 1 7500.00 2.59 20 18 1 1 3
7 5 -1 7500.00 2.59 20 26 1 1 3
7 6 1 7500.00 2.59 20 23 1 1 4
7 6 -1 7500.00 2.59 20 13 1 1 4
7 7 1 7500.00 2.59 20 25 1 1 0
7 7 -1 7500.00 2.59 20 18 1 1 0
7 8 1 7500.00 2.59 20 9 1 1 3
7 8 -1 7500.00 2.59 20 18 1 1 3
7 9 1 7500.00 2.59 20 4 1 1 4
7 9 -1 7500.00 2.59 20 7 1 1 4
7 10 1 7500.00 2.59 20 16 1 1 3
7 10 -1 7500.00 2.59 20 7 1 1 3
8 1 1 7500.00 2.59 20 26 1 1 0
8 1 -1 7500.00 2.59 20 26 1 1 0
8 2 1 7500.00 2.59 20 12 1 1 0
8 2 -1 7500.00 2.59 20 11 1 1 0
8 3 1 7500.00 2.59 20 16 1 1 0
8 3 -1 7500.00 2.59 20 24 1 1 0
8 4 1 7500.00 2.59 20 18 1 1 0
8 4 -1 7500.00 2.59 20 24 1 1 0
8 5 1 7500.00 2.59 20 8 1 1 0
8 5 -1 7500.00 2.59 20 12 1 1 0
8 6 1 7500.00 2.59 20 22 1 1 0
8 6 -1 7500.00 2.59 20 11 1 1 0
8 7 1 7500.00 2.59 20 18 1 1 0
8 7 -1 7500.00 2.59 20 22 1 1 0
8 8 1 7500.00 2.59 20 7 1 1 0
8 8 -1 7500.00 2.59 20 20 1 1 0
8 9 1 7500.00 2.59 20 26 1 1 0
8 9 -1 7500.00 2.59 20 24 1 1 0
8 10 1 7500.00 2.59 20 18 1 1 0
8 10 -1 7500.00 2.59 20 26 1 1 0
9 1 1 7500.00 2.59 20 22 1 1 1
9 1 -1 7500.00 2.59 20 22 1 1 1
9 2 1 7500.00 2.59 20 19 1 1 4
9 2 -1 7500.00 2.59 20 4 1 1 4
9 3 1 7500.00 2.59 20 18 1 1 4
9 3 -1 7500.00 2.59 20 6 1 1 4
9 4 1 7500.00 2.59 20 9 1 1 1
9 4 -1 7500.00 2.59 20 12 1 1 1
9 5 1 7500.00 2.59 20 10 1 1 1
9 5 -1 7500.00 2.59 20 6 1 1 1
9 6 1 7500.00 2.59 20 5 1 1 1
9 6 -1 7500.00 2.59 20 15 1 1 1
9 7 1 7500.00 2.59 20 15 1 1 4
9 7 -1 7500.00 2.59 20 25 1 1 4
9 8 1 7500.00 2.59 20 23 1 1 1
9 8 -1 7500.00 2.59 20 25 1 1 1
9 9 1 7500.00 2.59 20 24 1 1 4
9 9 -1 7500.00 2.59 20 3 1 1 4
9 10 1 7500.00 2.59 20 3 1 1 1
9 10 -1 7500.00 2.59 20 15 1 1 1
10 1 1 7500.00 2.59 20 17 0 1 0
10 1 -1 7500.00 2.59 20 16 0 1 0
10 2 1 7500.00 2.59 20 26 0 1 0
10 2 -1 7500.00 2.59 20 12 0 1 0
10 3 1 7500.00 2.59 20 16 0 1 0
10 3 -1 7500.00 2.59 20 15 0 1 0
10 4 1 7500.00 2.59 20 13 0 1 0
10 4 -1 7500.00 2.59 20 15 0 1 0
10 5 1 7500.00 2.59 20 10 0 1 0
10 5 -1 7500.00 2.59 20 21 0 1 0
10 6 1 7500.00 2.59 20 12 0 1 0
10 6 -1 7500.00 2.59 20 21 0 1 0
10 7 1 7500.00 2.59 20 23 0 1 0
10 7 -1 7500.00 2.59 20 25 0 1 0
10 8 1 7500.00 2.59 20 26 0 1 0
10 8 -1 7500.00 2.59 20 24 0 1 0
10 9 1 7500.00 2.59 20 24 0 1 0
10 9 -1 7500.00 2.59 20 16 0 1 0
10 10 1 7500.00 2.59 20 20 0 1 0
10 10 -1 7500.00 2.59 20 19 0 1 0
11 1 1 7500.00 2.59 20 20 0 1 3
11 1 -1 7500.00 2.59 20 14 0 1 3
#STACKS
150000.00 25.90 1
150000.00 25.90 1
150000.00 25.90 1
150000.00 25.90 1
150000.00 25.90 1
150000.00 25.90 1
150000.00 25.90 1
150000.00 25.90 1
150000.00 25.90 1
150000.00 25.90 1
150000.00 25.90 1
150000.00 25.90 1
#CELLS
1 0 0 1 1 1 1
1 0 0 1 1 1 1
1 0 0 1 1 1 1
1 0 0 1 1 1 1
1 0 0 1 1 1 1
1 0 0 1 1 1 1
1 0 0 1 1 1 1
1 0 0 1 1 1 1
1 0 0 1 1 1 1
1 0 0 1 1 1 1
2 0 0 1 1 1 1
2 0 0 1 1 1 1
2 0 0 1 1 1 1
2 0 0 1 1 1 1
2 0 0 1 1 1 1
2 0 0 1 1 1 1
2 0 0 1 1 1 1
2 0 0 1 1 1 1
2 0 0 1 1 1 1
2 0 0 1 1 1 1
3 0 0 1 1 1 1
3 0 0 1 1 1 1
3 0 0 1 1 1 1
3 0 0 1 1 1 1
3 0 0 1 1 1 1
3 0 0 1 1 1 1
3 0 0 1 1 1 1
3 0 0 1 1 1 1
3 0 0 1 1 1 1
3 0 0 1 1 1 1
4 1 1 1 1 1 1
4 1 1 1 1 1 1
4 1 1 1 1 1 1
4 1 1 1 1 1 1
4 1 1 1 1 1 1
4 1 1 1 1 1 1
4 1 1 1 1 1 1
4 1 1 1 1 1 1
4 1 1 1 1 1 1
4 1 1 1 1 1 1
5 1 1 1 1 1 1
5 1 1 1 1 1 1
5 1 1 1 1 1 1
5 1 1 1 1 1 1
5 1 1 1 1 1 1
5 1 1 1 1 1 1
5 1 1 1 1 1 1
5 1 1 1 1 1 1
5 1 1 1 1 1 1
5 1 1 1 1 1 1
6 1 1 1 1 1 1
6 1 1 1 1 1 1
6 1 1 1 1 1 1
6 1 1 1 1 1 1
6 1 1 1 1 1 1
6 1 1 1 1 1 1
6 1 1 1 1 1 1
6 1 1 1 1 1 1
6 1 1 1 1 1 1
6 1 1 1 1 1 1
7 1 1 1 1 1 1
7 1 1 1 1 1 1
7 1 1 1 1 1 1
7 1 1 1 1 1 1
7 1 1 1 1 1 1
7 1 1 1 1 1 1
7 1 1 1 1 1 1
7 1 1 1 1 1 1
7 1 1 1 1 1 1
7 1 1 1 1 1 1
8 1 1 1 1 1 1
8 1 1 1 1 1 1
8 1 1 1 1 1 1
8 1 1 1 1 1 1
8 1 1 1 1 1 1
8 1 1 1 1 1 1
8 1 1 1 1 1 1
8 1 1 1 1 1 1
8 1 1 1 1 1 1
8 1 1 1 1 1 1
9 1 1 1 1 1 1
9 1 1 1 1 1 1
9 1 1 1 1 1 1
9 1 1 1 1 1 1
9 1 1 1 1 1 1
9 1 1 1 1 1 1
9 1 1 1 1 1 1
9 1 1 1 1 1 1
9 1 1 1 1 1 1
9 1 1 1 1 1 1
10 0 0 1 1 1 1
10 0 0 1 1 1 1
10 0 0 1 1 1 1
10 0 0 1 1 1 1
10 0 0 1 1 1 1
10 0 0 1 1 1 1
10 0 0 1 1 1 1
10 0 0 1 1 1 1
10 0 0 1 1 1 1
10 0 0 1 1 1 1
11 0 0 1 1 1 1
11 0 0 1 1 1 1
11 0 0 1 1 1 1
11 0 0 1 1 1 1
11 0 0 1 1 1 1
11 0 0 1 1 1 1
11 0 0 1 1 1 1
11 0 0 1 1 1 1
11 0 0 1 1 1 1
11 0 0 1 1 1 1
12 0 0 1 1 1 1
12 0 0 1 1 1 1
12 0 0 1 1 1 1
12 0 0 1 1 1 1
12 0 0 1 1 1 1
12 0 0 1 1 1 1
12 0 0 1 1 1 1
12 0 0 1 1 1 1
12 0 0 1 1 1 1
12 0 0 1 1 1 1
#INFO-GEN
Namespace(bayType=5, francisco=True, meanPort=24, seed=4527, stdPort=13.556894137474838, target40=3, targetCapacity=89, targetHC=20, targetIMO=84, targetPorts=26, targetReefer=21, targetRelease=77, targetWeight=84)
