27 22 70 9 72 1 8
#POD
1 3 4 5 6 7 8 9 10 11 12 13 14 15 16 17 18 19 20 21 22 23 24 25 26 28 29
#LOCATIONS
1
#CONTAINERS_TOLOAD
0 0 0 12017.42 2.59 20 3 0 1 0
0 0 0 12925.00 2.59 20 20 0 1 0
0 0 0 8408.12 2.59 20 28 0 1 0
0 0 0 13571.92 2.59 20 13 0 1 0
0 0 0 8193.14 2.59 20 3 0 1 0
0 0 0 9735.06 2.59 20 20 0 1 0
0 0 0 10818.77 2.59 20 11 1 1 0
0 0 0 13585.21 2.59 20 25 0 1 0
0 0 0 8595.09 2.59 20 1 1 1 0
0 0 0 12061.24 2.59 20 14 0 1 0
0 0 0 7531.06 2.59 20 5 1 1 0
0 0 0 12567.28 2.59 20 17 0 1 0
0 0 0 10364.61 2.59 20 17 0 1 0
0 0 0 10840.87 2.59 20 3 0 1 0
0 0 0 8899.20 2.59 20 8 0 1 0
0 0 0 12326.58 2.59 20 7 0 1 0
0 0 0 9336.12 2.59 20 15 0 1 0
0 0 0 8522.30 2.59 20 4 0 1 0
0 0 0 16283.79 2.59 20 23 0 1 4
0 0 0 6345.85 2.59 20 6 0 1 4
0 0 0 11188.44 2.59 20 1 1 1 0
0 0 0 8378.92 2.59 20 12 1 1 0
#CONTAINERS_LOADED
3 1 1 7500.00 2.59 20 9 1 1 0
3 1 -1 7500.00 2.59 20 13 1 1 0
3 2 1 7500.00 2.59 20 13 1 1 0
3 2 -1 7500.00 2.59 20 17 1 1 0
3 3 1 7500.00 2.59 20 5 1 1 3
3 3 -1 7500.00 2.59 20 20 1 1 3
3 4 1 7500.00 2.59 20 25 1 1 4
3 4 -1 7500.00 2.59 20 4 1 1 4
3 5 1 7500.00 2.59 20 25 1 1 3
3 5 -1 7500.00 2.59 20 12 1 1 3
3 6 1 7500.00 2.59 20 16 1 1 0
3 6 -1 7500.00 2.59 20 29 1 1 0
3 7 1 7500.00 2.59 20 21 1 1 0
3 7 -1 7500.00 2.59 20 29 1 1 0
3 8 1 7500.00 2.59 20 26 0 1 0
3 8 -1 7500.00 2.59 20 18 0 1 0
4 1 1 7500.00 2.59 20 21 1 1 0
4 1 -1 7500.00 2.59 20 14 1 1 0
4 2 1 7500.00 2.59 20 23 1 1 0
4 2 -1 7500.00 2.59 20 13 1 1 0
4 3 1 7500.00 2.59 20 1 1 1 0
4 3 -1 7500.00 2.59 20 20 1 1 0
4 4 1 7500.00 2.59 20 22 1 1 0
4 4 -1 7500.00 2.59 20 8 1 1 0
4 5 1 7500.00 2.59 20 5 1 1 0
4 5 -1 7500.00 2.59 20 21 1 1 0
4 6 1 7500.00 2.59 20 13 1 1 0
4 6 -1 7500.00 2.59 20 9 1 1 0
4 7 1 7500.00 2.59 20 22 1 1 0
4 7 -1 7500.00 2.59 20 6 1 1 0
4 8 1 7500.00 2.59 20 6 0 1 0
4 8 -1 7500.00 2.59 20 13 0 1 0
5 1 1 7500.00 2.59 20 17 1 1 0
5 1 -1 7500.00 2.59 20 19 1 1 0
5 2 1 7500.00 2.59 20 20 1 1 0
5 2 -1 7500.00 2.59 20 21 1 1 0
5 3 1 7500.00 2.59 20 10 1 1 0
5 3 -1 7500.00 2.59 20 21 1 1 0
5 4 1 7500.00 2.59 20 29 1 1 0
5 4 -1 7500.00 2.59 20 23 1 1 0
5 5 1 7500.00 2.59 20 21 1 1 0
5 5 -1 7500.00 2.59 20 18 1 1 0
5 6 1 7500.00 2.59 20 20 1 1 0
5 6 -1 7500.00 2.59 20 14 1 1 0
5 7 1 7500.00 2.59 20 18 1 1 0
5 7 -1 7500.00 2.59 20 24 1 1 0
5 8 1 7500.00 2.59 20 10 0 1 2
5 8 -1 7500.00 2.59 20 25 0 1 2
6 1 1 7500.00 2.59 20 1 1 1 0
6 1 -1 7500.00 2.59 20 28 1 1 0
6 2 1 7500.00 2.59 20 29 1 1 0
6 2 -1 7500.00 2.59 20 16 1 1 0
6 3 1 7500.00 2.59 20 7 1 1 0
6 3 -1 7500.00 2.59 20 15 1 1 0
6 4 1 7500.00 2.59 20 11 1 1 0
6 4 -1 7500.00 2.59 20 13 1 1 0
6 5 1 7500.00 2.59 20 15 1 1 0
6 5 -1 7500.00 2.59 20 14 1 1 0
6 6 1 7500.00 2.59 20 5 1 1 0
6 6 -1 7500.00 2.59 20 24 1 1 0
6 7 1 7500.00 2.59 20 18 1 1 0
6 7 -1 7500.00 2.59 20 15 1 1 0
6 8 1 7500.00 2.59 20 22 0 1 0
6 8 -1 7500.00 2.59 20 20 0 1 0
7 1 1 7500.00 2.59 20 22 1 1 0
7 1 -1 7500.00 2.59 20 7 1 1 0
7 2 1 7500.00 2.59 20 4 1 1 0
7 2 -1 7500.00 2.59 20 12 1 1 0
7 3 1 7500.00 2.59 20 18 1 1 0
7 3 -1 7500.00 2.59 20 5 1 1 0
#STACKS
90000.00 15.54 1
105000.00 18.13 1
120000.00 20.72 1
120000.00 20.72 1
120000.00 20.72 1
120000.00 20.72 1
120000.00 20.72 1
105000.00 18.13 1
90000.00 15.54 1
#CELLS
1 0 0 0 0 0 1
1 0 0 0 0 0 1
1 0 0 1 1 1 1
1 0 0 1 1 1 1
1 0 0 1 1 1 1
1 0 0 1 1 1 1
1 0 0 1 1 1 1
1 0 0 1 1 1 1
2 0 0 0 0 0 1
2 0 1 1 1 1 1
2 0 1 1 1 1 1
2 0 1 1 1 1 1
2 0 1 1 1 1 1
2 0 1 1 1 1 1
2 0 1 1 1 1 1
2 0 0 1 1 1 1
3 1 1 1 1 1 1
3 1 1 1 1 1 1
3 1 1 1 1 1 1
3 1 1 1 1 1 1
3 1 1 1 1 1 1
3 1 1 1 1 1 1
3 1 1 1 1 1 1
3 0 0 1 1 1 1
4 1 1 1 1 1 1
4 1 1 1 1 1 1
4 1 1 1 1 1 1
4 1 1 1 1 1 1
4 1 1 1 1 1 1
4 1 1 1 1 1 1
4 1 1 1 1 1 1
4 0 0 1 1 1 1
5 1 1 1 1 1 1
5 1 1 1 1 1 1
5 1 1 1 1 1 1
5 1 1 1 1 1 1
5 1 1 1 1 1 1
5 1 1 1 1 1 1
5 1 1 1 1 1 1
5 0 0 1 1 1 1
6 1 1 1 1 1 1
6 1 1 1 1 1 1
6 1 1 1 1 1 1
6 1 1 1 1 1 1
6 1 1 1 1 1 1
6 1 1 1 1 1 1
6 1 1 1 1 1 1
6 0 0 1 1 1 1
7 1 1 1 1 1 1
7 1 1 1 1 1 1
7 1 1 1 1 1 1
7 1 1 1 1 1 1
7 1 1 1 1 1 1
7 1 1 1 1 1 1
7 1 1 1 1 1 1
7 0 0 1 1 1 1
8 0 0 0 0 0 1
8 0 1 1 1 1 1
8 0 1 1 1 1 1
8 0 1 1 1 1 1
8 0 1 1 1 1 1
8 0 1 1 1 1 1
8 0 1 1 1 1 1
8 0 0 1 1 1 1
9 0 0 0 0 0 1
9 0 0 0 0 0 1
9 0 0 1 1 1 1
9 0 0 1 1 1 1
9 0 0 1 1 1 1
9 0 0 1 1 1 1
9 0 0 1 1 1 1
9 0 0 1 1 1 1
#INFO-GEN
Namespace(bayType=3, francisco=True, meanPort=17, seed=1234, stdPort=19.80377748166358, target40=0, targetCapacity=70, targetHC=55, targetIMO=8, targetPorts=29, targetReefer=44, targetRelease=78, targetWeight=50)
