14 14 30 7 56 1 8
#POD
1 2 3 4 6 7 8 9 10 11 12 13 14 15
#LOCATIONS
1
#CONTAINERS_TOLOAD
0 0 0 24477.88 2.59 20 2 0 1 1
0 0 0 9823.46 2.59 20 12 0 1 2
0 0 0 14595.77 2.59 20 7 0 1 1
0 0 0 26225.01 2.59 20 6 0 1 0
0 0 0 7415.51 2.59 20 2 0 1 2
0 0 0 22870.06 2.59 20 2 0 1 2
0 0 0 7553.03 2.59 40 8 0 1 2
0 0 0 19499.50 2.90 40 13 0 1 1
0 0 0 14703.58 2.90 40 12 0 1 4
0 0 0 15807.57 2.59 40 10 1 1 4
0 0 0 16222.41 2.90 40 1 1 1 0
0 0 0 22326.13 2.59 40 7 1 1 2
0 0 0 9424.91 2.90 40 9 1 1 2
0 0 0 14049.17 2.59 40 7 1 1 4
#CONTAINERS_LOADED
3 1 1 7500.00 2.59 20 2 1 1 4
3 1 -1 7500.00 2.59 20 4 0 1 4
3 2 1 7500.00 2.59 20 15 1 1 0
3 2 -1 7500.00 2.59 20 10 0 1 0
3 3 1 7500.00 2.59 20 6 1 1 0
3 3 -1 7500.00 2.59 20 13 0 1 0
3 4 1 7500.00 2.59 20 14 1 1 4
3 4 -1 7500.00 2.59 20 15 0 1 4
3 5 1 7500.00 2.59 20 1 1 1 0
3 5 -1 7500.00 2.59 20 14 0 1 0
3 6 1 7500.00 2.59 20 9 1 1 4
3 6 -1 7500.00 2.59 20 10 0 1 4
3 7 1 7500.00 2.59 20 13 1 1 0
3 7 -1 7500.00 2.59 20 1 0 1 0
3 8 1 7500.00 2.59 20 1 0 1 1
3 8 -1 7500.00 2.59 20 11 0 1 1
4 1 1 7500.00 2.59 20 3 1 1 0
4 1 -1 7500.00 2.59 20 9 0 1 0
4 2 1 7500.00 2.59 20 4 1 1 0
4 2 -1 7500.00 2.59 20 1 0 1 0
4 3 1 7500.00 2.59 20 6 1 1 0
4 3 -1 7500.00 2.59 20 14 0 1 0
4 4 1 7500.00 2.59 20 13 1 1 0
4 4 -1 7500.00 2.59 20 8 0 1 0
4 5 1 7500.00 2.59 20 4 1 1 0
4 5 -1 7500.00 2.59 20 1 0 1 0
4 6 1 7500.00 2.59 20 1 1 1 0
4 6 -1 7500.00 2.59 20 8 0 1 0
4 7 0 15000.00 2.59 40 8 1 1 0
4 8 0 15000.00 2.59 40 11 0 1 0
#STACKS
75000.00 12.95 1
90000.00 15.54 1
120000.00 20.72 1
120000.00 20.72 1
120000.00 20.72 1
90000.00 15.54 1
75000.00 12.95 1
#CELLS
1 0 0 0 0 0 1
1 0 0 0 0 0 1
1 0 0 0 0 0 1
1 0 0 1 1 1 1
1 0 0 1 1 1 1
1 0 0 1 1 1 1
1 0 0 1 1 1 1
1 0 0 1 1 1 1
2 0 0 0 0 0 1
2 0 0 0 0 0 1
2 0 0 1 1 1 1
2 0 0 1 1 1 1
2 0 0 1 1 1 1
2 0 0 1 1 1 1
2 0 0 1 1 1 1
2 0 0 1 1 1 1
3 0 1 1 1 1 1
3 0 1 1 1 1 1
3 0 1 1 1 1 1
3 0 1 1 1 1 1
3 0 1 1 1 1 1
3 0 1 1 1 1 1
3 0 1 1 1 1 1
3 0 0 1 1 1 1
4 0 1 1 1 1 1
4 0 1 1 1 1 1
4 0 1 1 1 1 1
4 0 1 1 1 1 1
4 0 1 1 1 1 1
4 0 1 1 1 1 1
4 0 1 1 1 1 1
4 0 0 1 1 1 1
5 0 1 1 1 1 1
5 0 1 1 1 1 1
5 0 1 1 1 1 1
5 0 1 1 1 1 1
5 0 1 1 1 1 1
5 0 1 1 1 1 1
5 0 1 1 1 1 1
5 0 0 1 1 1 1
6 0 0 0 0 0 1
6 0 0 0 0 0 1
6 0 0 1 1 1 1
6 0 0 1 1 1 1
6 0 0 1 1 1 1
6 0 0 1 1 1 1
6 0 0 1 1 1 1
6 0 0 1 1 1 1
7 0 0 0 0 0 1
7 0 0 0 0 0 1
7 0 0 0 0 0 1
7 0 0 1 1 1 1
7 0 0 1 1 1 1
7 0 0 1 1 1 1
7 0 0 1 1 1 1
7 0 0 1 1 1 1
#INFO-GEN
Namespace(bayType=2, francisco=True, meanPort=3, seed=3456, stdPort=11.889895101186168, target40=38, targetCapacity=60, targetHC=52, targetIMO=63, targetPorts=15, targetReefer=79, targetRelease=64, targetWeight=50)
