27 20 68 9 72 1 8
#POD
1 3 4 5 6 7 8 9 10 11 12 13 14 15 16 17 18 19 20 21 22 23 24 25 26 28 29
#LOCATIONS
1
#CONTAINERS_TOLOAD
0 0 0 20298.23 2.59 20 10 0 1 0
0 0 0 23167.07 2.59 20 3 0 1 0
0 0 0 13832.84 2.59 20 20 0 1 0
0 0 0 23892.01 2.59 20 28 0 1 0
0 0 0 13341.39 2.59 20 13 1 1 0
0 0 0 16322.08 2.59 20 3 0 1 0
0 0 0 18463.95 2.59 20 20 1 1 0
0 0 0 24050.24 2.59 20 11 0 1 0
0 0 0 14028.60 2.59 20 25 0 1 0
0 0 0 21015.67 2.59 20 1 0 1 0
0 0 0 11945.18 2.59 20 14 0 1 0
0 0 0 21654.67 2.59 20 5 0 1 0
0 0 0 18131.06 2.59 20 17 0 1 0
0 0 0 18169.39 2.59 20 17 0 1 0
0 0 0 14904.19 2.59 20 3 0 1 0
0 0 0 21396.21 2.59 20 8 0 1 0
0 0 0 15606.65 2.59 20 7 0 1 0
0 0 0 13928.97 2.59 20 15 0 1 0
0 0 0 27125.49 2.59 20 4 1 1 0
0 0 0 8726.08 2.59 20 23 1 1 0
#CONTAINERS_LOADED
3 1 1 7500.00 2.59 20 6 1 1 0
3 1 -1 7500.00 2.59 20 1 1 1 0
3 2 1 7500.00 2.59 20 12 1 1 0
3 2 -1 7500.00 2.59 20 9 1 1 0
3 3 1 7500.00 2.59 20 13 1 1 0
3 3 -1 7500.00 2.59 20 13 1 1 0
3 4 1 7500.00 2.59 20 17 1 1 0
3 4 -1 7500.00 2.59 20 5 1 1 0
3 5 1 7500.00 2.59 20 20 1 1 4
3 5 -1 7500.00 2.59 20 25 1 1 4
3 6 1 7500.00 2.59 20 4 1 1 0
3 6 -1 7500.00 2.59 20 25 1 1 0
3 7 1 7500.00 2.59 20 12 1 1 0
3 7 -1 7500.00 2.59 20 16 1 1 0
3 8 1 7500.00 2.59 20 29 0 1 0
3 8 -1 7500.00 2.59 20 21 0 1 0
4 1 1 7500.00 2.59 20 29 1 1 0
4 1 -1 7500.00 2.59 20 26 1 1 0
4 2 1 7500.00 2.59 20 18 1 1 0
4 2 -1 7500.00 2.59 20 21 1 1 0
4 3 1 7500.00 2.59 20 14 1 1 0
4 3 -1 7500.00 2.59 20 23 1 1 0
4 4 1 7500.00 2.59 20 13 1 1 0
4 4 -1 7500.00 2.59 20 1 1 1 0
4 5 1 7500.00 2.59 20 20 1 1 0
4 5 -1 7500.00 2.59 20 22 1 1 0
4 6 1 7500.00 2.59 20 8 1 1 0
4 6 -1 7500.00 2.59 20 5 1 1 0
4 7 1 7500.00 2.59 20 21 1 1 0
4 7 -1 7500.00 2.59 20 13 1 1 0
4 8 1 7500.00 2.59 20 9 0 1 0
4 8 -1 7500.00 2.59 20 22 0 1 0
5 1 1 7500.00 2.59 20 6 1 1 0
5 1 -1 7500.00 2.59 20 6 1 1 0
5 2 1 7500.00 2.59 20 13 1 1 0
5 2 -1 7500.00 2.59 20 17 1 1 0
5 3 1 7500.00 2.59 20 19 1 1 0
5 3 -1 7500.00 2.59 20 20 1 1 0
5 4 1 7500.00 2.59 20 21 1 1 0
5 4 -1 7500.00 2.59 20 10 1 1 0
5 5 1 7500.00 2.59 20 21 1 1 0
5 5 -1 7500.00 2.59 20 29 1 1 0
5 6 1 7500.00 2.59 20 23 1 1 0
5 6 -1 7500.00 2.59 20 21 1 1 0
5 7 1 7500.00 2.59 20 18 1 1 0
5 7 -1 7500.00 2.59 20 20 1 1 0
5 8 1 7500.00 2.59 20 14 0 1 0
5 8 -1 7500.00 2.59 20 18 0 1 0
6 1 1 7500.00 2.59 20 24 1 1 0
6 1 -1 7500.00 2.59 20 10 1 1 0
6 2 1 7500.00 2.59 20 25 1 1 0
6 2 -1 7500.00 2.59 20 1 1 1 0
6 3 1 7500.00 2.59 20 28 1 1 0
6 3 -1 7500.00 2.59 20 29 1 1 0
6 4 1 7500.00 2.59 20 16 1 1 0
6 4 -1 7500.00 2.59 20 7 1 1 0
6 5 1 7500.00 2.59 20 15 1 1 0
6 5 -1 7500.00 2.59 20 11 1 1 0
6 6 1 7500.00 2.59 20 13 1 1 0
6 6 -1 7500.00 2.59 20 15 1 1 0
6 7 1 7500.00 2.59 20 14 1 1 0
6 7 -1 7500.00 2.59 20 5 1 1 0
6 8 1 7500.00 2.59 20 24 0 1 0
6 8 -1 7500.00 2.59 20 18 0 1 0
7 1 1 7500.00 2.59 20 15 1 1 0
7 1 -1 7500.00 2.59 20 22 1 1 0
7 2 1 7500.00 2.59 20 20 1 1 0
7 2 -1 7500.00 2.59 20 22 1 1 0
#STACKS
90000.00 15.54 1
105000.00 18.13 1
120000.00 20.72 1
120000.00 20.72 1
120000.00 20.72 1
120000.00 20.72 1
120000.00 20.72 1
105000.00 18.13 1
90000.00 15.54 1
#CELLS
1 0 0 0 0 0 1
1 0 0 0 0 0 1
1 0 0 1 1 1 1
1 0 0 1 1 1 1
1 0 0 1 1 1 1
1 0 0 1 1 1 1
1 0 0 1 1 1 1
1 0 0 1 1 1 1
2 0 0 0 0 0 1
2 0 1 1 1 1 1
2 0 1 1 1 1 1
2 0 1 1 1 1 1
2 0 1 1 1 1 1
2 0 1 1 1 1 1
2 0 1 1 1 1 1
2 0 0 1 1 1 1
3 1 1 1 1 1 1
3 1 1 1 1 1 1
3 1 1 1 1 1 1
3 1 1 1 1 1 1
3 1 1 1 1 1 1
3 1 1 1 1 1 1
3 1 1 1 1 1 1
3 0 0 1 1 1 1
4 1 1 1 1 1 1
4 1 1 1 1 1 1
4 1 1 1 1 1 1
4 1 1 1 1 1 1
4 1 1 1 1 1 1
4 1 1 1 1 1 1
4 1 1 1 1 1 1
4 0 0 1 1 1 1
5 1 1 1 1 1 1
5 1 1 1 1 1 1
5 1 1 1 1 1 1
5 1 1 1 1 1 1
5 1 1 1 1 1 1
5 1 1 1 1 1 1
5 1 1 1 1 1 1
5 0 0 1 1 1 1
6 1 1 1 1 1 1
6 1 1 1 1 1 1
6 1 1 1 1 1 1
6 1 1 1 1 1 1
6 1 1 1 1 1 1
6 1 1 1 1 1 1
6 1 1 1 1 1 1
6 0 0 1 1 1 1
7 1 1 1 1 1 1
7 1 1 1 1 1 1
7 1 1 1 1 1 1
7 1 1 1 1 1 1
7 1 1 1 1 1 1
7 1 1 1 1 1 1
7 1 1 1 1 1 1
7 0 0 1 1 1 1
8 0 0 0 0 0 1
8 0 1 1 1 1 1
8 0 1 1 1 1 1
8 0 1 1 1 1 1
8 0 1 1 1 1 1
8 0 1 1 1 1 1
8 0 1 1 1 1 1
8 0 0 1 1 1 1
9 0 0 0 0 0 1
9 0 0 0 0 0 1
9 0 0 1 1 1 1
9 0 0 1 1 1 1
9 0 0 1 1 1 1
9 0 0 1 1 1 1
9 0 0 1 1 1 1
9 0 0 1 1 1 1
#INFO-GEN
Namespace(bayType=3, francisco=True, meanPort=17, seed=1234, stdPort=19.80377748166358, target40=0, targetCapacity=67, targetHC=55, targetIMO=8, targetPorts=29, targetReefer=44, targetRelease=78, targetWeight=75)
