29 26 86 9 72 1 8
#POD
1 2 3 4 5 6 7 8 9 10 11 12 13 14 15 16 17 18 19 20 21 22 23 24 25 26 27 28 29
#LOCATIONS
1
#CONTAINERS_TOLOAD
0 0 0 15235.71 2.59 20 3 0 1 0
0 0 0 16467.21 2.59 20 20 0 1 0
0 0 0 10338.27 2.59 20 11 0 1 0
0 0 0 17345.01 2.59 20 25 0 1 0
0 0 0 10046.56 2.59 20 1 0 1 0
0 0 0 12138.79 2.59 20 14 0 1 0
0 0 0 13609.27 2.59 20 5 0 1 0
0 0 0 17363.05 2.59 20 17 0 1 0
0 0 0 10591.96 2.59 20 17 0 1 0
0 0 0 15295.18 2.59 20 3 0 1 0
0 0 0 9148.18 2.59 20 8 0 1 0
0 0 0 15981.82 2.59 20 7 0 1 0
0 0 0 12993.02 2.59 20 15 0 1 0
0 0 0 13639.26 2.59 20 4 0 1 0
0 0 0 11004.62 2.59 20 23 0 1 0
0 0 0 15655.21 2.59 20 6 0 1 0
0 0 0 11597.47 2.59 20 1 0 1 0
0 0 0 10493.19 2.59 20 12 0 1 0
0 0 0 21024.74 2.59 20 9 0 1 0
0 0 0 7539.98 2.59 20 13 0 1 0
0 0 0 14110.88 2.59 20 13 1 1 0
0 0 0 14790.19 2.59 20 17 0 1 0
0 0 0 9212.96 2.59 20 5 1 1 0
0 0 0 16460.32 2.59 20 20 0 1 0
0 0 0 15840.25 2.59 20 25 1 1 0
0 0 0 7070.92 2.59 20 4 0 1 0
#CONTAINERS_LOADED
2 2 1 7500.00 2.59 20 25 1 1 0
2 2 -1 7500.00 2.59 20 12 0 1 0
2 3 1 7500.00 2.59 20 16 1 1 0
2 3 -1 7500.00 2.59 20 29 0 1 0
2 4 1 7500.00 2.59 20 21 1 1 0
2 4 -1 7500.00 2.59 20 29 0 1 0
3 1 1 7500.00 2.59 20 26 1 1 0
3 1 -1 7500.00 2.59 20 18 1 1 0
3 2 1 7500.00 2.59 20 21 1 1 0
3 2 -1 7500.00 2.59 20 14 1 1 0
3 3 1 7500.00 2.59 20 23 1 1 0
3 3 -1 7500.00 2.59 20 13 1 1 0
3 4 1 7500.00 2.59 20 1 1 1 0
3 4 -1 7500.00 2.59 20 20 1 1 0
3 5 1 7500.00 2.59 20 22 1 1 0
3 5 -1 7500.00 2.59 20 8 1 1 0
3 6 1 7500.00 2.59 20 5 1 1 0
3 6 -1 7500.00 2.59 20 21 1 1 0
3 7 1 7500.00 2.59 20 13 1 1 0
3 7 -1 7500.00 2.59 20 9 1 1 0
3 8 1 7500.00 2.59 20 22 0 1 1
3 8 -1 7500.00 2.59 20 6 0 1 1
4 1 1 7500.00 2.59 20 6 1 1 0
4 1 -1 7500.00 2.59 20 13 1 1 0
4 2 1 7500.00 2.59 20 17 1 1 0
4 2 -1 7500.00 2.59 20 19 1 1 0
4 3 1 7500.00 2.59 20 20 1 1 0
4 3 -1 7500.00 2.59 20 21 1 1 0
4 4 1 7500.00 2.59 20 10 1 1 0
4 4 -1 7500.00 2.59 20 21 1 1 0
4 5 1 7500.00 2.59 20 29 1 1 0
4 5 -1 7500.00 2.59 20 23 1 1 0
4 6 1 7500.00 2.59 20 21 1 1 0
4 6 -1 7500.00 2.59 20 18 1 1 0
4 7 1 7500.00 2.59 20 20 1 1 0
4 7 -1 7500.00 2.59 20 14 1 1 0
4 8 1 7500.00 2.59 20 18 0 1 0
4 8 -1 7500.00 2.59 20 24 0 1 0
5 1 1 7500.00 2.59 20 10 1 1 0
5 1 -1 7500.00 2.59 20 25 1 1 0
5 2 1 7500.00 2.59 20 1 1 1 0
5 2 -1 7500.00 2.59 20 28 1 1 0
5 3 1 7500.00 2.59 20 29 1 1 0
5 3 -1 7500.00 2.59 20 16 1 1 0
5 4 1 7500.00 2.59 20 7 1 1 0
5 4 -1 7500.00 2.59 20 15 1 1 0
5 5 1 7500.00 2.59 20 11 1 1 0
5 5 -1 7500.00 2.59 20 13 1 1 0
5 6 1 7500.00 2.59 20 15 1 1 0
5 6 -1 7500.00 2.59 20 14 1 1 0
5 7 1 7500.00 2.59 20 5 1 1 0
5 7 -1 7500.00 2.59 20 24 1 1 0
5 8 1 7500.00 2.59 20 18 0 1 0
5 8 -1 7500.00 2.59 20 15 0 1 0
6 1 1 7500.00 2.59 20 22 1 1 0
6 1 -1 7500.00 2.59 20 20 1 1 0
6 2 1 7500.00 2.59 20 22 1 1 0
6 2 -1 7500.00 2.59 20 7 1 1 0
6 3 1 7500.00 2.59 20 4 1 1 0
6 3 -1 7500.00 2.59 20 12 1 1 0
6 4 1 7500.00 2.59 20 18 1 1 0
6 4 -1 7500.00 2.59 20 5 1 1 0
6 5 1 7500.00 2.59 20 16 1 1 0
6 5 -1 7500.00 2.59 20 18 1 1 0
6 6 1 7500.00 2.59 20 10 1 1 0
6 6 -1 7500.00 2.59 20 3 1 1 0
6 7 1 7500.00 2.59 20 3 1 1 0
6 7 -1 7500.00 2.59 20 2 1 1 0
6 8 1 7500.00 2.59 20 14 0 1 0
6 8 -1 7500.00 2.59 20 13 0 1 0
7 1 1 7500.00 2.59 20 29 1 1 0
7 1 -1 7500.00 2.59 20 21 1 1 0
7 2 1 7500.00 2.59 20 10 1 1 0
7 2 -1 7500.00 2.59 20 14 1 1 0
7 3 1 7500.00 2.59 20 12 1 1 0
7 3 -1 7500.00 2.59 20 18 1 1 0
7 4 1 7500.00 2.59 20 8 1 1 0
7 4 -1 7500.00 2.59 20 24 1 1 0
7 5 1 7500.00 2.59 20 18 1 1 0
7 5 -1 7500.00 2.59 20 6 1 1 0
7 6 1 7500.00 2.59 20 27 1 1 0
7 6 -1 7500.00 2.59 20 26 1 1 0
7 7 1 7500.00 2.59 20 26 1 1 0
7 7 -1 7500.00 2.59 20 24 1 1 0
7 8 1 7500.00 2.59 20 15 0 1 3
7 8 -1 7500.00 2.59 20 25 0 1 3
#STACKS
90000.00 15.54 1
105000.00 18.13 1
120000.00 20.72 1
120000.00 20.72 1
120000.00 20.72 1
120000.00 20.72 1
120000.00 20.72 1
105000.00 18.13 1
90000.00 15.54 1
#CELLS
1 0 0 0 0 0 1
1 0 0 0 0 0 1
1 0 0 1 1 1 1
1 0 0 1 1 1 1
1 0 0 1 1 1 1
1 0 0 1 1 1 1
1 0 0 1 1 1 1
1 0 0 1 1 1 1
2 0 0 0 0 0 1
2 0 1 1 1 1 1
2 0 1 1 1 1 1
2 0 1 1 1 1 1
2 0 1 1 1 1 1
2 0 1 1 1 1 1
2 0 1 1 1 1 1
2 0 0 1 1 1 1
3 1 1 1 1 1 1
3 1 1 1 1 1 1
3 1 1 1 1 1 1
3 1 1 1 1 1 1
3 1 1 1 1 1 1
3 1 1 1 1 1 1
3 1 1 1 1 1 1
3 0 0 1 1 1 1
4 1 1 1 1 1 1
4 1 1 1 1 1 1
4 1 1 1 1 1 1
4 1 1 1 1 1 1
4 1 1 1 1 1 1
4 1 1 1 1 1 1
4 1 1 1 1 1 1
4 0 0 1 1 1 1
5 1 1 1 1 1 1
5 1 1 1 1 1 1
5 1 1 1 1 1 1
5 1 1 1 1 1 1
5 1 1 1 1 1 1
5 1 1 1 1 1 1
5 1 1 1 1 1 1
5 0 0 1 1 1 1
6 1 1 1 1 1 1
6 1 1 1 1 1 1
6 1 1 1 1 1 1
6 1 1 1 1 1 1
6 1 1 1 1 1 1
6 1 1 1 1 1 1
6 1 1 1 1 1 1
6 0 0 1 1 1 1
7 1 1 1 1 1 1
7 1 1 1 1 1 1
7 1 1 1 1 1 1
7 1 1 1 1 1 1
7 1 1 1 1 1 1
7 1 1 1 1 1 1
7 1 1 1 1 1 1
7 0 0 1 1 1 1
8 0 0 0 0 0 1
8 0 1 1 1 1 1
8 0 1 1 1 1 1
8 0 1 1 1 1 1
8 0 1 1 1 1 1
8 0 1 1 1 1 1
8 0 1 1 1 1 1
8 0 0 1 1 1 1
9 0 0 0 0 0 1
9 0 0 0 0 0 1
9 0 0 1 1 1 1
9 0 0 1 1 1 1
9 0 0 1 1 1 1
9 0 0 1 1 1 1
9 0 0 1 1 1 1
9 0 0 1 1 1 1
#INFO-GEN
Namespace(bayType=3, francisco=True, meanPort=17, seed=1234, stdPort=19.80377748166358, target40=0, targetCapacity=85, targetHC=55, targetIMO=8, targetPorts=29, targetReefer=44, targetRelease=78, targetWeight=100)
