14 25 50 7 56 1 8
#POD
1 2 3 4 5 6 7 8 9 10 11 13 14 15
#LOCATIONS
1
#CONTAINERS_TOLOAD
0 0 0 15816.73 2.59 20 8 0 1 2
0 0 0 7071.83 2.59 20 2 0 1 2
0 0 0 9919.67 2.59 20 13 0 1 0
0 0 0 16859.31 2.59 20 10 0 1 1
0 0 0 5634.91 2.59 20 8 0 1 2
0 0 0 14857.27 2.59 20 9 0 1 2
0 0 0 5716.98 2.59 20 14 0 1 2
0 0 0 12845.93 2.59 20 13 0 1 2
0 0 0 9984.01 2.59 20 9 0 1 0
0 0 0 10642.80 2.59 20 13 0 1 0
0 0 0 10890.36 2.59 20 4 0 1 4
0 0 0 14532.69 2.59 20 5 0 1 0
0 0 0 6834.01 2.59 20 8 0 1 3
0 0 0 12485.37 2.59 20 2 0 1 0
0 0 0 7954.09 2.59 40 15 0 1 4
0 0 0 14926.00 2.90 40 1 0 1 4
0 0 0 8832.71 2.90 40 1 0 1 0
0 0 0 9026.30 2.59 40 7 0 1 3
0 0 0 17184.90 2.90 40 10 0 1 0
0 0 0 4762.19 2.90 40 9 0 1 0
0 0 0 16188.58 2.59 40 6 0 1 1
0 0 0 5022.97 2.59 40 10 0 1 3
0 0 0 13824.05 2.59 40 11 0 1 1
0 0 0 10812.69 2.90 40 7 0 1 1
0 0 0 7373.64 2.90 40 8 0 1 4
#CONTAINERS_LOADED
2 3 1 7500.00 2.59 20 7 0 1 0
2 3 -1 7500.00 2.59 20 9 0 1 0
2 4 1 7500.00 2.59 20 6 0 1 0
2 4 -1 7500.00 2.59 20 10 0 1 0
2 5 1 7500.00 2.59 20 15 0 1 0
2 5 -1 7500.00 2.59 20 5 0 1 0
2 6 1 7500.00 2.59 20 10 0 1 0
2 6 -1 7500.00 2.59 20 11 0 1 0
3 1 1 7500.00 2.59 20 3 1 1 3
3 1 -1 7500.00 2.59 20 13 0 1 3
3 2 1 7500.00 2.59 20 2 1 1 4
3 2 -1 7500.00 2.59 20 8 0 1 4
3 3 1 7500.00 2.59 20 5 1 1 3
3 3 -1 7500.00 2.59 20 3 0 1 3
3 4 1 7500.00 2.59 20 3 1 1 0
3 4 -1 7500.00 2.59 20 3 0 1 0
3 5 1 7500.00 2.59 20 1 1 1 0
3 5 -1 7500.00 2.59 20 10 0 1 0
3 6 1 7500.00 2.59 20 11 1 1 3
3 6 -1 7500.00 2.59 20 6 0 1 3
3 7 1 7500.00 2.59 20 9 1 1 0
3 7 -1 7500.00 2.59 20 8 0 1 0
3 8 1 7500.00 2.59 20 7 0 1 0
3 8 -1 7500.00 2.59 20 7 0 1 0
4 1 1 7500.00 2.59 20 2 1 1 0
4 1 -1 7500.00 2.59 20 1 0 1 0
4 2 1 7500.00 2.59 20 2 1 1 0
4 2 -1 7500.00 2.59 20 8 0 1 0
4 3 1 7500.00 2.59 20 4 1 1 0
4 3 -1 7500.00 2.59 20 8 0 1 0
4 4 1 7500.00 2.59 20 2 1 1 0
4 4 -1 7500.00 2.59 20 14 0 1 0
4 5 1 7500.00 2.59 20 1 1 1 0
4 5 -1 7500.00 2.59 20 5 0 1 0
4 6 1 7500.00 2.59 20 14 1 1 0
4 6 -1 7500.00 2.59 20 7 0 1 0
4 7 1 7500.00 2.59 20 8 1 1 0
4 7 -1 7500.00 2.59 20 8 0 1 0
4 8 1 7500.00 2.59 20 6 0 1 0
4 8 -1 7500.00 2.59 20 4 0 1 0
5 1 1 7500.00 2.59 20 5 1 1 0
5 1 -1 7500.00 2.59 20 1 0 1 0
5 2 1 7500.00 2.59 20 14 1 1 4
5 2 -1 7500.00 2.59 20 2 0 1 4
5 3 0 15000.00 2.59 40 10 1 1 4
5 4 0 15000.00 2.59 40 5 1 1 0
5 5 0 15000.00 2.59 40 7 1 1 0
5 6 0 15000.00 2.59 40 9 1 1 4
5 7 0 15000.00 2.59 40 14 1 1 0
5 8 0 15000.00 2.59 40 1 0 1 1
#STACKS
75000.00 12.95 1
90000.00 15.54 1
120000.00 20.72 1
120000.00 20.72 1
120000.00 20.72 1
90000.00 15.54 1
75000.00 12.95 1
#CELLS
1 0 0 0 0 0 1
1 0 0 0 0 0 1
1 0 0 0 0 0 1
1 0 0 1 1 1 1
1 0 0 1 1 1 1
1 0 0 1 1 1 1
1 0 0 1 1 1 1
1 0 0 1 1 1 1
2 0 0 0 0 0 1
2 0 0 0 0 0 1
2 0 0 1 1 1 1
2 0 0 1 1 1 1
2 0 0 1 1 1 1
2 0 0 1 1 1 1
2 0 0 1 1 1 1
2 0 0 1 1 1 1
3 0 1 1 1 1 1
3 0 1 1 1 1 1
3 0 1 1 1 1 1
3 0 1 1 1 1 1
3 0 1 1 1 1 1
3 0 1 1 1 1 1
3 0 1 1 1 1 1
3 0 0 1 1 1 1
4 0 1 1 1 1 1
4 0 1 1 1 1 1
4 0 1 1 1 1 1
4 0 1 1 1 1 1
4 0 1 1 1 1 1
4 0 1 1 1 1 1
4 0 1 1 1 1 1
4 0 0 1 1 1 1
5 0 1 1 1 1 1
5 0 1 1 1 1 1
5 0 1 1 1 1 1
5 0 1 1 1 1 1
5 0 1 1 1 1 1
5 0 1 1 1 1 1
5 0 1 1 1 1 1
5 0 0 1 1 1 1
6 0 0 0 0 0 1
6 0 0 0 0 0 1
6 0 0 1 1 1 1
6 0 0 1 1 1 1
6 0 0 1 1 1 1
6 0 0 1 1 1 1
6 0 0 1 1 1 1
6 0 0 1 1 1 1
7 0 0 0 0 0 1
7 0 0 0 0 0 1
7 0 0 0 0 0 1
7 0 0 1 1 1 1
7 0 0 1 1 1 1
7 0 0 1 1 1 1
7 0 0 1 1 1 1
7 0 0 1 1 1 1
#INFO-GEN
Namespace(bayType=2, francisco=True, meanPort=3, seed=3456, stdPort=11.889895101186168, target40=38, targetCapacity=100, targetHC=52, targetIMO=63, targetPorts=15, targetReefer=79, targetRelease=64, targetWeight=100)
