14 25 50 7 56 1 8
#POD
1 2 3 4 5 6 7 8 9 10 11 13 14 15
#LOCATIONS
1
#CONTAINERS_TOLOAD
0 0 0 15284.34 2.59 20 8 0 1 2
0 0 0 6902.70 2.59 20 2 0 1 2
0 0 0 9632.24 2.59 20 13 0 1 4
0 0 0 16283.62 2.59 20 10 0 1 3
0 0 0 5525.46 2.59 20 8 0 1 2
0 0 0 14364.74 2.59 20 9 0 1 2
0 0 0 5604.12 2.59 20 14 0 1 2
0 0 0 12436.94 2.59 20 13 0 1 2
0 0 0 9693.90 2.59 20 9 0 1 2
0 0 0 10325.33 2.59 20 13 0 1 3
0 0 0 10562.60 2.59 20 4 0 1 1
0 0 0 14053.64 2.59 20 5 0 1 1
0 0 0 6674.75 2.59 20 8 0 1 2
0 0 0 12091.36 2.59 20 2 0 1 2
0 0 0 7748.31 2.59 40 15 0 1 3
0 0 0 14430.61 2.90 40 1 0 1 0
0 0 0 8590.42 2.90 40 1 0 1 1
0 0 0 8775.98 2.59 40 7 0 1 2
0 0 0 16595.68 2.90 40 10 0 1 0
0 0 0 4688.99 2.90 40 9 0 1 4
0 0 0 15640.74 2.59 40 6 0 1 1
0 0 0 4938.94 2.59 40 10 0 1 3
0 0 0 13374.44 2.59 40 11 0 1 1
0 0 0 10488.16 2.90 40 7 0 1 2
0 0 0 7191.97 2.90 40 8 0 1 4
#CONTAINERS_LOADED
2 3 1 7500.00 2.59 20 7 0 1 0
2 3 -1 7500.00 2.59 20 9 0 1 0
2 4 1 7500.00 2.59 20 6 0 1 0
2 4 -1 7500.00 2.59 20 10 0 1 0
2 5 1 7500.00 2.59 20 15 0 1 0
2 5 -1 7500.00 2.59 20 5 0 1 0
2 6 1 7500.00 2.59 20 10 0 1 0
2 6 -1 7500.00 2.59 20 11 0 1 0
3 1 1 7500.00 2.59 20 3 1 1 3
3 1 -1 7500.00 2.59 20 13 0 1 3
3 2 1 7500.00 2.59 20 2 1 1 4
3 2 -1 7500.00 2.59 20 8 0 1 4
3 3 1 7500.00 2.59 20 5 1 1 3
3 3 -1 7500.00 2.59 20 3 0 1 3
3 4 1 7500.00 2.59 20 3 1 1 0
3 4 -1 7500.00 2.59 20 3 0 1 0
3 5 1 7500.00 2.59 20 1 1 1 0
3 5 -1 7500.00 2.59 20 10 0 1 0
3 6 1 7500.00 2.59 20 11 1 1 3
3 6 -1 7500.00 2.59 20 6 0 1 3
3 7 1 7500.00 2.59 20 9 1 1 0
3 7 -1 7500.00 2.59 20 8 0 1 0
3 8 1 7500.00 2.59 20 7 0 1 0
3 8 -1 7500.00 2.59 20 7 0 1 0
4 1 1 7500.00 2.59 20 2 1 1 0
4 1 -1 7500.00 2.59 20 1 0 1 0
4 2 1 7500.00 2.59 20 2 1 1 0
4 2 -1 7500.00 2.59 20 8 0 1 0
4 3 1 7500.00 2.59 20 4 1 1 0
4 3 -1 7500.00 2.59 20 8 0 1 0
4 4 1 7500.00 2.59 20 2 1 1 0
4 4 -1 7500.00 2.59 20 14 0 1 0
4 5 1 7500.00 2.59 20 1 1 1 0
4 5 -1 7500.00 2.59 20 5 0 1 0
4 6 1 7500.00 2.59 20 14 1 1 0
4 6 -1 7500.00 2.59 20 7 0 1 0
4 7 1 7500.00 2.59 20 8 1 1 0
4 7 -1 7500.00 2.59 20 8 0 1 0
4 8 1 7500.00 2.59 20 6 0 1 0
4 8 -1 7500.00 2.59 20 4 0 1 0
5 1 1 7500.00 2.59 20 5 1 1 0
5 1 -1 7500.00 2.59 20 1 0 1 0
5 2 1 7500.00 2.59 20 14 1 1 4
5 2 -1 7500.00 2.59 20 2 0 1 4
5 3 0 15000.00 2.59 40 10 1 1 4
5 4 0 15000.00 2.59 40 5 1 1 0
5 5 0 15000.00 2.59 40 7 1 1 0
5 6 0 15000.00 2.59 40 9 1 1 4
5 7 0 15000.00 2.59 40 14 1 1 0
5 8 0 15000.00 2.59 40 1 0 1 1
#STACKS
75000.00 12.95 1
90000.00 15.54 1
120000.00 20.72 1
120000.00 20.72 1
120000.00 20.72 1
90000.00 15.54 1
75000.00 12.95 1
#CELLS
1 0 0 0 0 0 1
1 0 0 0 0 0 1
1 0 0 0 0 0 1
1 0 0 1 1 1 1
1 0 0 1 1 1 1
1 0 0 1 1 1 1
1 0 0 1 1 1 1
1 0 0 1 1 1 1
2 0 0 0 0 0 1
2 0 0 0 0 0 1
2 0 0 1 1 1 1
2 0 0 1 1 1 1
2 0 0 1 1 1 1
2 0 0 1 1 1 1
2 0 0 1 1 1 1
2 0 0 1 1 1 1
3 0 1 1 1 1 1
3 0 1 1 1 1 1
3 0 1 1 1 1 1
3 0 1 1 1 1 1
3 0 1 1 1 1 1
3 0 1 1 1 1 1
3 0 1 1 1 1 1
3 0 0 1 1 1 1
4 0 1 1 1 1 1
4 0 1 1 1 1 1
4 0 1 1 1 1 1
4 0 1 1 1 1 1
4 0 1 1 1 1 1
4 0 1 1 1 1 1
4 0 1 1 1 1 1
4 0 0 1 1 1 1
5 0 1 1 1 1 1
5 0 1 1 1 1 1
5 0 1 1 1 1 1
5 0 1 1 1 1 1
5 0 1 1 1 1 1
5 0 1 1 1 1 1
5 0 1 1 1 1 1
5 0 0 1 1 1 1
6 0 0 0 0 0 1
6 0 0 0 0 0 1
6 0 0 1 1 1 1
6 0 0 1 1 1 1
6 0 0 1 1 1 1
6 0 0 1 1 1 1
6 0 0 1 1 1 1
6 0 0 1 1 1 1
7 0 0 0 0 0 1
7 0 0 0 0 0 1
7 0 0 0 0 0 1
7 0 0 1 1 1 1
7 0 0 1 1 1 1
7 0 0 1 1 1 1
7 0 0 1 1 1 1
7 0 0 1 1 1 1
#INFO-GEN
Namespace(bayType=2, francisco=True, meanPort=3, seed=3456, stdPort=11.889895101186168, target40=38, targetCapacity=100, targetHC=52, targetIMO=63, targetPorts=15, targetReefer=79, targetRelease=64, targetWeight=97)
