7 39 17 9 72 1 8
#POD
1 2 3 4 5 6 7
#LOCATIONS
1
#CONTAINERS_TOLOAD
0 0 0 16276.47 2.59 20 3 0 1 0
0 0 0 24761.68 2.59 20 3 0 1 4
0 0 0 5559.73 2.59 20 3 0 1 1
0 0 0 14948.78 2.59 20 2 0 1 0
0 0 0 23971.41 2.59 20 1 0 1 4
0 0 0 6125.76 2.59 20 1 0 1 4
0 0 0 22579.40 2.59 20 4 0 1 0
0 0 0 8727.23 2.59 20 2 0 1 0
0 0 0 17459.81 2.59 20 5 0 1 0
0 0 0 16387.49 2.59 20 7 0 1 0
0 0 0 11955.48 2.59 20 3 0 1 0
0 0 0 19892.21 2.59 20 7 0 1 0
0 0 0 10778.07 2.59 20 2 1 1 3
0 0 0 15270.67 2.59 20 5 1 1 0
0 0 0 13179.36 2.59 20 7 1 1 0
0 0 0 21443.09 2.59 20 3 1 1 0
0 0 0 8171.96 2.59 20 3 0 1 0
0 0 0 16661.49 2.59 20 6 0 1 0
0 0 0 16873.79 2.59 20 6 0 1 0
0 0 0 15617.37 2.59 20 5 0 1 0
0 0 0 12427.55 2.59 20 6 0 1 0
0 0 0 21326.22 2.59 20 5 0 1 0
0 0 0 10721.01 2.59 20 4 0 1 0
0 0 0 14660.53 2.59 20 4 0 1 0
0 0 0 21400.17 2.59 20 5 0 1 0
0 0 0 7562.60 2.59 20 2 0 1 0
0 0 0 20617.20 2.59 20 6 0 1 0
0 0 0 10105.87 2.59 20 4 0 1 0
0 0 0 17833.50 2.59 20 5 1 1 1
0 0 0 16061.51 2.59 20 4 1 1 3
0 0 0 9952.50 2.59 40 4 0 1 0
0 0 0 24231.07 2.59 40 2 0 1 0
0 0 0 6419.55 2.59 40 4 0 1 0
0 0 0 14983.30 2.59 40 2 0 1 0
0 0 0 21497.55 2.59 40 3 0 1 0
0 0 0 11169.76 2.59 40 6 0 1 0
0 0 0 20603.73 2.59 40 7 1 1 0
0 0 0 6744.47 2.90 40 7 1 1 0
0 0 0 14954.66 2.90 40 5 1 1 0
#CONTAINERS_LOADED
4 1 1 7500.00 2.59 20 6 1 1 0
4 1 -1 7500.00 2.59 20 1 1 1 0
5 1 1 7500.00 2.59 20 3 1 1 0
5 1 -1 7500.00 2.59 20 6 1 1 0
5 2 1 7500.00 2.59 20 7 1 1 0
5 2 -1 7500.00 2.59 20 6 1 1 0
5 3 1 7500.00 2.59 20 5 1 1 0
5 3 -1 7500.00 2.59 20 4 1 1 0
5 4 1 7500.00 2.59 20 7 1 1 0
5 4 -1 7500.00 2.59 20 7 1 1 0
5 5 1 7500.00 2.59 20 2 1 1 0
5 5 -1 7500.00 2.59 20 3 1 1 0
5 6 1 7500.00 2.59 20 3 1 1 0
5 6 -1 7500.00 2.59 20 1 1 1 0
5 7 1 7500.00 2.59 20 4 1 1 0
5 7 -1 7500.00 2.59 20 3 1 1 0
5 8 0 15000.00 2.59 40 2 0 1 4
#STACKS
90000.00 15.54 1
105000.00 18.13 1
120000.00 20.72 1
120000.00 20.72 1
120000.00 20.72 1
120000.00 20.72 1
120000.00 20.72 1
105000.00 18.13 1
90000.00 15.54 1
#CELLS
1 0 0 0 0 0 1
1 0 0 0 0 0 1
1 0 0 1 1 1 1
1 0 0 1 1 1 1
1 0 0 1 1 1 1
1 0 0 1 1 1 1
1 0 0 1 1 1 1
1 0 0 1 1 1 1
2 0 0 0 0 0 1
2 0 1 1 1 1 1
2 0 1 1 1 1 1
2 0 1 1 1 1 1
2 0 1 1 1 1 1
2 0 1 1 1 1 1
2 0 1 1 1 1 1
2 0 0 1 1 1 1
3 1 1 1 1 1 1
3 1 1 1 1 1 1
3 1 1 1 1 1 1
3 1 1 1 1 1 1
3 1 1 1 1 1 1
3 1 1 1 1 1 1
3 1 1 1 1 1 1
3 0 0 1 1 1 1
4 1 1 1 1 1 1
4 1 1 1 1 1 1
4 1 1 1 1 1 1
4 1 1 1 1 1 1
4 1 1 1 1 1 1
4 1 1 1 1 1 1
4 1 1 1 1 1 1
4 0 0 1 1 1 1
5 1 1 1 1 1 1
5 1 1 1 1 1 1
5 1 1 1 1 1 1
5 1 1 1 1 1 1
5 1 1 1 1 1 1
5 1 1 1 1 1 1
5 1 1 1 1 1 1
5 0 0 1 1 1 1
6 1 1 1 1 1 1
6 1 1 1 1 1 1
6 1 1 1 1 1 1
6 1 1 1 1 1 1
6 1 1 1 1 1 1
6 1 1 1 1 1 1
6 1 1 1 1 1 1
6 0 0 1 1 1 1
7 1 1 1 1 1 1
7 1 1 1 1 1 1
7 1 1 1 1 1 1
7 1 1 1 1 1 1
7 1 1 1 1 1 1
7 1 1 1 1 1 1
7 1 1 1 1 1 1
7 0 0 1 1 1 1
8 0 0 0 0 0 1
8 0 1 1 1 1 1
8 0 1 1 1 1 1
8 0 1 1 1 1 1
8 0 1 1 1 1 1
8 0 1 1 1 1 1
8 0 1 1 1 1 1
8 0 0 1 1 1 1
9 0 0 0 0 0 1
9 0 0 0 0 0 1
9 0 0 1 1 1 1
9 0 0 1 1 1 1
9 0 0 1 1 1 1
9 0 0 1 1 1 1
9 0 0 1 1 1 1
9 0 0 1 1 1 1
#INFO-GEN
Namespace(bayType=3, francisco=True, meanPort=6, seed=2344, stdPort=5.201965974440161, target40=31, targetCapacity=50, targetHC=21, targetIMO=18, targetPorts=7, targetReefer=30, targetRelease=30, targetWeight=69)
