7 74 38 9 72 1 8
#POD
1 2 3 4 5 6 7
#LOCATIONS
1
#CONTAINERS_TOLOAD
0 0 0 8685.69 2.59 20 4 0 1 0
0 0 0 12319.51 2.59 20 6 0 1 0
0 0 0 4096.21 2.59 20 7 0 1 0
0 0 0 8117.10 2.59 20 1 0 1 0
0 0 0 11981.08 2.59 20 3 0 1 0
0 0 0 4338.62 2.59 20 5 0 1 0
0 0 0 11384.94 2.59 20 5 0 1 0
0 0 0 5452.70 2.59 20 6 0 1 0
0 0 0 9192.46 2.59 20 3 0 1 0
0 0 0 8733.24 2.59 20 6 0 1 0
0 0 0 6835.22 2.59 20 3 0 1 4
0 0 0 10234.14 2.59 20 1 0 1 3
0 0 0 6330.98 2.59 20 5 0 1 0
0 0 0 8254.95 2.59 20 3 0 1 4
0 0 0 7359.34 2.59 20 2 0 1 0
0 0 0 10898.31 2.59 20 5 0 1 2
0 0 0 5214.91 2.59 20 6 0 1 0
0 0 0 8850.58 2.59 20 2 0 1 0
0 0 0 8941.50 2.59 20 2 0 1 0
0 0 0 8403.43 2.59 20 1 0 1 0
0 0 0 7037.38 2.59 20 2 0 1 4
0 0 0 10848.26 2.59 20 7 0 1 0
0 0 0 6306.55 2.59 20 4 1 1 0
0 0 0 7993.66 2.59 20 2 0 1 0
0 0 0 10879.93 2.59 20 4 1 1 0
0 0 0 4953.95 2.59 20 1 0 1 4
0 0 0 10544.63 2.59 20 4 0 1 4
0 0 0 6043.11 2.59 20 2 0 1 4
0 0 0 9352.50 2.59 20 7 0 1 4
0 0 0 8593.63 2.59 20 6 0 1 0
0 0 0 5977.43 2.59 20 4 0 1 0
0 0 0 12092.28 2.59 20 5 0 1 0
0 0 0 4464.43 2.59 20 7 0 1 0
0 0 0 8131.89 2.59 20 7 0 1 0
0 0 0 10921.64 2.59 20 6 0 1 0
0 0 0 6498.73 2.59 20 7 0 1 0
0 0 0 10538.86 2.59 20 5 1 1 1
0 0 0 4603.58 2.59 20 6 1 1 0
0 0 0 10351.48 2.59 20 3 1 1 2
0 0 0 7403.79 2.59 20 3 1 1 0
0 0 0 9367.52 2.59 20 4 1 1 0
0 0 0 6136.93 2.59 20 1 1 1 0
0 0 0 8856.28 2.59 20 2 0 1 0
0 0 0 10324.13 2.59 20 5 0 1 0
0 0 0 5439.00 2.59 20 3 0 1 0
0 0 0 9721.20 2.59 20 2 0 1 4
0 0 0 8447.48 2.59 20 4 0 1 0
0 0 0 6450.76 2.59 20 5 0 1 4
0 0 0 8581.18 2.59 20 5 0 1 0
0 0 0 9747.96 2.59 20 3 0 1 0
0 0 0 6332.03 2.59 20 1 0 1 0
0 0 0 8516.48 2.59 20 6 0 1 0
0 0 0 7733.08 2.59 40 5 0 1 2
0 0 0 7864.84 2.59 40 6 0 1 0
0 0 0 10026.86 2.59 40 1 0 1 1
0 0 0 6540.88 2.59 40 4 0 1 0
0 0 0 9732.27 2.59 40 3 0 1 2
0 0 0 6444.28 2.59 40 6 1 1 2
0 0 0 12491.75 2.59 40 6 1 1 2
0 0 0 4132.66 2.59 20 6 1 1 0
0 0 0 8844.48 2.59 20 5 1 1 0
0 0 0 7274.85 2.59 40 6 0 1 2
0 0 0 11604.86 2.59 40 6 0 1 0
0 0 0 4652.95 2.59 40 6 0 1 0
0 0 0 10498.03 2.59 40 5 0 1 4
0 0 0 6781.74 2.59 40 6 0 1 4
0 0 0 7935.06 2.59 40 7 0 1 2
0 0 0 10417.20 2.59 40 5 1 1 0
0 0 0 6249.92 2.59 40 4 0 1 0
0 0 0 9591.13 2.59 40 1 0 1 0
0 0 0 6210.27 2.59 40 6 0 1 1
0 0 0 8218.13 2.59 40 1 0 1 0
0 0 0 8225.96 2.59 40 5 0 1 0
0 0 0 7727.21 2.90 40 4 0 1 0
#CONTAINERS_LOADED
4 1 1 7500.00 2.59 20 1 1 1 0
4 1 -1 7500.00 2.59 20 4 1 1 0
4 2 1 7500.00 2.59 20 2 1 1 0
4 2 -1 7500.00 2.59 20 4 1 1 0
4 3 1 7500.00 2.59 20 7 1 1 0
4 3 -1 7500.00 2.59 20 1 1 1 0
4 4 1 7500.00 2.59 20 4 1 1 0
4 4 -1 7500.00 2.59 20 5 1 1 0
4 5 1 7500.00 2.59 20 2 1 1 0
4 5 -1 7500.00 2.59 20 5 1 1 0
4 6 1 7500.00 2.59 20 7 1 1 0
4 6 -1 7500.00 2.59 20 7 1 1 0
4 7 1 7500.00 2.59 20 5 1 1 0
4 7 -1 7500.00 2.59 20 5 1 1 0
4 8 1 7500.00 2.59 20 2 0 1 0
4 8 -1 7500.00 2.59 20 2 0 1 0
5 1 1 7500.00 2.59 20 6 1 1 0
5 1 -1 7500.00 2.59 20 2 1 1 0
5 2 1 7500.00 2.59 20 6 1 1 0
5 2 -1 7500.00 2.59 20 3 1 1 0
5 3 1 7500.00 2.59 20 3 1 1 0
5 3 -1 7500.00 2.59 20 5 1 1 0
5 4 1 7500.00 2.59 20 3 1 1 0
5 4 -1 7500.00 2.59 20 7 1 1 0
5 5 1 7500.00 2.59 20 4 1 1 0
5 5 -1 7500.00 2.59 20 1 1 1 0
5 6 1 7500.00 2.59 20 7 1 1 0
5 6 -1 7500.00 2.59 20 4 1 1 0
5 7 1 7500.00 2.59 20 7 1 1 0
5 7 -1 7500.00 2.59 20 1 1 1 0
5 8 1 7500.00 2.59 20 2 0 1 4
5 8 -1 7500.00 2.59 20 5 0 1 4
6 1 1 7500.00 2.59 20 3 1 1 0
6 1 -1 7500.00 2.59 20 5 1 1 0
6 2 1 7500.00 2.59 20 6 1 1 0
6 2 -1 7500.00 2.59 20 3 1 1 0
6 3 1 7500.00 2.59 20 5 1 1 0
6 3 -1 7500.00 2.59 20 1 1 1 0
#STACKS
90000.00 15.54 1
105000.00 18.13 1
120000.00 20.72 1
120000.00 20.72 1
120000.00 20.72 1
120000.00 20.72 1
120000.00 20.72 1
105000.00 18.13 1
90000.00 15.54 1
#CELLS
1 0 0 0 0 0 1
1 0 0 0 0 0 1
1 0 0 1 1 1 1
1 0 0 1 1 1 1
1 0 0 1 1 1 1
1 0 0 1 1 1 1
1 0 0 1 1 1 1
1 0 0 1 1 1 1
2 0 0 0 0 0 1
2 0 1 1 1 1 1
2 0 1 1 1 1 1
2 0 1 1 1 1 1
2 0 1 1 1 1 1
2 0 1 1 1 1 1
2 0 1 1 1 1 1
2 0 0 1 1 1 1
3 1 1 1 1 1 1
3 1 1 1 1 1 1
3 1 1 1 1 1 1
3 1 1 1 1 1 1
3 1 1 1 1 1 1
3 1 1 1 1 1 1
3 1 1 1 1 1 1
3 0 0 1 1 1 1
4 1 1 1 1 1 1
4 1 1 1 1 1 1
4 1 1 1 1 1 1
4 1 1 1 1 1 1
4 1 1 1 1 1 1
4 1 1 1 1 1 1
4 1 1 1 1 1 1
4 0 0 1 1 1 1
5 1 1 1 1 1 1
5 1 1 1 1 1 1
5 1 1 1 1 1 1
5 1 1 1 1 1 1
5 1 1 1 1 1 1
5 1 1 1 1 1 1
5 1 1 1 1 1 1
5 0 0 1 1 1 1
6 1 1 1 1 1 1
6 1 1 1 1 1 1
6 1 1 1 1 1 1
6 1 1 1 1 1 1
6 1 1 1 1 1 1
6 1 1 1 1 1 1
6 1 1 1 1 1 1
6 0 0 1 1 1 1
7 1 1 1 1 1 1
7 1 1 1 1 1 1
7 1 1 1 1 1 1
7 1 1 1 1 1 1
7 1 1 1 1 1 1
7 1 1 1 1 1 1
7 1 1 1 1 1 1
7 0 0 1 1 1 1
8 0 0 0 0 0 1
8 0 1 1 1 1 1
8 0 1 1 1 1 1
8 0 1 1 1 1 1
8 0 1 1 1 1 1
8 0 1 1 1 1 1
8 0 1 1 1 1 1
8 0 0 1 1 1 1
9 0 0 0 0 0 1
9 0 0 0 0 0 1
9 0 0 1 1 1 1
9 0 0 1 1 1 1
9 0 0 1 1 1 1
9 0 0 1 1 1 1
9 0 0 1 1 1 1
9 0 0 1 1 1 1
#INFO-GEN
Namespace(bayType=3, francisco=True, meanPort=6, seed=2344, stdPort=5.201965974440161, target40=31, targetCapacity=100, targetHC=21, targetIMO=18, targetPorts=7, targetReefer=30, targetRelease=30, targetWeight=86)
