15 28 45 9 72 1 8
#POD
1 2 3 4 5 6 7 8 9 10 11 12 13 14 15
#LOCATIONS
1
#CONTAINERS_TOLOAD
0 0 0 23817.33 2.59 20 2 1 1 0
0 0 0 9613.60 2.59 20 2 0 1 0
0 0 0 14239.14 2.59 20 8 1 1 0
0 0 0 25510.72 2.59 20 13 0 1 0
0 0 0 7279.71 2.59 20 12 1 1 0
0 0 0 22258.95 2.59 20 10 0 1 0
0 0 0 7413.00 2.59 20 1 1 1 0
0 0 0 18992.06 2.59 20 7 0 1 0
0 0 0 14343.64 2.59 20 9 1 1 0
0 0 0 15413.67 2.59 20 7 0 1 0
0 0 0 15815.76 2.59 20 2 0 1 1
0 0 0 21731.75 2.59 20 4 0 1 1
0 0 0 9227.31 2.59 20 15 0 1 4
0 0 0 18406.43 2.59 20 10 0 1 4
0 0 0 11046.59 2.59 20 6 0 1 0
0 0 0 22370.58 2.59 20 13 0 1 0
0 0 0 12473.66 2.59 20 14 1 1 4
0 0 0 12788.10 2.59 20 15 1 1 4
0 0 0 26039.56 2.59 20 1 1 1 0
0 0 0 5862.20 2.59 20 14 1 1 0
0 0 0 24421.29 2.90 40 9 0 1 0
0 0 0 6285.78 2.90 40 10 0 1 0
0 0 0 20580.76 2.90 40 13 0 1 0
0 0 0 15689.60 2.59 40 1 1 1 0
0 0 0 16784.14 2.59 40 1 1 1 0
0 0 0 14679.22 2.59 40 11 1 1 2
0 0 0 16461.45 2.59 40 3 1 1 2
0 0 0 9186.00 2.59 40 9 1 1 0
#CONTAINERS_LOADED
3 1 1 7500.00 2.59 20 4 1 1 4
3 1 -1 7500.00 2.59 20 1 1 1 4
3 2 1 7500.00 2.59 20 6 1 1 1
3 2 -1 7500.00 2.59 20 14 1 1 1
3 3 1 7500.00 2.59 20 13 1 1 0
3 3 -1 7500.00 2.59 20 8 1 1 0
4 1 1 7500.00 2.59 20 4 1 1 0
4 1 -1 7500.00 2.59 20 1 1 1 0
4 2 1 7500.00 2.59 20 1 1 1 0
4 2 -1 7500.00 2.59 20 8 1 1 0
4 3 1 7500.00 2.59 20 8 1 1 0
4 3 -1 7500.00 2.59 20 11 1 1 0
4 4 1 7500.00 2.59 20 4 1 1 0
4 4 -1 7500.00 2.59 20 1 1 1 0
4 5 1 7500.00 2.59 20 7 1 1 0
4 5 -1 7500.00 2.59 20 1 1 1 0
4 6 1 7500.00 2.59 20 8 1 1 0
4 6 -1 7500.00 2.59 20 3 1 1 0
4 7 1 7500.00 2.59 20 4 1 1 0
4 7 -1 7500.00 2.59 20 6 1 1 0
4 8 1 7500.00 2.59 20 12 0 1 0
4 8 -1 7500.00 2.59 20 11 0 1 0
5 1 1 7500.00 2.59 20 4 1 1 1
5 1 -1 7500.00 2.59 20 11 1 1 1
5 2 1 7500.00 2.59 20 14 1 1 0
5 2 -1 7500.00 2.59 20 6 1 1 0
5 3 1 7500.00 2.59 20 7 1 1 0
5 3 -1 7500.00 2.59 20 1 1 1 0
5 4 1 7500.00 2.59 20 15 1 1 4
5 4 -1 7500.00 2.59 20 2 1 1 4
5 5 1 7500.00 2.59 20 7 1 1 4
5 5 -1 7500.00 2.59 20 10 1 1 4
5 6 1 7500.00 2.59 20 1 1 1 1
5 6 -1 7500.00 2.59 20 1 1 1 1
5 7 1 7500.00 2.59 20 3 1 1 0
5 7 -1 7500.00 2.59 20 3 1 1 0
5 8 0 15000.00 2.59 40 6 0 1 0
6 1 0 15000.00 2.59 40 14 1 1 0
6 2 0 15000.00 2.59 40 1 1 1 0
6 3 0 15000.00 2.59 40 4 1 1 0
6 4 0 15000.00 2.59 40 11 1 1 0
6 5 0 15000.00 2.59 40 10 1 1 0
6 6 0 15000.00 2.59 40 5 1 1 0
6 7 0 15000.00 2.59 40 1 1 1 0
6 8 0 15000.00 2.59 40 12 0 1 0
#STACKS
90000.00 15.54 1
105000.00 18.13 1
120000.00 20.72 1
120000.00 20.72 1
120000.00 20.72 1
120000.00 20.72 1
120000.00 20.72 1
105000.00 18.13 1
90000.00 15.54 1
#CELLS
1 0 0 0 0 0 1
1 0 0 0 0 0 1
1 0 0 1 1 1 1
1 0 0 1 1 1 1
1 0 0 1 1 1 1
1 0 0 1 1 1 1
1 0 0 1 1 1 1
1 0 0 1 1 1 1
2 0 0 0 0 0 1
2 0 1 1 1 1 1
2 0 1 1 1 1 1
2 0 1 1 1 1 1
2 0 1 1 1 1 1
2 0 1 1 1 1 1
2 0 1 1 1 1 1
2 0 0 1 1 1 1
3 1 1 1 1 1 1
3 1 1 1 1 1 1
3 1 1 1 1 1 1
3 1 1 1 1 1 1
3 1 1 1 1 1 1
3 1 1 1 1 1 1
3 1 1 1 1 1 1
3 0 0 1 1 1 1
4 1 1 1 1 1 1
4 1 1 1 1 1 1
4 1 1 1 1 1 1
4 1 1 1 1 1 1
4 1 1 1 1 1 1
4 1 1 1 1 1 1
4 1 1 1 1 1 1
4 0 0 1 1 1 1
5 1 1 1 1 1 1
5 1 1 1 1 1 1
5 1 1 1 1 1 1
5 1 1 1 1 1 1
5 1 1 1 1 1 1
5 1 1 1 1 1 1
5 1 1 1 1 1 1
5 0 0 1 1 1 1
6 1 1 1 1 1 1
6 1 1 1 1 1 1
6 1 1 1 1 1 1
6 1 1 1 1 1 1
6 1 1 1 1 1 1
6 1 1 1 1 1 1
6 1 1 1 1 1 1
6 0 0 1 1 1 1
7 1 1 1 1 1 1
7 1 1 1 1 1 1
7 1 1 1 1 1 1
7 1 1 1 1 1 1
7 1 1 1 1 1 1
7 1 1 1 1 1 1
7 1 1 1 1 1 1
7 0 0 1 1 1 1
8 0 0 0 0 0 1
8 0 1 1 1 1 1
8 0 1 1 1 1 1
8 0 1 1 1 1 1
8 0 1 1 1 1 1
8 0 1 1 1 1 1
8 0 1 1 1 1 1
8 0 0 1 1 1 1
9 0 0 0 0 0 1
9 0 0 0 0 0 1
9 0 0 1 1 1 1
9 0 0 1 1 1 1
9 0 0 1 1 1 1
9 0 0 1 1 1 1
9 0 0 1 1 1 1
9 0 0 1 1 1 1
#INFO-GEN
Namespace(bayType=3, francisco=True, meanPort=3, seed=3456, stdPort=11.889895101186168, target40=38, targetCapacity=69, targetHC=52, targetIMO=63, targetPorts=15, targetReefer=79, targetRelease=64, targetWeight=75)
