6 43 34 11 88 1 8
#POD
1 2 3 4 5 6
#LOCATIONS
1
#CONTAINERS_TOLOAD
0 0 0 13588.25 2.59 20 2 1 1 0
0 0 0 17613.61 2.59 20 2 1 1 0
0 0 0 5778.32 2.59 20 3 1 1 2
0 0 0 13496.68 2.59 20 4 1 1 3
0 0 0 13834.99 2.59 20 1 1 1 4
0 0 0 15342.04 2.59 20 2 1 1 4
0 0 0 6681.22 2.59 20 4 0 1 0
0 0 0 20695.12 2.59 20 5 0 1 0
0 0 0 3607.94 2.59 20 3 0 1 0
0 0 0 19398.64 2.59 20 5 0 1 0
0 0 0 5232.24 2.59 20 3 0 1 0
0 0 0 20805.04 2.59 20 3 0 1 0
0 0 0 3887.92 2.59 20 2 0 1 0
0 0 0 20661.79 2.59 20 1 0 1 0
0 0 0 3782.02 2.59 20 3 1 1 0
0 0 0 16667.66 2.59 20 1 1 1 0
0 0 0 8669.38 2.59 20 1 1 1 3
0 0 0 19216.35 2.59 20 2 1 1 0
0 0 0 4843.72 2.59 20 2 1 1 0
0 0 0 12818.96 2.59 20 1 1 1 0
0 0 0 12906.83 2.59 20 6 1 1 0
0 0 0 17931.84 2.59 20 1 1 1 0
0 0 0 6298.63 2.59 40 1 0 1 4
0 0 0 12969.39 2.59 20 3 0 1 1
0 0 0 17071.74 2.59 20 3 0 1 1
0 0 0 6180.29 2.59 20 4 0 1 1
0 0 0 12139.97 2.59 20 3 0 1 1
0 0 0 20148.68 2.59 20 1 0 1 0
0 0 0 3719.62 2.59 20 2 0 1 0
0 0 0 20252.29 2.59 20 1 1 1 0
0 0 0 4552.80 2.59 20 3 1 1 0
0 0 0 19962.23 2.59 20 3 1 1 3
0 0 0 5255.58 2.59 20 1 1 1 0
0 0 0 13842.28 2.59 20 3 1 1 0
0 0 0 15477.34 2.59 20 1 1 1 2
0 0 0 7449.98 2.90 40 3 0 1 0
0 0 0 13700.17 2.59 40 1 0 1 0
0 0 0 10848.56 2.90 40 2 0 1 2
0 0 0 15688.81 2.90 40 2 0 1 0
0 0 0 11278.28 2.59 40 2 1 1 0
0 0 0 11433.00 2.90 40 2 1 1 0
0 0 0 14299.45 2.90 40 3 1 1 0
0 0 0 7795.35 2.59 40 3 1 1 0
#CONTAINERS_LOADED
5 1 1 7500.00 2.59 20 1 1 1 0
5 1 -1 7500.00 2.59 20 4 1 1 0
5 2 1 7500.00 2.59 20 3 1 1 2
5 2 -1 7500.00 2.59 20 2 1 1 2
5 3 1 7500.00 2.59 20 3 1 1 2
5 3 -1 7500.00 2.59 20 1 1 1 2
5 4 1 7500.00 2.59 20 4 1 1 0
5 4 -1 7500.00 2.59 20 2 1 1 0
5 5 1 7500.00 2.59 20 2 1 1 0
5 5 -1 7500.00 2.59 20 1 1 1 0
5 6 1 7500.00 2.59 20 1 0 1 0
5 6 -1 7500.00 2.59 20 1 0 1 0
5 7 1 7500.00 2.59 20 3 0 1 0
5 7 -1 7500.00 2.59 20 3 0 1 0
5 8 1 7500.00 2.59 20 3 0 1 0
5 8 -1 7500.00 2.59 20 1 0 1 0
6 1 1 7500.00 2.59 20 3 1 1 0
6 1 -1 7500.00 2.59 20 6 1 1 0
6 2 1 7500.00 2.59 20 4 1 1 0
6 2 -1 7500.00 2.59 20 4 1 1 0
6 3 1 7500.00 2.59 20 4 1 1 0
6 3 -1 7500.00 2.59 20 4 1 1 0
6 4 1 7500.00 2.59 20 1 1 1 0
6 4 -1 7500.00 2.59 20 3 1 1 0
6 5 1 7500.00 2.59 20 2 1 1 0
6 5 -1 7500.00 2.59 20 4 1 1 0
6 6 1 7500.00 2.59 20 3 0 1 0
6 6 -1 7500.00 2.59 20 2 0 1 0
6 7 1 7500.00 2.59 20 3 0 1 0
6 7 -1 7500.00 2.59 20 3 0 1 0
6 8 1 7500.00 2.59 20 3 0 1 0
6 8 -1 7500.00 2.59 20 2 0 1 0
7 1 1 7500.00 2.59 20 3 1 1 1
7 1 -1 7500.00 2.59 20 4 1 1 1
#STACKS
105000.00 18.13 1
120000.00 20.72 1
120000.00 20.72 1
120000.00 20.72 1
120000.00 20.72 1
120000.00 20.72 1
120000.00 20.72 1
120000.00 20.72 1
120000.00 20.72 1
120000.00 20.72 1
105000.00 18.13 1
#CELLS
1 0 0 0 0 0 1
1 1 1 1 1 1 1
1 1 1 1 1 1 1
1 1 1 1 1 1 1
1 1 1 1 1 1 1
1 0 0 1 1 1 1
1 0 0 1 1 1 1
1 0 0 1 1 1 1
2 1 1 1 1 1 1
2 1 1 1 1 1 1
2 1 1 1 1 1 1
2 1 1 1 1 1 1
2 1 1 1 1 1 1
2 0 0 1 1 1 1
2 0 0 1 1 1 1
2 0 0 1 1 1 1
3 1 1 1 1 1 1
3 1 1 1 1 1 1
3 1 1 1 1 1 1
3 1 1 1 1 1 1
3 1 1 1 1 1 1
3 0 0 1 1 1 1
3 0 0 1 1 1 1
3 0 0 1 1 1 1
4 1 1 1 1 1 1
4 1 1 1 1 1 1
4 1 1 1 1 1 1
4 1 1 1 1 1 1
4 1 1 1 1 1 1
4 0 0 1 1 1 1
4 0 0 1 1 1 1
4 0 0 1 1 1 1
5 1 1 1 1 1 1
5 1 1 1 1 1 1
5 1 1 1 1 1 1
5 1 1 1 1 1 1
5 1 1 1 1 1 1
5 0 0 1 1 1 1
5 0 0 1 1 1 1
5 0 0 1 1 1 1
6 1 1 1 1 1 1
6 1 1 1 1 1 1
6 1 1 1 1 1 1
6 1 1 1 1 1 1
6 1 1 1 1 1 1
6 0 0 1 1 1 1
6 0 0 1 1 1 1
6 0 0 1 1 1 1
7 1 1 1 1 1 1
7 1 1 1 1 1 1
7 1 1 1 1 1 1
7 1 1 1 1 1 1
7 1 1 1 1 1 1
7 0 0 1 1 1 1
7 0 0 1 1 1 1
7 0 0 1 1 1 1
8 1 1 1 1 1 1
8 1 1 1 1 1 1
8 1 1 1 1 1 1
8 1 1 1 1 1 1
8 1 1 1 1 1 1
8 0 0 1 1 1 1
8 0 0 1 1 1 1
8 0 0 1 1 1 1
9 1 1 1 1 1 1
9 1 1 1 1 1 1
9 1 1 1 1 1 1
9 1 1 1 1 1 1
9 1 1 1 1 1 1
9 0 0 1 1 1 1
9 0 0 1 1 1 1
9 0 0 1 1 1 1
10 1 1 1 1 1 1
10 1 1 1 1 1 1
10 1 1 1 1 1 1
10 1 1 1 1 1 1
10 1 1 1 1 1 1
10 0 0 1 1 1 1
10 0 0 1 1 1 1
10 0 0 1 1 1 1
11 0 0 0 0 0 1
11 1 1 1 1 1 1
11 1 1 1 1 1 1
11 1 1 1 1 1 1
11 1 1 1 1 1 1
11 0 0 1 1 1 1
11 0 0 1 1 1 1
11 0 0 1 1 1 1
#INFO-GEN
Namespace(bayType=4, francisco=True, meanPort=3, seed=6927, stdPort=1.2414811390692533, target40=23, targetCapacity=50, targetHC=51, targetIMO=33, targetPorts=6, targetReefer=87, targetRelease=44, targetWeight=51)
