15 35 63 9 72 1 8
#POD
1 2 3 4 5 6 7 8 9 10 11 12 13 14 15
#LOCATIONS
1
#CONTAINERS_TOLOAD
0 0 0 17788.53 2.59 20 8 0 1 2
0 0 0 7698.27 2.59 20 2 0 1 2
0 0 0 10984.24 2.59 20 13 0 1 0
0 0 0 18991.51 2.59 20 10 0 1 0
0 0 0 6040.29 2.59 20 8 0 1 0
0 0 0 16681.47 2.59 20 9 0 1 0
0 0 0 6134.98 2.59 20 14 0 1 0
0 0 0 14360.69 2.59 20 13 0 1 0
0 0 0 11058.47 2.59 20 9 0 1 0
0 0 0 11818.62 2.59 20 13 0 1 0
0 0 0 12104.26 2.59 20 4 0 1 2
0 0 0 16306.95 2.59 20 5 0 1 2
0 0 0 7423.85 2.59 20 8 0 1 0
0 0 0 13944.66 2.59 20 2 0 1 0
0 0 0 8716.26 2.59 20 15 0 1 0
0 0 0 16760.77 2.59 20 1 0 1 0
0 0 0 9730.05 2.59 20 1 1 1 0
0 0 0 9953.42 2.59 20 7 0 1 0
0 0 0 19367.20 2.59 20 10 1 1 0
0 0 0 5033.29 2.59 20 9 0 1 0
0 0 0 18217.59 2.59 20 6 1 1 0
0 0 0 5334.20 2.59 20 10 0 1 0
0 0 0 15489.29 2.59 20 11 1 1 0
0 0 0 12014.64 2.59 20 7 0 1 0
0 0 0 12792.19 2.59 20 8 1 1 0
0 0 0 11296.86 2.59 20 7 0 1 0
0 0 0 12562.95 2.59 40 9 0 1 4
0 0 0 7981.24 2.90 40 6 0 1 4
0 0 0 19605.75 2.59 40 10 0 1 0
0 0 0 4351.65 2.59 40 15 0 1 0
0 0 0 11562.92 2.90 40 5 1 1 0
0 0 0 15203.80 2.59 40 10 1 1 0
0 0 0 9941.01 2.90 40 11 1 1 0
0 0 0 10884.34 2.90 40 3 1 1 0
0 0 0 11863.79 2.90 40 13 1 1 0
#CONTAINERS_LOADED
3 1 1 7500.00 2.59 20 2 1 1 0
3 1 -1 7500.00 2.59 20 8 1 1 0
3 2 1 7500.00 2.59 20 5 1 1 0
3 2 -1 7500.00 2.59 20 3 1 1 0
3 3 1 7500.00 2.59 20 3 1 1 3
3 3 -1 7500.00 2.59 20 3 1 1 3
3 4 1 7500.00 2.59 20 1 1 1 0
3 4 -1 7500.00 2.59 20 10 1 1 0
3 5 1 7500.00 2.59 20 11 1 1 0
3 5 -1 7500.00 2.59 20 6 1 1 0
3 6 1 7500.00 2.59 20 9 1 1 0
3 6 -1 7500.00 2.59 20 8 1 1 0
3 7 1 7500.00 2.59 20 7 1 1 4
3 7 -1 7500.00 2.59 20 7 1 1 4
3 8 1 7500.00 2.59 20 2 0 1 0
3 8 -1 7500.00 2.59 20 1 0 1 0
4 1 1 7500.00 2.59 20 2 1 1 0
4 1 -1 7500.00 2.59 20 8 1 1 0
4 2 1 7500.00 2.59 20 4 1 1 0
4 2 -1 7500.00 2.59 20 8 1 1 0
4 3 1 7500.00 2.59 20 2 1 1 0
4 3 -1 7500.00 2.59 20 14 1 1 0
4 4 1 7500.00 2.59 20 1 1 1 0
4 4 -1 7500.00 2.59 20 5 1 1 0
4 5 1 7500.00 2.59 20 14 1 1 0
4 5 -1 7500.00 2.59 20 7 1 1 0
4 6 1 7500.00 2.59 20 8 1 1 0
4 6 -1 7500.00 2.59 20 8 1 1 0
4 7 1 7500.00 2.59 20 6 1 1 0
4 7 -1 7500.00 2.59 20 4 1 1 0
4 8 1 7500.00 2.59 20 5 0 1 0
4 8 -1 7500.00 2.59 20 1 0 1 0
5 1 1 7500.00 2.59 20 14 1 1 0
5 1 -1 7500.00 2.59 20 2 1 1 0
5 2 1 7500.00 2.59 20 10 1 1 0
5 2 -1 7500.00 2.59 20 5 1 1 0
5 3 1 7500.00 2.59 20 7 1 1 4
5 3 -1 7500.00 2.59 20 9 1 1 4
5 4 1 7500.00 2.59 20 14 1 1 0
5 4 -1 7500.00 2.59 20 1 1 1 0
5 5 1 7500.00 2.59 20 3 1 1 4
5 5 -1 7500.00 2.59 20 3 1 1 4
5 6 1 7500.00 2.59 20 1 1 1 0
5 6 -1 7500.00 2.59 20 13 1 1 0
5 7 1 7500.00 2.59 20 7 1 1 0
5 7 -1 7500.00 2.59 20 7 1 1 0
5 8 1 7500.00 2.59 20 6 0 1 4
5 8 -1 7500.00 2.59 20 5 0 1 4
6 1 1 7500.00 2.59 20 11 1 1 0
6 1 -1 7500.00 2.59 20 6 1 1 0
6 2 0 15000.00 2.59 40 7 1 1 0
6 3 0 15000.00 2.59 40 10 1 1 0
6 4 0 15000.00 2.59 40 2 1 1 0
6 5 0 15000.00 2.59 40 15 1 1 0
6 6 0 15000.00 2.59 40 11 1 1 0
6 7 0 15000.00 2.59 40 13 1 1 0
6 8 0 15000.00 2.59 40 13 0 1 0
7 1 0 15000.00 2.59 40 5 1 1 3
7 2 0 15000.00 2.59 40 12 1 1 0
7 3 0 15000.00 2.59 40 5 1 1 0
7 4 0 15000.00 2.59 40 12 1 1 4
7 5 0 15000.00 2.59 40 1 1 1 0
7 6 0 15000.00 2.59 40 9 1 1 4
#STACKS
90000.00 15.54 1
105000.00 18.13 1
120000.00 20.72 1
120000.00 20.72 1
120000.00 20.72 1
120000.00 20.72 1
120000.00 20.72 1
105000.00 18.13 1
90000.00 15.54 1
#CELLS
1 0 0 0 0 0 1
1 0 0 0 0 0 1
1 0 0 1 1 1 1
1 0 0 1 1 1 1
1 0 0 1 1 1 1
1 0 0 1 1 1 1
1 0 0 1 1 1 1
1 0 0 1 1 1 1
2 0 0 0 0 0 1
2 0 1 1 1 1 1
2 0 1 1 1 1 1
2 0 1 1 1 1 1
2 0 1 1 1 1 1
2 0 1 1 1 1 1
2 0 1 1 1 1 1
2 0 0 1 1 1 1
3 1 1 1 1 1 1
3 1 1 1 1 1 1
3 1 1 1 1 1 1
3 1 1 1 1 1 1
3 1 1 1 1 1 1
3 1 1 1 1 1 1
3 1 1 1 1 1 1
3 0 0 1 1 1 1
4 1 1 1 1 1 1
4 1 1 1 1 1 1
4 1 1 1 1 1 1
4 1 1 1 1 1 1
4 1 1 1 1 1 1
4 1 1 1 1 1 1
4 1 1 1 1 1 1
4 0 0 1 1 1 1
5 1 1 1 1 1 1
5 1 1 1 1 1 1
5 1 1 1 1 1 1
5 1 1 1 1 1 1
5 1 1 1 1 1 1
5 1 1 1 1 1 1
5 1 1 1 1 1 1
5 0 0 1 1 1 1
6 1 1 1 1 1 1
6 1 1 1 1 1 1
6 1 1 1 1 1 1
6 1 1 1 1 1 1
6 1 1 1 1 1 1
6 1 1 1 1 1 1
6 1 1 1 1 1 1
6 0 0 1 1 1 1
7 1 1 1 1 1 1
7 1 1 1 1 1 1
7 1 1 1 1 1 1
7 1 1 1 1 1 1
7 1 1 1 1 1 1
7 1 1 1 1 1 1
7 1 1 1 1 1 1
7 0 0 1 1 1 1
8 0 0 0 0 0 1
8 0 1 1 1 1 1
8 0 1 1 1 1 1
8 0 1 1 1 1 1
8 0 1 1 1 1 1
8 0 1 1 1 1 1
8 0 1 1 1 1 1
8 0 0 1 1 1 1
9 0 0 0 0 0 1
9 0 0 0 0 0 1
9 0 0 1 1 1 1
9 0 0 1 1 1 1
9 0 0 1 1 1 1
9 0 0 1 1 1 1
9 0 0 1 1 1 1
9 0 0 1 1 1 1
#INFO-GEN
Namespace(bayType=3, francisco=True, meanPort=3, seed=3456, stdPort=11.889895101186168, target40=38, targetCapacity=91, targetHC=52, targetIMO=63, targetPorts=15, targetReefer=79, targetRelease=64, targetWeight=100)
