27 29 90 12 120 1 10
#POD
1 2 3 4 5 6 7 8 9 10 11 12 13 14 15 16 17 18 19 20 21 23 24 25 26 27 28
#LOCATIONS
1
#CONTAINERS_TOLOAD
0 0 0 29626.45 2.59 20 13 0 1 4
0 0 0 26499.15 2.59 20 2 0 1 0
0 0 0 27256.87 2.59 20 4 0 1 0
0 0 0 25975.31 2.59 20 8 0 1 0
0 0 0 24820.90 2.59 20 23 0 1 0
0 0 0 26944.79 2.59 20 24 0 1 3
0 0 0 28991.37 2.59 20 27 0 1 0
0 0 0 26676.49 2.59 20 18 0 1 2
0 0 0 27046.30 2.59 20 24 0 1 0
0 0 0 24799.32 2.59 20 23 0 1 0
0 0 0 28134.73 2.59 20 9 0 1 0
0 0 0 26433.13 2.59 20 23 0 1 4
0 0 0 26133.73 2.59 20 12 0 1 3
0 0 0 28141.25 2.59 20 25 0 1 2
0 0 0 26857.16 2.59 20 16 1 1 0
0 0 0 24128.12 2.59 20 20 1 1 0
0 0 0 26756.86 2.59 20 3 1 1 0
0 0 0 29608.85 2.59 20 27 1 1 0
0 0 0 26297.07 2.59 20 24 1 1 4
0 0 0 24471.82 2.59 20 25 1 1 4
0 0 0 27534.32 2.59 40 19 0 1 4
0 0 0 28174.72 2.59 20 26 0 1 0
0 0 0 25208.84 2.59 20 26 0 1 0
0 0 0 27673.84 2.59 20 12 0 1 2
0 0 0 27889.74 2.59 20 12 0 1 4
0 0 0 24402.06 2.59 20 10 0 1 3
0 0 0 29178.37 2.59 20 11 0 1 0
0 0 0 24638.06 2.59 20 27 0 1 3
0 0 0 25943.39 2.59 20 4 0 1 4
#CONTAINERS_LOADED
5 1 1 7500.00 2.59 20 5 1 1 0
5 1 -1 7500.00 2.59 20 25 1 1 0
5 2 1 7500.00 2.59 20 15 1 1 2
5 2 -1 7500.00 2.59 20 23 1 1 2
5 3 1 7500.00 2.59 20 9 1 1 0
5 3 -1 7500.00 2.59 20 8 1 1 0
5 4 1 7500.00 2.59 20 10 1 1 0
5 4 -1 7500.00 2.59 20 14 1 1 0
5 5 1 7500.00 2.59 20 3 1 1 2
5 5 -1 7500.00 2.59 20 18 1 1 2
5 6 1 7500.00 2.59 20 16 1 1 0
5 6 -1 7500.00 2.59 20 17 1 1 0
5 7 1 7500.00 2.59 20 20 1 1 0
5 7 -1 7500.00 2.59 20 9 1 1 0
5 8 1 7500.00 2.59 20 14 1 1 0
5 8 -1 7500.00 2.59 20 26 1 1 0
5 9 1 7500.00 2.59 20 25 1 1 0
5 9 -1 7500.00 2.59 20 27 1 1 0
5 10 1 7500.00 2.59 20 9 1 1 0
5 10 -1 7500.00 2.59 20 27 1 1 0
6 1 1 7500.00 2.59 20 20 1 1 0
6 1 -1 7500.00 2.59 20 20 1 1 0
6 2 1 7500.00 2.59 20 5 1 1 0
6 2 -1 7500.00 2.59 20 26 1 1 0
6 3 1 7500.00 2.59 20 12 1 1 0
6 3 -1 7500.00 2.59 20 19 1 1 0
6 4 1 7500.00 2.59 20 19 1 1 0
6 4 -1 7500.00 2.59 20 21 1 1 0
6 5 1 7500.00 2.59 20 24 1 1 0
6 5 -1 7500.00 2.59 20 28 1 1 0
6 6 1 7500.00 2.59 20 8 1 1 0
6 6 -1 7500.00 2.59 20 26 1 1 0
6 7 1 7500.00 2.59 20 14 1 1 0
6 7 -1 7500.00 2.59 20 26 1 1 0
6 8 1 7500.00 2.59 20 13 1 1 0
6 8 -1 7500.00 2.59 20 10 1 1 0
6 9 1 7500.00 2.59 20 16 1 1 0
6 9 -1 7500.00 2.59 20 11 1 1 0
6 10 1 7500.00 2.59 20 28 1 1 0
6 10 -1 7500.00 2.59 20 4 1 1 0
7 1 1 7500.00 2.59 20 17 1 1 0
7 1 -1 7500.00 2.59 20 11 1 1 0
7 2 1 7500.00 2.59 20 7 1 1 3
7 2 -1 7500.00 2.59 20 9 1 1 3
7 3 1 7500.00 2.59 20 10 1 1 3
7 3 -1 7500.00 2.59 20 10 1 1 3
7 4 1 7500.00 2.59 20 12 1 1 0
7 4 -1 7500.00 2.59 20 13 1 1 0
7 5 1 7500.00 2.59 20 7 1 1 0
7 5 -1 7500.00 2.59 20 18 1 1 0
7 6 1 7500.00 2.59 20 10 1 1 0
7 6 -1 7500.00 2.59 20 15 1 1 0
7 7 1 7500.00 2.59 20 4 1 1 0
7 7 -1 7500.00 2.59 20 8 1 1 0
7 8 1 7500.00 2.59 20 3 1 1 0
7 8 -1 7500.00 2.59 20 15 1 1 0
7 9 1 7500.00 2.59 20 24 1 1 0
7 9 -1 7500.00 2.59 20 20 1 1 0
7 10 1 7500.00 2.59 20 19 1 1 0
7 10 -1 7500.00 2.59 20 18 1 1 0
8 1 1 7500.00 2.59 20 17 1 1 0
8 1 -1 7500.00 2.59 20 19 1 1 0
8 2 1 7500.00 2.59 20 25 1 1 0
8 2 -1 7500.00 2.59 20 6 1 1 0
8 3 1 7500.00 2.59 20 18 1 1 0
8 3 -1 7500.00 2.59 20 2 1 1 0
8 4 1 7500.00 2.59 20 1 1 1 0
8 4 -1 7500.00 2.59 20 2 1 1 0
8 5 1 7500.00 2.59 20 19 1 1 0
8 5 -1 7500.00 2.59 20 8 1 1 0
8 6 1 7500.00 2.59 20 12 1 1 0
8 6 -1 7500.00 2.59 20 17 1 1 0
8 7 1 7500.00 2.59 20 3 1 1 0
8 7 -1 7500.00 2.59 20 11 1 1 0
8 8 1 7500.00 2.59 20 11 1 1 0
8 8 -1 7500.00 2.59 20 27 1 1 0
8 9 1 7500.00 2.59 20 8 1 1 0
8 9 -1 7500.00 2.59 20 24 1 1 0
8 10 1 7500.00 2.59 20 25 1 1 0
8 10 -1 7500.00 2.59 20 12 1 1 0
9 1 1 7500.00 2.59 20 28 1 1 0
9 1 -1 7500.00 2.59 20 6 1 1 0
9 2 1 7500.00 2.59 20 18 1 1 3
9 2 -1 7500.00 2.59 20 24 1 1 3
9 3 1 7500.00 2.59 20 1 1 1 0
9 3 -1 7500.00 2.59 20 4 1 1 0
9 4 1 7500.00 2.59 20 4 1 1 0
9 4 -1 7500.00 2.59 20 28 1 1 0
9 5 1 7500.00 2.59 20 18 1 1 0
9 5 -1 7500.00 2.59 20 5 1 1 0
#STACKS
150000.00 25.90 1
150000.00 25.90 1
150000.00 25.90 1
150000.00 25.90 1
150000.00 25.90 1
150000.00 25.90 1
150000.00 25.90 1
150000.00 25.90 1
150000.00 25.90 1
150000.00 25.90 1
150000.00 25.90 1
150000.00 25.90 1
#CELLS
1 0 0 1 1 1 1
1 0 0 1 1 1 1
1 0 0 1 1 1 1
1 0 0 1 1 1 1
1 0 0 1 1 1 1
1 0 0 1 1 1 1
1 0 0 1 1 1 1
1 0 0 1 1 1 1
1 0 0 1 1 1 1
1 0 0 1 1 1 1
2 0 0 1 1 1 1
2 0 0 1 1 1 1
2 0 0 1 1 1 1
2 0 0 1 1 1 1
2 0 0 1 1 1 1
2 0 0 1 1 1 1
2 0 0 1 1 1 1
2 0 0 1 1 1 1
2 0 0 1 1 1 1
2 0 0 1 1 1 1
3 0 0 1 1 1 1
3 0 0 1 1 1 1
3 0 0 1 1 1 1
3 0 0 1 1 1 1
3 0 0 1 1 1 1
3 0 0 1 1 1 1
3 0 0 1 1 1 1
3 0 0 1 1 1 1
3 0 0 1 1 1 1
3 0 0 1 1 1 1
4 1 1 1 1 1 1
4 1 1 1 1 1 1
4 1 1 1 1 1 1
4 1 1 1 1 1 1
4 1 1 1 1 1 1
4 1 1 1 1 1 1
4 1 1 1 1 1 1
4 1 1 1 1 1 1
4 1 1 1 1 1 1
4 1 1 1 1 1 1
5 1 1 1 1 1 1
5 1 1 1 1 1 1
5 1 1 1 1 1 1
5 1 1 1 1 1 1
5 1 1 1 1 1 1
5 1 1 1 1 1 1
5 1 1 1 1 1 1
5 1 1 1 1 1 1
5 1 1 1 1 1 1
5 1 1 1 1 1 1
6 1 1 1 1 1 1
6 1 1 1 1 1 1
6 1 1 1 1 1 1
6 1 1 1 1 1 1
6 1 1 1 1 1 1
6 1 1 1 1 1 1
6 1 1 1 1 1 1
6 1 1 1 1 1 1
6 1 1 1 1 1 1
6 1 1 1 1 1 1
7 1 1 1 1 1 1
7 1 1 1 1 1 1
7 1 1 1 1 1 1
7 1 1 1 1 1 1
7 1 1 1 1 1 1
7 1 1 1 1 1 1
7 1 1 1 1 1 1
7 1 1 1 1 1 1
7 1 1 1 1 1 1
7 1 1 1 1 1 1
8 1 1 1 1 1 1
8 1 1 1 1 1 1
8 1 1 1 1 1 1
8 1 1 1 1 1 1
8 1 1 1 1 1 1
8 1 1 1 1 1 1
8 1 1 1 1 1 1
8 1 1 1 1 1 1
8 1 1 1 1 1 1
8 1 1 1 1 1 1
9 1 1 1 1 1 1
9 1 1 1 1 1 1
9 1 1 1 1 1 1
9 1 1 1 1 1 1
9 1 1 1 1 1 1
9 1 1 1 1 1 1
9 1 1 1 1 1 1
9 1 1 1 1 1 1
9 1 1 1 1 1 1
9 1 1 1 1 1 1
10 0 0 1 1 1 1
10 0 0 1 1 1 1
10 0 0 1 1 1 1
10 0 0 1 1 1 1
10 0 0 1 1 1 1
10 0 0 1 1 1 1
10 0 0 1 1 1 1
10 0 0 1 1 1 1
10 0 0 1 1 1 1
10 0 0 1 1 1 1
11 0 0 1 1 1 1
11 0 0 1 1 1 1
11 0 0 1 1 1 1
11 0 0 1 1 1 1
11 0 0 1 1 1 1
11 0 0 1 1 1 1
11 0 0 1 1 1 1
11 0 0 1 1 1 1
11 0 0 1 1 1 1
11 0 0 1 1 1 1
12 0 0 1 1 1 1
12 0 0 1 1 1 1
12 0 0 1 1 1 1
12 0 0 1 1 1 1
12 0 0 1 1 1 1
12 0 0 1 1 1 1
12 0 0 1 1 1 1
12 0 0 1 1 1 1
12 0 0 1 1 1 1
12 0 0 1 1 1 1
#INFO-GEN
Namespace(bayType=5, francisco=True, meanPort=15, seed=4527, stdPort=23.56233744134304, target40=3, targetCapacity=50, targetHC=52, targetIMO=5, targetPorts=28, targetReefer=21, targetRelease=77, targetWeight=69)
