28 53 184 12 120 1 10
#POD
1 2 3 4 5 6 7 8 9 10 11 12 13 14 15 16 17 18 19 20 21 22 23 24 25 26 27 28
#LOCATIONS
1
#CONTAINERS_TOLOAD
0 0 0 10635.82 2.59 20 25 0 1 3
0 0 0 3843.47 2.59 20 16 0 1 0
0 0 0 10181.08 2.59 20 20 0 1 3
0 0 0 3935.48 2.59 20 3 0 1 0
0 0 0 7053.66 2.59 20 27 0 1 2
0 0 0 7253.23 2.59 20 24 0 1 4
0 0 0 9400.95 2.59 20 25 0 1 0
0 0 0 5025.86 2.59 20 19 0 1 0
0 0 0 8987.24 2.59 20 26 0 1 0
0 0 0 4563.07 2.59 20 26 0 1 0
0 0 0 9358.37 2.59 20 12 0 1 0
0 0 0 5243.37 2.59 20 12 0 1 0
0 0 0 7545.59 2.59 20 10 0 1 4
0 0 0 7991.24 2.59 20 11 0 1 0
0 0 0 6304.59 2.59 20 27 0 1 0
0 0 0 5658.79 2.59 20 4 0 1 1
0 0 0 7122.96 2.59 20 5 0 1 0
0 0 0 10415.68 2.59 20 25 0 1 0
0 0 0 3837.01 2.59 20 15 0 1 0
0 0 0 6978.29 2.59 20 23 0 1 1
0 0 0 7949.43 2.59 20 9 0 1 0
0 0 0 8011.72 2.59 20 8 0 1 0
0 0 0 5413.98 2.59 20 10 0 1 0
0 0 0 8488.25 2.59 20 14 0 1 1
0 0 0 6989.32 2.59 20 3 0 1 0
0 0 0 5525.71 2.59 20 18 0 1 3
0 0 0 10059.59 2.59 20 16 0 1 0
0 0 0 3856.05 2.59 20 17 0 1 0
0 0 0 9702.20 2.59 20 20 0 1 0
0 0 0 4834.90 2.59 20 9 0 1 1
0 0 0 8065.81 2.59 20 14 0 1 0
0 0 0 6339.87 2.59 20 26 0 1 0
0 0 0 6963.75 2.59 20 25 0 1 0
0 0 0 6541.51 2.59 20 27 0 1 3
0 0 0 7328.12 2.59 20 9 0 1 0
0 0 0 8595.60 2.59 20 27 0 1 3
0 0 0 6567.81 2.59 40 20 0 1 0
0 0 0 7260.16 2.59 40 20 0 1 2
0 0 0 6914.95 2.59 40 5 0 1 0
0 0 0 6931.99 2.59 20 26 0 1 1
0 0 0 7775.83 2.59 20 12 0 1 1
0 0 0 5903.47 2.59 20 19 0 1 0
0 0 0 8389.40 2.59 20 19 0 1 0
0 0 0 5576.55 2.59 20 21 0 1 0
0 0 0 6745.87 2.59 20 24 0 1 0
0 0 0 9613.79 2.59 20 28 0 1 0
0 0 0 3936.32 2.59 20 8 0 1 0
0 0 0 9451.76 2.59 20 26 0 1 0
0 0 0 5820.51 2.59 20 14 0 1 0
0 0 0 6389.42 2.59 20 26 0 1 0
0 0 0 7867.56 2.59 20 13 0 1 1
0 0 0 7946.93 2.59 20 10 0 1 2
0 0 0 4662.10 2.59 20 16 0 1 0
#CONTAINERS_LOADED
2 1 1 7500.00 2.59 20 11 0 1 0
2 1 -1 7500.00 2.59 20 28 0 1 0
2 2 1 7500.00 2.59 20 4 0 1 0
2 2 -1 7500.00 2.59 20 17 0 1 0
3 1 1 7500.00 2.59 20 11 0 1 0
3 1 -1 7500.00 2.59 20 7 0 1 0
3 2 1 7500.00 2.59 20 9 0 1 0
3 2 -1 7500.00 2.59 20 10 0 1 0
3 3 1 7500.00 2.59 20 10 0 1 4
3 3 -1 7500.00 2.59 20 12 0 1 4
3 4 1 7500.00 2.59 20 13 0 1 0
3 4 -1 7500.00 2.59 20 7 0 1 0
3 5 1 7500.00 2.59 20 18 0 1 0
3 5 -1 7500.00 2.59 20 10 0 1 0
3 6 1 7500.00 2.59 20 15 0 1 0
3 6 -1 7500.00 2.59 20 4 0 1 0
3 7 1 7500.00 2.59 20 8 0 1 0
3 7 -1 7500.00 2.59 20 3 0 1 0
3 8 1 7500.00 2.59 20 15 0 1 0
3 8 -1 7500.00 2.59 20 24 0 1 0
3 9 1 7500.00 2.59 20 20 0 1 0
3 9 -1 7500.00 2.59 20 19 0 1 0
3 10 1 7500.00 2.59 20 18 0 1 0
3 10 -1 7500.00 2.59 20 17 0 1 0
4 1 1 7500.00 2.59 20 19 1 1 0
4 1 -1 7500.00 2.59 20 25 1 1 0
4 2 1 7500.00 2.59 20 6 1 1 0
4 2 -1 7500.00 2.59 20 18 1 1 0
4 3 1 7500.00 2.59 20 2 1 1 0
4 3 -1 7500.00 2.59 20 1 1 1 0
4 4 1 7500.00 2.59 20 2 1 1 0
4 4 -1 7500.00 2.59 20 19 1 1 0
4 5 1 7500.00 2.59 20 8 1 1 0
4 5 -1 7500.00 2.59 20 12 1 1 0
4 6 1 7500.00 2.59 20 17 1 1 0
4 6 -1 7500.00 2.59 20 3 1 1 0
4 7 1 7500.00 2.59 20 11 1 1 0
4 7 -1 7500.00 2.59 20 11 1 1 0
4 8 1 7500.00 2.59 20 27 1 1 0
4 8 -1 7500.00 2.59 20 8 1 1 0
4 9 1 7500.00 2.59 20 24 1 1 0
4 9 -1 7500.00 2.59 20 25 1 1 0
4 10 1 7500.00 2.59 20 12 1 1 0
4 10 -1 7500.00 2.59 20 28 1 1 0
5 1 1 7500.00 2.59 20 6 1 1 0
5 1 -1 7500.00 2.59 20 18 1 1 0
5 2 1 7500.00 2.59 20 24 1 1 0
5 2 -1 7500.00 2.59 20 1 1 1 0
5 3 1 7500.00 2.59 20 4 1 1 0
5 3 -1 7500.00 2.59 20 4 1 1 0
5 4 1 7500.00 2.59 20 28 1 1 0
5 4 -1 7500.00 2.59 20 18 1 1 0
5 5 1 7500.00 2.59 20 5 1 1 0
5 5 -1 7500.00 2.59 20 8 1 1 0
5 6 1 7500.00 2.59 20 28 1 1 0
5 6 -1 7500.00 2.59 20 17 1 1 0
5 7 1 7500.00 2.59 20 3 1 1 0
5 7 -1 7500.00 2.59 20 12 1 1 0
5 8 1 7500.00 2.59 20 5 1 1 0
5 8 -1 7500.00 2.59 20 18 1 1 0
5 9 1 7500.00 2.59 20 14 1 1 0
5 9 -1 7500.00 2.59 20 17 1 1 0
5 10 1 7500.00 2.59 20 6 1 1 0
5 10 -1 7500.00 2.59 20 27 1 1 0
6 1 1 7500.00 2.59 20 5 1 1 0
6 1 -1 7500.00 2.59 20 28 1 1 0
6 2 1 7500.00 2.59 20 2 1 1 0
6 2 -1 7500.00 2.59 20 20 1 1 0
6 3 1 7500.00 2.59 20 18 1 1 0
6 3 -1 7500.00 2.59 20 23 1 1 0
6 4 1 7500.00 2.59 20 1 1 1 0
6 4 -1 7500.00 2.59 20 15 1 1 0
6 5 1 7500.00 2.59 20 22 1 1 0
6 5 -1 7500.00 2.59 20 5 1 1 0
6 6 1 7500.00 2.59 20 16 1 1 0
6 6 -1 7500.00 2.59 20 26 1 1 0
6 7 1 7500.00 2.59 20 12 1 1 0
6 7 -1 7500.00 2.59 20 4 1 1 0
6 8 1 7500.00 2.59 20 12 1 1 0
6 8 -1 7500.00 2.59 20 27 1 1 0
6 9 1 7500.00 2.59 20 9 1 1 0
6 9 -1 7500.00 2.59 20 19 1 1 0
6 10 1 7500.00 2.59 20 16 1 1 0
6 10 -1 7500.00 2.59 20 24 1 1 0
7 1 1 7500.00 2.59 20 5 1 1 0
7 1 -1 7500.00 2.59 20 28 1 1 0
7 2 1 7500.00 2.59 20 19 1 1 0
7 2 -1 7500.00 2.59 20 11 1 1 0
7 3 1 7500.00 2.59 20 11 1 1 0
7 3 -1 7500.00 2.59 20 7 1 1 0
7 4 1 7500.00 2.59 20 5 1 1 0
7 4 -1 7500.00 2.59 20 25 1 1 0
7 5 1 7500.00 2.59 20 27 1 1 0
7 5 -1 7500.00 2.59 20 17 1 1 0
7 6 1 7500.00 2.59 20 14 1 1 0
7 6 -1 7500.00 2.59 20 17 1 1 0
7 7 1 7500.00 2.59 20 16 1 1 0
7 7 -1 7500.00 2.59 20 22 1 1 0
7 8 1 7500.00 2.59 20 3 1 1 0
7 8 -1 7500.00 2.59 20 21 1 1 0
7 9 1 7500.00 2.59 20 2 1 1 0
7 9 -1 7500.00 2.59 20 19 1 1 0
7 10 1 7500.00 2.59 20 2 1 1 0
7 10 -1 7500.00 2.59 20 11 1 1 0
8 1 1 7500.00 2.59 20 9 1 1 0
8 1 -1 7500.00 2.59 20 13 1 1 0
8 2 1 7500.00 2.59 20 17 1 1 0
8 2 -1 7500.00 2.59 20 18 1 1 0
8 3 1 7500.00 2.59 20 15 1 1 0
8 3 -1 7500.00 2.59 20 15 1 1 0
8 4 1 7500.00 2.59 20 27 1 1 0
8 4 -1 7500.00 2.59 20 1 1 1 0
8 5 1 7500.00 2.59 20 8 1 1 0
8 5 -1 7500.00 2.59 20 7 1 1 0
8 6 1 7500.00 2.59 20 26 1 1 0
8 6 -1 7500.00 2.59 20 8 1 1 0
8 7 1 7500.00 2.59 20 20 1 1 0
8 7 -1 7500.00 2.59 20 24 1 1 0
8 8 1 7500.00 2.59 20 22 1 1 0
8 8 -1 7500.00 2.59 20 16 1 1 0
8 9 1 7500.00 2.59 20 11 1 1 0
8 9 -1 7500.00 2.59 20 16 1 1 0
8 10 1 7500.00 2.59 20 14 1 1 0
8 10 -1 7500.00 2.59 20 16 1 1 0
9 1 1 7500.00 2.59 20 23 1 1 0
9 1 -1 7500.00 2.59 20 25 1 1 0
9 2 1 7500.00 2.59 20 28 1 1 0
9 2 -1 7500.00 2.59 20 1 1 1 0
9 3 1 7500.00 2.59 20 22 1 1 0
9 3 -1 7500.00 2.59 20 21 1 1 0
9 4 1 7500.00 2.59 20 6 1 1 0
9 4 -1 7500.00 2.59 20 19 1 1 0
9 5 1 7500.00 2.59 20 13 1 1 0
9 5 -1 7500.00 2.59 20 19 1 1 0
9 6 1 7500.00 2.59 20 21 1 1 0
9 6 -1 7500.00 2.59 20 4 1 1 0
9 7 1 7500.00 2.59 20 21 1 1 0
9 7 -1 7500.00 2.59 20 3 1 1 0
9 8 1 7500.00 2.59 20 13 1 1 0
9 8 -1 7500.00 2.59 20 14 1 1 0
9 9 1 7500.00 2.59 20 23 1 1 0
9 9 -1 7500.00 2.59 20 4 1 1 0
9 10 1 7500.00 2.59 20 10 1 1 0
9 10 -1 7500.00 2.59 20 19 1 1 0
10 1 1 7500.00 2.59 20 27 0 1 0
10 1 -1 7500.00 2.59 20 27 0 1 0
10 2 1 7500.00 2.59 20 23 0 1 0
10 2 -1 7500.00 2.59 20 9 0 1 0
10 3 1 7500.00 2.59 20 19 0 1 0
10 3 -1 7500.00 2.59 20 15 0 1 0
10 4 1 7500.00 2.59 20 18 0 1 0
10 4 -1 7500.00 2.59 20 5 0 1 0
10 5 1 7500.00 2.59 20 19 0 1 0
10 5 -1 7500.00 2.59 20 24 0 1 0
10 6 1 7500.00 2.59 20 6 0 1 0
10 6 -1 7500.00 2.59 20 15 0 1 0
10 7 1 7500.00 2.59 20 26 0 1 0
10 7 -1 7500.00 2.59 20 21 0 1 0
10 8 1 7500.00 2.59 20 3 0 1 0
10 8 -1 7500.00 2.59 20 13 0 1 0
10 9 1 7500.00 2.59 20 12 0 1 0
10 9 -1 7500.00 2.59 20 27 0 1 0
10 10 1 7500.00 2.59 20 21 0 1 0
10 10 -1 7500.00 2.59 20 20 0 1 0
11 1 1 7500.00 2.59 20 10 0 1 0
11 1 -1 7500.00 2.59 20 25 0 1 0
11 2 1 7500.00 2.59 20 1 0 1 0
11 2 -1 7500.00 2.59 20 19 0 1 0
11 3 1 7500.00 2.59 20 21 0 1 0
11 3 -1 7500.00 2.59 20 10 0 1 0
11 4 1 7500.00 2.59 20 25 0 1 0
11 4 -1 7500.00 2.59 20 18 0 1 0
11 5 1 7500.00 2.59 20 4 0 1 0
11 5 -1 7500.00 2.59 20 2 0 1 0
11 6 1 7500.00 2.59 20 12 0 1 0
11 6 -1 7500.00 2.59 20 22 0 1 0
11 7 1 7500.00 2.59 20 24 0 1 0
11 7 -1 7500.00 2.59 20 13 0 1 0
11 8 1 7500.00 2.59 20 9 0 1 0
11 8 -1 7500.00 2.59 20 10 0 1 0
11 9 1 7500.00 2.59 20 23 0 1 4
11 9 -1 7500.00 2.59 20 25 0 1 4
11 10 1 7500.00 2.59 20 2 0 1 1
11 10 -1 7500.00 2.59 20 26 0 1 1
#STACKS
150000.00 25.90 1
150000.00 25.90 1
150000.00 25.90 1
150000.00 25.90 1
150000.00 25.90 1
150000.00 25.90 1
150000.00 25.90 1
150000.00 25.90 1
150000.00 25.90 1
150000.00 25.90 1
150000.00 25.90 1
150000.00 25.90 1
#CELLS
1 0 0 1 1 1 1
1 0 0 1 1 1 1
1 0 0 1 1 1 1
1 0 0 1 1 1 1
1 0 0 1 1 1 1
1 0 0 1 1 1 1
1 0 0 1 1 1 1
1 0 0 1 1 1 1
1 0 0 1 1 1 1
1 0 0 1 1 1 1
2 0 0 1 1 1 1
2 0 0 1 1 1 1
2 0 0 1 1 1 1
2 0 0 1 1 1 1
2 0 0 1 1 1 1
2 0 0 1 1 1 1
2 0 0 1 1 1 1
2 0 0 1 1 1 1
2 0 0 1 1 1 1
2 0 0 1 1 1 1
3 0 0 1 1 1 1
3 0 0 1 1 1 1
3 0 0 1 1 1 1
3 0 0 1 1 1 1
3 0 0 1 1 1 1
3 0 0 1 1 1 1
3 0 0 1 1 1 1
3 0 0 1 1 1 1
3 0 0 1 1 1 1
3 0 0 1 1 1 1
4 1 1 1 1 1 1
4 1 1 1 1 1 1
4 1 1 1 1 1 1
4 1 1 1 1 1 1
4 1 1 1 1 1 1
4 1 1 1 1 1 1
4 1 1 1 1 1 1
4 1 1 1 1 1 1
4 1 1 1 1 1 1
4 1 1 1 1 1 1
5 1 1 1 1 1 1
5 1 1 1 1 1 1
5 1 1 1 1 1 1
5 1 1 1 1 1 1
5 1 1 1 1 1 1
5 1 1 1 1 1 1
5 1 1 1 1 1 1
5 1 1 1 1 1 1
5 1 1 1 1 1 1
5 1 1 1 1 1 1
6 1 1 1 1 1 1
6 1 1 1 1 1 1
6 1 1 1 1 1 1
6 1 1 1 1 1 1
6 1 1 1 1 1 1
6 1 1 1 1 1 1
6 1 1 1 1 1 1
6 1 1 1 1 1 1
6 1 1 1 1 1 1
6 1 1 1 1 1 1
7 1 1 1 1 1 1
7 1 1 1 1 1 1
7 1 1 1 1 1 1
7 1 1 1 1 1 1
7 1 1 1 1 1 1
7 1 1 1 1 1 1
7 1 1 1 1 1 1
7 1 1 1 1 1 1
7 1 1 1 1 1 1
7 1 1 1 1 1 1
8 1 1 1 1 1 1
8 1 1 1 1 1 1
8 1 1 1 1 1 1
8 1 1 1 1 1 1
8 1 1 1 1 1 1
8 1 1 1 1 1 1
8 1 1 1 1 1 1
8 1 1 1 1 1 1
8 1 1 1 1 1 1
8 1 1 1 1 1 1
9 1 1 1 1 1 1
9 1 1 1 1 1 1
9 1 1 1 1 1 1
9 1 1 1 1 1 1
9 1 1 1 1 1 1
9 1 1 1 1 1 1
9 1 1 1 1 1 1
9 1 1 1 1 1 1
9 1 1 1 1 1 1
9 1 1 1 1 1 1
10 0 0 1 1 1 1
10 0 0 1 1 1 1
10 0 0 1 1 1 1
10 0 0 1 1 1 1
10 0 0 1 1 1 1
10 0 0 1 1 1 1
10 0 0 1 1 1 1
10 0 0 1 1 1 1
10 0 0 1 1 1 1
10 0 0 1 1 1 1
11 0 0 1 1 1 1
11 0 0 1 1 1 1
11 0 0 1 1 1 1
11 0 0 1 1 1 1
11 0 0 1 1 1 1
11 0 0 1 1 1 1
11 0 0 1 1 1 1
11 0 0 1 1 1 1
11 0 0 1 1 1 1
11 0 0 1 1 1 1
12 0 0 1 1 1 1
12 0 0 1 1 1 1
12 0 0 1 1 1 1
12 0 0 1 1 1 1
12 0 0 1 1 1 1
12 0 0 1 1 1 1
12 0 0 1 1 1 1
12 0 0 1 1 1 1
12 0 0 1 1 1 1
12 0 0 1 1 1 1
#INFO-GEN
Namespace(bayType=5, francisco=True, meanPort=15, seed=4527, stdPort=23.56233744134304, target40=3, targetCapacity=100, targetHC=52, targetIMO=5, targetPorts=28, targetReefer=21, targetRelease=77, targetWeight=89)
