7 44 22 9 72 1 8
#POD
1 2 3 4 5 6 7
#LOCATIONS
1
#CONTAINERS_TOLOAD
0 0 0 9979.84 2.59 20 3 0 1 3
0 0 0 14440.76 2.59 20 4 0 1 2
0 0 0 4345.73 2.59 20 2 0 1 0
0 0 0 9281.83 2.59 20 2 0 1 0
0 0 0 14025.29 2.59 20 3 0 1 1
0 0 0 4643.31 2.59 20 3 0 1 1
0 0 0 13293.47 2.59 20 5 0 1 1
0 0 0 6010.97 2.59 20 2 0 1 0
0 0 0 10601.96 2.59 20 4 0 1 0
0 0 0 10038.20 2.59 20 5 0 1 0
0 0 0 7708.17 2.59 20 2 1 1 0
0 0 0 11880.74 2.59 20 3 1 1 0
0 0 0 7089.16 2.59 20 2 1 1 0
0 0 0 9451.06 2.59 20 7 1 1 0
0 0 0 8351.59 2.59 20 4 1 1 0
0 0 0 12696.08 2.59 20 6 1 1 0
0 0 0 5719.06 2.59 20 7 0 1 0
0 0 0 10182.25 2.59 20 1 0 1 0
0 0 0 10293.86 2.59 20 3 0 1 0
0 0 0 9633.33 2.59 20 5 0 1 0
0 0 0 7956.35 2.59 20 5 0 1 0
0 0 0 12634.64 2.59 20 6 0 1 0
0 0 0 7059.16 2.59 20 3 0 1 0
0 0 0 9130.29 2.59 20 6 0 1 0
0 0 0 12673.52 2.59 20 3 0 1 0
0 0 0 5398.69 2.59 20 1 0 1 0
0 0 0 12261.89 2.59 40 5 0 1 2
0 0 0 6735.77 2.59 40 3 0 1 1
0 0 0 10798.42 2.59 40 2 0 1 0
0 0 0 9866.82 2.59 40 5 0 1 0
0 0 0 6655.14 2.90 40 6 0 1 0
0 0 0 14161.81 2.59 20 2 0 1 0
0 0 0 4797.76 2.59 20 2 0 1 0
0 0 0 9299.98 2.59 20 1 1 1 0
0 0 0 12724.71 2.59 20 2 1 1 0
0 0 0 7295.09 2.59 20 7 1 1 0
0 0 0 12254.81 2.59 20 4 1 1 4
0 0 0 4968.58 2.90 40 2 0 1 0
0 0 0 12024.78 2.59 40 4 0 1 1
0 0 0 8406.15 2.59 40 1 0 1 1
0 0 0 10816.85 2.90 40 4 0 1 1
0 0 0 6850.93 2.59 40 2 0 1 3
0 0 0 10189.26 2.90 40 7 1 1 0
0 0 0 7871.95 2.59 40 6 1 1 0
#CONTAINERS_LOADED
4 1 1 7500.00 2.59 20 4 1 1 0
4 1 -1 7500.00 2.59 20 5 1 1 0
4 2 1 7500.00 2.59 20 7 1 1 0
4 2 -1 7500.00 2.59 20 7 1 1 0
4 3 1 7500.00 2.59 20 6 1 1 0
4 3 -1 7500.00 2.59 20 7 1 1 0
5 1 1 7500.00 2.59 20 5 1 1 0
5 1 -1 7500.00 2.59 20 6 1 1 0
5 2 1 7500.00 2.59 20 3 1 1 0
5 2 -1 7500.00 2.59 20 3 1 1 0
5 3 1 7500.00 2.59 20 4 1 1 1
5 3 -1 7500.00 2.59 20 1 1 1 1
5 4 1 7500.00 2.59 20 2 1 1 0
5 4 -1 7500.00 2.59 20 5 1 1 0
5 5 1 7500.00 2.59 20 3 1 1 4
5 5 -1 7500.00 2.59 20 2 1 1 4
5 6 1 7500.00 2.59 20 4 1 1 0
5 6 -1 7500.00 2.59 20 5 1 1 0
5 7 1 7500.00 2.59 20 5 1 1 0
5 7 -1 7500.00 2.59 20 3 1 1 0
5 8 1 7500.00 2.59 20 1 0 1 0
5 8 -1 7500.00 2.59 20 6 0 1 0
#STACKS
90000.00 15.54 1
105000.00 18.13 1
120000.00 20.72 1
120000.00 20.72 1
120000.00 20.72 1
120000.00 20.72 1
120000.00 20.72 1
105000.00 18.13 1
90000.00 15.54 1
#CELLS
1 0 0 0 0 0 1
1 0 0 0 0 0 1
1 0 0 1 1 1 1
1 0 0 1 1 1 1
1 0 0 1 1 1 1
1 0 0 1 1 1 1
1 0 0 1 1 1 1
1 0 0 1 1 1 1
2 0 0 0 0 0 1
2 0 1 1 1 1 1
2 0 1 1 1 1 1
2 0 1 1 1 1 1
2 0 1 1 1 1 1
2 0 1 1 1 1 1
2 0 1 1 1 1 1
2 0 0 1 1 1 1
3 1 1 1 1 1 1
3 1 1 1 1 1 1
3 1 1 1 1 1 1
3 1 1 1 1 1 1
3 1 1 1 1 1 1
3 1 1 1 1 1 1
3 1 1 1 1 1 1
3 0 0 1 1 1 1
4 1 1 1 1 1 1
4 1 1 1 1 1 1
4 1 1 1 1 1 1
4 1 1 1 1 1 1
4 1 1 1 1 1 1
4 1 1 1 1 1 1
4 1 1 1 1 1 1
4 0 0 1 1 1 1
5 1 1 1 1 1 1
5 1 1 1 1 1 1
5 1 1 1 1 1 1
5 1 1 1 1 1 1
5 1 1 1 1 1 1
5 1 1 1 1 1 1
5 1 1 1 1 1 1
5 0 0 1 1 1 1
6 1 1 1 1 1 1
6 1 1 1 1 1 1
6 1 1 1 1 1 1
6 1 1 1 1 1 1
6 1 1 1 1 1 1
6 1 1 1 1 1 1
6 1 1 1 1 1 1
6 0 0 1 1 1 1
7 1 1 1 1 1 1
7 1 1 1 1 1 1
7 1 1 1 1 1 1
7 1 1 1 1 1 1
7 1 1 1 1 1 1
7 1 1 1 1 1 1
7 1 1 1 1 1 1
7 0 0 1 1 1 1
8 0 0 0 0 0 1
8 0 1 1 1 1 1
8 0 1 1 1 1 1
8 0 1 1 1 1 1
8 0 1 1 1 1 1
8 0 1 1 1 1 1
8 0 1 1 1 1 1
8 0 0 1 1 1 1
9 0 0 0 0 0 1
9 0 0 0 0 0 1
9 0 0 1 1 1 1
9 0 0 1 1 1 1
9 0 0 1 1 1 1
9 0 0 1 1 1 1
9 0 0 1 1 1 1
9 0 0 1 1 1 1
#INFO-GEN
Namespace(bayType=3, francisco=True, meanPort=6, seed=2344, stdPort=5.201965974440161, target40=31, targetCapacity=60, targetHC=21, targetIMO=18, targetPorts=7, targetReefer=30, targetRelease=30, targetWeight=50)
