7 52 26 9 72 1 8
#POD
1 2 3 4 5 6 7
#LOCATIONS
1
#CONTAINERS_TOLOAD
0 0 0 12269.23 2.59 20 3 0 1 0
0 0 0 18193.33 2.59 20 3 0 1 0
0 0 0 4787.12 2.59 20 5 0 1 0
0 0 0 11342.27 2.59 20 2 0 1 0
0 0 0 17641.59 2.59 20 4 0 1 0
0 0 0 5182.31 2.59 20 5 0 1 0
0 0 0 16669.73 2.59 20 2 0 1 0
0 0 0 6998.57 2.59 20 3 0 1 0
0 0 0 13095.40 2.59 20 2 1 1 0
0 0 0 12346.74 2.59 20 7 0 1 0
0 0 0 9252.44 2.59 20 4 1 1 0
0 0 0 14793.62 2.59 20 6 0 1 0
0 0 0 8430.41 2.59 20 7 0 1 0
0 0 0 11567.00 2.59 20 1 0 1 0
0 0 0 10106.91 2.59 20 3 0 1 0
0 0 0 15876.39 2.59 20 5 0 1 0
0 0 0 6610.91 2.59 20 5 0 1 0
0 0 0 12538.03 2.59 20 6 0 1 0
0 0 0 12686.25 2.59 20 3 0 1 0
0 0 0 11809.06 2.59 20 6 0 1 0
0 0 0 9582.03 2.59 20 3 0 1 0
0 0 0 15794.80 2.59 20 1 0 1 0
0 0 0 8390.57 2.59 20 5 0 1 0
0 0 0 11141.03 2.59 20 3 0 1 0
0 0 0 15846.43 2.59 20 2 1 1 0
0 0 0 6185.47 2.59 20 5 1 1 0
0 0 0 15299.79 2.59 20 6 1 1 0
0 0 0 7961.10 2.59 20 2 1 1 0
0 0 0 13356.30 2.59 20 2 0 1 0
0 0 0 12119.14 2.59 20 1 0 1 0
0 0 0 7854.02 2.59 20 2 0 1 0
0 0 0 17822.88 2.59 20 7 0 1 0
0 0 0 5387.43 2.59 20 4 0 1 0
0 0 0 11366.37 2.59 20 2 0 1 0
0 0 0 15914.42 2.59 40 4 0 1 0
0 0 0 8703.87 2.59 40 1 0 1 0
0 0 0 15290.38 2.59 40 4 0 1 0
0 0 0 5614.27 2.59 40 2 0 1 0
0 0 0 14984.90 2.59 40 7 0 1 0
0 0 0 10179.37 2.59 40 6 0 1 0
0 0 0 13380.78 2.59 20 4 1 1 0
0 0 0 8114.04 2.59 20 5 1 1 0
0 0 0 12547.33 2.59 20 7 1 1 0
0 0 0 14940.32 2.59 20 7 1 1 0
0 0 0 6976.23 2.59 40 6 0 1 0
0 0 0 13957.38 2.59 40 7 0 1 1
0 0 0 11880.87 2.59 40 5 0 1 4
0 0 0 8625.67 2.90 40 6 0 1 0
0 0 0 12098.84 2.59 40 3 0 1 0
0 0 0 14001.01 2.59 40 3 0 1 0
0 0 0 8432.11 2.59 40 4 1 1 0
0 0 0 10285.52 2.59 40 1 1 1 0
#CONTAINERS_LOADED
4 1 1 7500.00 2.59 20 2 1 1 0
4 1 -1 7500.00 2.59 20 5 1 1 0
4 2 1 7500.00 2.59 20 3 1 1 0
4 2 -1 7500.00 2.59 20 2 1 1 0
4 3 1 7500.00 2.59 20 4 1 1 0
4 3 -1 7500.00 2.59 20 5 1 1 0
4 4 1 7500.00 2.59 20 5 1 1 0
4 4 -1 7500.00 2.59 20 3 1 1 0
4 5 1 7500.00 2.59 20 1 1 1 0
4 5 -1 7500.00 2.59 20 6 1 1 0
5 1 1 7500.00 2.59 20 5 1 1 0
5 1 -1 7500.00 2.59 20 6 1 1 0
5 2 1 7500.00 2.59 20 1 1 1 0
5 2 -1 7500.00 2.59 20 4 1 1 0
5 3 1 7500.00 2.59 20 3 1 1 0
5 3 -1 7500.00 2.59 20 6 1 1 0
5 4 1 7500.00 2.59 20 6 1 1 0
5 4 -1 7500.00 2.59 20 6 1 1 0
5 5 1 7500.00 2.59 20 5 1 1 3
5 5 -1 7500.00 2.59 20 6 1 1 3
5 6 1 7500.00 2.59 20 6 1 1 0
5 6 -1 7500.00 2.59 20 6 1 1 0
5 7 1 7500.00 2.59 20 5 1 1 4
5 7 -1 7500.00 2.59 20 6 1 1 4
5 8 1 7500.00 2.59 20 7 0 1 0
5 8 -1 7500.00 2.59 20 5 0 1 0
#STACKS
90000.00 15.54 1
105000.00 18.13 1
120000.00 20.72 1
120000.00 20.72 1
120000.00 20.72 1
120000.00 20.72 1
120000.00 20.72 1
105000.00 18.13 1
90000.00 15.54 1
#CELLS
1 0 0 0 0 0 1
1 0 0 0 0 0 1
1 0 0 1 1 1 1
1 0 0 1 1 1 1
1 0 0 1 1 1 1
1 0 0 1 1 1 1
1 0 0 1 1 1 1
1 0 0 1 1 1 1
2 0 0 0 0 0 1
2 0 1 1 1 1 1
2 0 1 1 1 1 1
2 0 1 1 1 1 1
2 0 1 1 1 1 1
2 0 1 1 1 1 1
2 0 1 1 1 1 1
2 0 0 1 1 1 1
3 1 1 1 1 1 1
3 1 1 1 1 1 1
3 1 1 1 1 1 1
3 1 1 1 1 1 1
3 1 1 1 1 1 1
3 1 1 1 1 1 1
3 1 1 1 1 1 1
3 0 0 1 1 1 1
4 1 1 1 1 1 1
4 1 1 1 1 1 1
4 1 1 1 1 1 1
4 1 1 1 1 1 1
4 1 1 1 1 1 1
4 1 1 1 1 1 1
4 1 1 1 1 1 1
4 0 0 1 1 1 1
5 1 1 1 1 1 1
5 1 1 1 1 1 1
5 1 1 1 1 1 1
5 1 1 1 1 1 1
5 1 1 1 1 1 1
5 1 1 1 1 1 1
5 1 1 1 1 1 1
5 0 0 1 1 1 1
6 1 1 1 1 1 1
6 1 1 1 1 1 1
6 1 1 1 1 1 1
6 1 1 1 1 1 1
6 1 1 1 1 1 1
6 1 1 1 1 1 1
6 1 1 1 1 1 1
6 0 0 1 1 1 1
7 1 1 1 1 1 1
7 1 1 1 1 1 1
7 1 1 1 1 1 1
7 1 1 1 1 1 1
7 1 1 1 1 1 1
7 1 1 1 1 1 1
7 1 1 1 1 1 1
7 0 0 1 1 1 1
8 0 0 0 0 0 1
8 0 1 1 1 1 1
8 0 1 1 1 1 1
8 0 1 1 1 1 1
8 0 1 1 1 1 1
8 0 1 1 1 1 1
8 0 1 1 1 1 1
8 0 0 1 1 1 1
9 0 0 0 0 0 1
9 0 0 0 0 0 1
9 0 0 1 1 1 1
9 0 0 1 1 1 1
9 0 0 1 1 1 1
9 0 0 1 1 1 1
9 0 0 1 1 1 1
9 0 0 1 1 1 1
#INFO-GEN
Namespace(bayType=3, francisco=True, meanPort=6, seed=2344, stdPort=5.201965974440161, target40=31, targetCapacity=70, targetHC=21, targetIMO=18, targetPorts=7, targetReefer=30, targetRelease=30, targetWeight=75)
