7 60 28 9 72 1 8
#POD
1 2 3 4 5 6 7
#LOCATIONS
1
#CONTAINERS_TOLOAD
0 0 0 13948.77 2.59 20 5 0 1 0
0 0 0 20946.29 2.59 20 2 0 1 1
0 0 0 5110.94 2.59 20 3 0 1 1
0 0 0 12853.85 2.59 20 2 0 1 1
0 0 0 20294.58 2.59 20 7 0 1 0
0 0 0 5577.73 2.59 20 4 0 1 2
0 0 0 19146.62 2.59 20 6 0 1 1
0 0 0 7723.10 2.59 20 7 0 1 3
0 0 0 14924.64 2.59 20 1 0 1 1
0 0 0 14040.32 2.59 20 3 0 1 1
0 0 0 10385.36 2.59 20 5 1 1 1
0 0 0 16930.57 2.59 20 5 0 1 2
0 0 0 9414.37 2.59 20 6 1 1 4
0 0 0 13119.30 2.59 20 3 0 1 0
0 0 0 11394.65 2.59 20 6 0 1 4
0 0 0 18209.54 2.59 20 3 0 1 4
0 0 0 7265.18 2.59 20 1 0 1 2
0 0 0 14266.28 2.59 20 5 0 1 4
0 0 0 14441.36 2.59 20 3 0 1 2
0 0 0 13405.22 2.59 20 2 0 1 4
0 0 0 10774.66 2.59 20 5 0 1 2
0 0 0 18113.16 2.59 20 6 0 1 4
0 0 0 9367.31 2.59 20 2 0 1 0
0 0 0 12616.14 2.59 20 2 0 1 0
0 0 0 18174.14 2.59 20 1 0 1 1
0 0 0 6762.66 2.59 20 2 0 1 1
0 0 0 17528.46 2.59 20 7 1 1 1
0 0 0 8860.03 2.59 20 4 1 1 1
0 0 0 15232.81 2.59 20 2 1 1 1
0 0 0 13771.49 2.59 20 4 1 1 0
0 0 0 8733.55 2.59 20 1 0 1 2
0 0 0 20508.72 2.59 20 4 0 1 1
0 0 0 5820.02 2.59 20 2 0 1 1
0 0 0 12882.32 2.59 20 7 0 1 4
0 0 0 18254.45 2.90 40 6 0 1 0
0 0 0 9737.39 2.59 40 4 0 1 0
0 0 0 17517.34 2.90 40 5 0 1 0
0 0 0 6087.97 2.59 20 7 0 1 3
0 0 0 17156.51 2.59 20 7 0 1 4
0 0 0 11480.24 2.59 20 6 0 1 0
0 0 0 15261.73 2.59 20 7 0 1 2
0 0 0 9040.68 2.59 20 5 0 1 1
0 0 0 14277.27 2.59 20 6 0 1 4
0 0 0 17103.86 2.59 20 3 1 1 0
0 0 0 7696.71 2.59 20 3 1 1 1
0 0 0 15942.80 2.59 20 4 1 1 1
0 0 0 13490.04 2.59 20 1 1 1 4
0 0 0 9645.02 2.59 40 2 0 1 3
0 0 0 13747.51 2.59 40 5 0 1 4
0 0 0 15994.34 2.59 40 3 0 1 4
0 0 0 9416.38 2.59 40 2 0 1 4
0 0 0 13622.92 2.59 40 4 0 1 2
0 0 0 12114.35 2.59 40 5 0 1 0
0 0 0 12368.06 2.90 40 5 1 1 3
0 0 0 16531.42 2.90 40 3 1 1 4
0 0 0 9818.57 2.59 40 1 0 1 2
0 0 0 15964.12 2.59 40 6 0 1 4
0 0 0 9632.55 2.59 40 5 0 1 4
0 0 0 21277.97 2.59 40 6 0 1 2
0 0 0 4275.66 2.59 40 1 1 1 4
#CONTAINERS_LOADED
4 1 1 7500.00 2.59 20 4 1 1 0
4 1 -1 7500.00 2.59 20 3 1 1 0
4 2 1 7500.00 2.59 20 6 1 1 0
4 2 -1 7500.00 2.59 20 6 1 1 0
4 3 1 7500.00 2.59 20 6 1 1 0
4 3 -1 7500.00 2.59 20 5 1 1 0
4 4 1 7500.00 2.59 20 6 1 1 0
4 4 -1 7500.00 2.59 20 6 1 1 0
4 5 1 7500.00 2.59 20 6 1 1 0
4 5 -1 7500.00 2.59 20 5 1 1 0
4 6 1 7500.00 2.59 20 6 1 1 0
4 6 -1 7500.00 2.59 20 7 1 1 0
5 1 1 7500.00 2.59 20 5 1 1 0
5 1 -1 7500.00 2.59 20 4 1 1 0
5 2 1 7500.00 2.59 20 1 1 1 3
5 2 -1 7500.00 2.59 20 6 1 1 3
5 3 1 7500.00 2.59 20 1 1 1 0
5 3 -1 7500.00 2.59 20 5 1 1 0
5 4 1 7500.00 2.59 20 4 1 1 3
5 4 -1 7500.00 2.59 20 1 1 1 3
5 5 1 7500.00 2.59 20 4 1 1 0
5 5 -1 7500.00 2.59 20 2 1 1 0
5 6 1 7500.00 2.59 20 4 1 1 0
5 6 -1 7500.00 2.59 20 7 1 1 0
5 7 1 7500.00 2.59 20 1 1 1 0
5 7 -1 7500.00 2.59 20 4 1 1 0
5 8 1 7500.00 2.59 20 5 0 1 0
5 8 -1 7500.00 2.59 20 2 0 1 0
#STACKS
90000.00 15.54 1
105000.00 18.13 1
120000.00 20.72 1
120000.00 20.72 1
120000.00 20.72 1
120000.00 20.72 1
120000.00 20.72 1
105000.00 18.13 1
90000.00 15.54 1
#CELLS
1 0 0 0 0 0 1
1 0 0 0 0 0 1
1 0 0 1 1 1 1
1 0 0 1 1 1 1
1 0 0 1 1 1 1
1 0 0 1 1 1 1
1 0 0 1 1 1 1
1 0 0 1 1 1 1
2 0 0 0 0 0 1
2 0 1 1 1 1 1
2 0 1 1 1 1 1
2 0 1 1 1 1 1
2 0 1 1 1 1 1
2 0 1 1 1 1 1
2 0 1 1 1 1 1
2 0 0 1 1 1 1
3 1 1 1 1 1 1
3 1 1 1 1 1 1
3 1 1 1 1 1 1
3 1 1 1 1 1 1
3 1 1 1 1 1 1
3 1 1 1 1 1 1
3 1 1 1 1 1 1
3 0 0 1 1 1 1
4 1 1 1 1 1 1
4 1 1 1 1 1 1
4 1 1 1 1 1 1
4 1 1 1 1 1 1
4 1 1 1 1 1 1
4 1 1 1 1 1 1
4 1 1 1 1 1 1
4 0 0 1 1 1 1
5 1 1 1 1 1 1
5 1 1 1 1 1 1
5 1 1 1 1 1 1
5 1 1 1 1 1 1
5 1 1 1 1 1 1
5 1 1 1 1 1 1
5 1 1 1 1 1 1
5 0 0 1 1 1 1
6 1 1 1 1 1 1
6 1 1 1 1 1 1
6 1 1 1 1 1 1
6 1 1 1 1 1 1
6 1 1 1 1 1 1
6 1 1 1 1 1 1
6 1 1 1 1 1 1
6 0 0 1 1 1 1
7 1 1 1 1 1 1
7 1 1 1 1 1 1
7 1 1 1 1 1 1
7 1 1 1 1 1 1
7 1 1 1 1 1 1
7 1 1 1 1 1 1
7 1 1 1 1 1 1
7 0 0 1 1 1 1
8 0 0 0 0 0 1
8 0 1 1 1 1 1
8 0 1 1 1 1 1
8 0 1 1 1 1 1
8 0 1 1 1 1 1
8 0 1 1 1 1 1
8 0 1 1 1 1 1
8 0 0 1 1 1 1
9 0 0 0 0 0 1
9 0 0 0 0 0 1
9 0 0 1 1 1 1
9 0 0 1 1 1 1
9 0 0 1 1 1 1
9 0 0 1 1 1 1
9 0 0 1 1 1 1
9 0 0 1 1 1 1
#INFO-GEN
Namespace(bayType=3, francisco=True, meanPort=6, seed=2344, stdPort=5.201965974440161, target40=31, targetCapacity=80, targetHC=21, targetIMO=18, targetPorts=7, targetReefer=30, targetRelease=30, targetWeight=100)
