6 60 56 11 88 1 8
#POD
1 2 3 4 5 6
#LOCATIONS
1
#CONTAINERS_TOLOAD
0 0 0 7851.76 2.59 20 3 0 1 0
0 0 0 9696.26 2.59 20 1 0 1 0
0 0 0 4273.09 2.59 20 3 0 1 4
0 0 0 7809.80 2.59 20 6 0 1 3
0 0 0 7964.82 2.59 20 3 0 1 0
0 0 0 8655.38 2.59 20 2 0 1 0
0 0 0 4686.81 2.59 20 1 1 1 2
0 0 0 11108.27 2.59 20 3 1 1 1
0 0 0 3278.57 2.59 20 1 1 1 3
0 0 0 10514.20 2.59 20 3 1 1 0
0 0 0 4022.86 2.59 20 4 1 1 0
0 0 0 11158.65 2.59 20 2 1 1 0
0 0 0 3406.86 2.59 20 4 1 1 0
0 0 0 11093.00 2.59 20 3 1 1 0
0 0 0 3358.34 2.59 20 2 1 1 0
0 0 0 9262.81 2.59 20 3 1 1 0
0 0 0 5597.83 2.59 20 1 0 1 0
0 0 0 10430.67 2.59 20 2 0 1 0
0 0 0 3844.83 2.59 20 2 0 1 4
0 0 0 7499.26 2.59 20 2 0 1 4
0 0 0 7539.52 2.59 20 4 0 1 4
0 0 0 9842.08 2.59 20 2 0 1 4
0 0 0 4511.50 2.59 20 2 1 1 0
0 0 0 7568.18 2.59 20 4 1 1 0
0 0 0 9447.97 2.59 20 4 1 1 0
0 0 0 4457.28 2.59 20 2 1 1 0
0 0 0 7188.13 2.59 20 2 1 1 0
0 0 0 10857.89 2.59 20 2 1 1 0
0 0 0 3329.74 2.59 20 3 1 1 0
0 0 0 10905.36 2.59 20 2 1 1 0
0 0 0 3711.52 2.59 20 1 1 1 0
0 0 0 10772.45 2.59 20 2 1 1 0
0 0 0 4033.55 2.59 20 5 0 1 0
0 0 0 7968.16 2.59 20 1 0 1 0
0 0 0 8717.38 2.59 20 1 0 1 1
0 0 0 5039.07 2.59 20 3 0 1 0
0 0 0 7903.04 2.59 20 3 0 1 0
0 0 0 6596.38 2.59 20 2 0 1 2
0 0 0 8814.28 2.59 20 3 0 1 1
0 0 0 6793.28 2.59 20 1 0 1 0
0 0 0 6864.18 2.59 40 5 0 1 0
0 0 0 8177.65 2.59 40 3 0 1 0
0 0 0 5221.27 2.90 40 1 0 1 3
0 0 0 9295.73 2.90 40 4 0 1 2
0 0 0 6882.47 2.59 40 3 1 1 0
0 0 0 6880.73 2.59 20 3 1 1 0
0 0 0 6857.99 2.59 20 2 1 1 4
0 0 0 6903.49 2.59 20 3 1 1 0
0 0 0 6706.66 2.59 20 2 1 1 3
0 0 0 7555.15 2.59 20 2 1 1 0
0 0 0 9266.30 2.59 20 3 1 1 2
0 0 0 5987.88 2.59 40 3 0 1 0
0 0 0 8346.42 2.90 40 2 0 1 0
0 0 0 6120.53 2.59 40 5 0 1 1
0 0 0 9251.00 2.90 40 3 0 1 4
0 0 0 4772.58 2.90 40 4 1 1 1
0 0 0 7130.09 2.90 40 3 1 1 1
0 0 0 8620.96 2.59 40 1 1 1 1
0 0 0 5585.18 2.59 40 1 1 1 1
0 0 0 7062.89 2.59 40 1 1 1 2
#CONTAINERS_LOADED
4 1 1 7500.00 2.59 20 3 1 1 0
4 1 -1 7500.00 2.59 20 2 1 1 0
4 2 1 7500.00 2.59 20 2 1 1 0
4 2 -1 7500.00 2.59 20 4 1 1 0
4 3 1 7500.00 2.59 20 3 1 1 0
4 3 -1 7500.00 2.59 20 3 1 1 0
4 4 1 7500.00 2.59 20 3 1 1 0
4 4 -1 7500.00 2.59 20 3 1 1 0
5 1 1 7500.00 2.59 20 1 1 1 0
5 1 -1 7500.00 2.59 20 2 1 1 0
5 2 1 7500.00 2.59 20 2 1 1 0
5 2 -1 7500.00 2.59 20 3 1 1 0
5 3 1 7500.00 2.59 20 2 1 1 0
5 3 -1 7500.00 2.59 20 3 1 1 0
5 4 1 7500.00 2.59 20 4 1 1 0
5 4 -1 7500.00 2.59 20 4 1 1 0
5 5 1 7500.00 2.59 20 5 1 1 0
5 5 -1 7500.00 2.59 20 3 1 1 0
5 6 1 7500.00 2.59 20 3 0 1 1
5 6 -1 7500.00 2.59 20 3 0 1 1
5 7 1 7500.00 2.59 20 2 0 1 0
5 7 -1 7500.00 2.59 20 1 0 1 0
5 8 1 7500.00 2.59 20 2 0 1 0
5 8 -1 7500.00 2.59 20 2 0 1 0
6 1 1 7500.00 2.59 20 1 1 1 0
6 1 -1 7500.00 2.59 20 1 1 1 0
6 2 1 7500.00 2.59 20 3 1 1 0
6 2 -1 7500.00 2.59 20 2 1 1 0
6 3 1 7500.00 2.59 20 2 1 1 0
6 3 -1 7500.00 2.59 20 1 1 1 0
6 4 1 7500.00 2.59 20 4 1 1 0
6 4 -1 7500.00 2.59 20 6 1 1 0
6 5 1 7500.00 2.59 20 3 1 1 0
6 5 -1 7500.00 2.59 20 1 1 1 0
6 6 1 7500.00 2.59 20 5 0 1 0
6 6 -1 7500.00 2.59 20 3 0 1 0
6 7 1 7500.00 2.59 20 5 0 1 0
6 7 -1 7500.00 2.59 20 3 0 1 0
6 8 1 7500.00 2.59 20 1 0 1 0
6 8 -1 7500.00 2.59 20 3 0 1 0
7 1 1 7500.00 2.59 20 3 1 1 0
7 1 -1 7500.00 2.59 20 2 1 1 0
7 2 1 7500.00 2.59 20 1 1 1 0
7 2 -1 7500.00 2.59 20 2 1 1 0
7 3 1 7500.00 2.59 20 1 1 1 0
7 3 -1 7500.00 2.59 20 3 1 1 0
7 4 1 7500.00 2.59 20 3 1 1 1
7 4 -1 7500.00 2.59 20 2 1 1 1
7 5 1 7500.00 2.59 20 3 1 1 1
7 5 -1 7500.00 2.59 20 4 1 1 1
7 6 1 7500.00 2.59 20 2 0 1 1
7 6 -1 7500.00 2.59 20 4 0 1 1
7 7 1 7500.00 2.59 20 1 0 1 0
7 7 -1 7500.00 2.59 20 3 0 1 0
7 8 1 7500.00 2.59 20 1 0 1 0
7 8 -1 7500.00 2.59 20 2 0 1 0
#STACKS
105000.00 18.13 1
120000.00 20.72 1
120000.00 20.72 1
120000.00 20.72 1
120000.00 20.72 1
120000.00 20.72 1
120000.00 20.72 1
120000.00 20.72 1
120000.00 20.72 1
120000.00 20.72 1
105000.00 18.13 1
#CELLS
1 0 0 0 0 0 1
1 1 1 1 1 1 1
1 1 1 1 1 1 1
1 1 1 1 1 1 1
1 1 1 1 1 1 1
1 0 0 1 1 1 1
1 0 0 1 1 1 1
1 0 0 1 1 1 1
2 1 1 1 1 1 1
2 1 1 1 1 1 1
2 1 1 1 1 1 1
2 1 1 1 1 1 1
2 1 1 1 1 1 1
2 0 0 1 1 1 1
2 0 0 1 1 1 1
2 0 0 1 1 1 1
3 1 1 1 1 1 1
3 1 1 1 1 1 1
3 1 1 1 1 1 1
3 1 1 1 1 1 1
3 1 1 1 1 1 1
3 0 0 1 1 1 1
3 0 0 1 1 1 1
3 0 0 1 1 1 1
4 1 1 1 1 1 1
4 1 1 1 1 1 1
4 1 1 1 1 1 1
4 1 1 1 1 1 1
4 1 1 1 1 1 1
4 0 0 1 1 1 1
4 0 0 1 1 1 1
4 0 0 1 1 1 1
5 1 1 1 1 1 1
5 1 1 1 1 1 1
5 1 1 1 1 1 1
5 1 1 1 1 1 1
5 1 1 1 1 1 1
5 0 0 1 1 1 1
5 0 0 1 1 1 1
5 0 0 1 1 1 1
6 1 1 1 1 1 1
6 1 1 1 1 1 1
6 1 1 1 1 1 1
6 1 1 1 1 1 1
6 1 1 1 1 1 1
6 0 0 1 1 1 1
6 0 0 1 1 1 1
6 0 0 1 1 1 1
7 1 1 1 1 1 1
7 1 1 1 1 1 1
7 1 1 1 1 1 1
7 1 1 1 1 1 1
7 1 1 1 1 1 1
7 0 0 1 1 1 1
7 0 0 1 1 1 1
7 0 0 1 1 1 1
8 1 1 1 1 1 1
8 1 1 1 1 1 1
8 1 1 1 1 1 1
8 1 1 1 1 1 1
8 1 1 1 1 1 1
8 0 0 1 1 1 1
8 0 0 1 1 1 1
8 0 0 1 1 1 1
9 1 1 1 1 1 1
9 1 1 1 1 1 1
9 1 1 1 1 1 1
9 1 1 1 1 1 1
9 1 1 1 1 1 1
9 0 0 1 1 1 1
9 0 0 1 1 1 1
9 0 0 1 1 1 1
10 1 1 1 1 1 1
10 1 1 1 1 1 1
10 1 1 1 1 1 1
10 1 1 1 1 1 1
10 1 1 1 1 1 1
10 0 0 1 1 1 1
10 0 0 1 1 1 1
10 0 0 1 1 1 1
11 0 0 0 0 0 1
11 1 1 1 1 1 1
11 1 1 1 1 1 1
11 1 1 1 1 1 1
11 1 1 1 1 1 1
11 0 0 1 1 1 1
11 0 0 1 1 1 1
11 0 0 1 1 1 1
#INFO-GEN
Namespace(bayType=4, francisco=True, meanPort=3, seed=6927, stdPort=1.2414811390692533, target40=23, targetCapacity=76, targetHC=51, targetIMO=33, targetPorts=6, targetReefer=87, targetRelease=44, targetWeight=50)
