6 64 62 11 88 1 8
#POD
1 2 3 4 5 6
#LOCATIONS
1
#CONTAINERS_TOLOAD
0 0 0 14290.33 2.59 20 1 0 1 0
0 0 0 18582.59 2.59 20 3 0 1 0
0 0 0 5962.55 2.59 20 6 0 1 2
0 0 0 14192.69 2.59 20 3 0 1 1
0 0 0 14553.43 2.59 20 2 0 1 2
0 0 0 16160.41 2.59 20 1 0 1 0
0 0 0 6925.31 2.59 20 3 1 1 2
0 0 0 21868.43 2.59 20 1 1 1 0
0 0 0 3648.25 2.59 20 3 1 1 2
0 0 0 20485.99 2.59 20 4 1 1 0
0 0 0 5380.25 2.59 20 2 1 1 0
0 0 0 21985.65 2.59 20 4 1 1 0
0 0 0 3946.80 2.59 20 3 1 1 0
0 0 0 21832.89 2.59 20 2 1 1 3
0 0 0 3833.87 2.59 20 3 1 1 3
0 0 0 17573.92 2.59 20 1 1 1 4
0 0 0 9045.30 2.59 20 2 0 1 4
0 0 0 20291.62 2.59 20 2 0 1 0
0 0 0 4965.98 2.59 20 2 0 1 0
0 0 0 13470.03 2.59 20 4 0 1 1
0 0 0 13563.72 2.59 20 2 0 1 1
0 0 0 18921.93 2.59 20 2 0 1 0
0 0 0 6517.35 2.59 20 4 0 1 0
0 0 0 13630.43 2.59 20 4 0 1 4
0 0 0 18004.79 2.59 20 2 1 1 0
0 0 0 6391.17 2.59 20 2 1 1 0
0 0 0 12746.02 2.59 20 2 1 1 2
0 0 0 21285.76 2.59 20 3 1 1 2
0 0 0 3767.34 2.59 20 2 1 1 0
0 0 0 21396.24 2.59 20 1 1 1 0
0 0 0 4655.76 2.59 20 2 1 1 0
0 0 0 21086.95 2.59 20 5 1 1 2
0 0 0 5405.14 2.59 20 1 0 1 0
0 0 0 14561.20 2.59 20 1 0 1 0
0 0 0 16304.68 2.90 40 3 0 1 1
0 0 0 7745.04 2.59 20 3 0 1 3
0 0 0 14409.67 2.59 20 2 0 1 1
0 0 0 11368.98 2.59 20 3 0 1 1
0 0 0 16530.17 2.59 20 1 0 1 0
0 0 0 11827.19 2.59 20 5 0 1 0
0 0 0 11992.17 2.59 20 3 0 1 0
0 0 0 15048.69 2.59 20 1 1 1 0
0 0 0 8169.02 2.59 20 4 1 1 0
0 0 0 17650.54 2.59 20 3 1 1 0
0 0 0 12034.74 2.59 20 3 1 1 0
0 0 0 12030.70 2.59 20 2 1 1 1
0 0 0 11977.77 2.59 20 3 1 1 0
0 0 0 12083.66 2.59 20 2 1 1 0
0 0 0 11625.61 2.59 20 2 1 1 0
0 0 0 13600.10 2.90 40 3 0 1 1
0 0 0 17582.04 2.59 40 3 0 1 0
0 0 0 9952.98 2.90 40 2 0 1 2
0 0 0 15441.43 2.90 40 5 0 1 1
0 0 0 10261.66 2.90 40 3 1 1 0
0 0 0 17546.46 2.90 40 4 1 1 4
0 0 0 7124.90 2.59 40 3 1 1 2
0 0 0 12610.96 2.59 40 1 1 1 0
0 0 0 16080.30 2.59 40 1 0 1 0
0 0 0 9015.87 2.90 40 1 0 1 0
0 0 0 17186.81 2.90 40 3 0 1 0
0 0 0 9632.24 2.59 40 2 1 1 0
0 0 0 12986.82 2.90 40 2 1 1 0
0 0 0 12110.77 2.59 40 4 1 1 0
0 0 0 12097.95 2.90 40 3 1 1 0
#CONTAINERS_LOADED
4 1 1 7500.00 2.59 20 3 1 1 0
4 1 -1 7500.00 2.59 20 3 1 1 0
4 2 1 7500.00 2.59 20 3 1 1 0
4 2 -1 7500.00 2.59 20 1 1 1 0
4 3 1 7500.00 2.59 20 2 1 1 0
4 3 -1 7500.00 2.59 20 2 1 1 0
4 4 1 7500.00 2.59 20 3 1 1 0
4 4 -1 7500.00 2.59 20 2 1 1 0
4 5 1 7500.00 2.59 20 3 1 1 0
4 5 -1 7500.00 2.59 20 4 1 1 0
4 6 1 7500.00 2.59 20 4 0 1 0
4 6 -1 7500.00 2.59 20 5 0 1 0
4 7 1 7500.00 2.59 20 3 0 1 0
4 7 -1 7500.00 2.59 20 3 0 1 0
5 1 1 7500.00 2.59 20 3 1 1 1
5 1 -1 7500.00 2.59 20 2 1 1 1
5 2 1 7500.00 2.59 20 1 1 1 0
5 2 -1 7500.00 2.59 20 2 1 1 0
5 3 1 7500.00 2.59 20 2 1 1 1
5 3 -1 7500.00 2.59 20 1 1 1 1
5 4 1 7500.00 2.59 20 1 1 1 0
5 4 -1 7500.00 2.59 20 3 1 1 0
5 5 1 7500.00 2.59 20 2 1 1 1
5 5 -1 7500.00 2.59 20 2 1 1 1
5 6 1 7500.00 2.59 20 1 0 1 0
5 6 -1 7500.00 2.59 20 4 0 1 0
5 7 1 7500.00 2.59 20 6 0 1 0
5 7 -1 7500.00 2.59 20 3 0 1 0
5 8 1 7500.00 2.59 20 1 0 1 0
5 8 -1 7500.00 2.59 20 5 0 1 0
6 1 1 7500.00 2.59 20 3 1 1 0
6 1 -1 7500.00 2.59 20 5 1 1 0
6 2 1 7500.00 2.59 20 3 1 1 0
6 2 -1 7500.00 2.59 20 1 1 1 0
6 3 1 7500.00 2.59 20 3 1 1 0
6 3 -1 7500.00 2.59 20 3 1 1 0
6 4 1 7500.00 2.59 20 2 1 1 0
6 4 -1 7500.00 2.59 20 1 1 1 0
6 5 1 7500.00 2.59 20 2 1 1 0
6 5 -1 7500.00 2.59 20 1 1 1 0
6 6 1 7500.00 2.59 20 3 0 1 0
6 6 -1 7500.00 2.59 20 3 0 1 0
6 7 1 7500.00 2.59 20 2 0 1 0
6 7 -1 7500.00 2.59 20 3 0 1 0
6 8 1 7500.00 2.59 20 4 0 1 0
6 8 -1 7500.00 2.59 20 2 0 1 0
7 1 1 7500.00 2.59 20 4 1 1 1
7 1 -1 7500.00 2.59 20 1 1 1 1
7 2 1 7500.00 2.59 20 3 1 1 0
7 2 -1 7500.00 2.59 20 1 1 1 0
7 3 1 7500.00 2.59 20 2 1 1 1
7 3 -1 7500.00 2.59 20 2 1 1 1
7 4 1 7500.00 2.59 20 4 1 1 0
7 4 -1 7500.00 2.59 20 3 1 1 0
7 5 1 7500.00 2.59 20 3 1 1 0
7 5 -1 7500.00 2.59 20 2 1 1 0
7 6 1 7500.00 2.59 20 2 0 1 4
7 6 -1 7500.00 2.59 20 3 0 1 4
7 7 1 7500.00 2.59 20 3 0 1 0
7 7 -1 7500.00 2.59 20 4 0 1 0
7 8 1 7500.00 2.59 20 4 0 1 0
7 8 -1 7500.00 2.59 20 2 0 1 0
#STACKS
105000.00 18.13 1
120000.00 20.72 1
120000.00 20.72 1
120000.00 20.72 1
120000.00 20.72 1
120000.00 20.72 1
120000.00 20.72 1
120000.00 20.72 1
120000.00 20.72 1
120000.00 20.72 1
105000.00 18.13 1
#CELLS
1 0 0 0 0 0 1
1 1 1 1 1 1 1
1 1 1 1 1 1 1
1 1 1 1 1 1 1
1 1 1 1 1 1 1
1 0 0 1 1 1 1
1 0 0 1 1 1 1
1 0 0 1 1 1 1
2 1 1 1 1 1 1
2 1 1 1 1 1 1
2 1 1 1 1 1 1
2 1 1 1 1 1 1
2 1 1 1 1 1 1
2 0 0 1 1 1 1
2 0 0 1 1 1 1
2 0 0 1 1 1 1
3 1 1 1 1 1 1
3 1 1 1 1 1 1
3 1 1 1 1 1 1
3 1 1 1 1 1 1
3 1 1 1 1 1 1
3 0 0 1 1 1 1
3 0 0 1 1 1 1
3 0 0 1 1 1 1
4 1 1 1 1 1 1
4 1 1 1 1 1 1
4 1 1 1 1 1 1
4 1 1 1 1 1 1
4 1 1 1 1 1 1
4 0 0 1 1 1 1
4 0 0 1 1 1 1
4 0 0 1 1 1 1
5 1 1 1 1 1 1
5 1 1 1 1 1 1
5 1 1 1 1 1 1
5 1 1 1 1 1 1
5 1 1 1 1 1 1
5 0 0 1 1 1 1
5 0 0 1 1 1 1
5 0 0 1 1 1 1
6 1 1 1 1 1 1
6 1 1 1 1 1 1
6 1 1 1 1 1 1
6 1 1 1 1 1 1
6 1 1 1 1 1 1
6 0 0 1 1 1 1
6 0 0 1 1 1 1
6 0 0 1 1 1 1
7 1 1 1 1 1 1
7 1 1 1 1 1 1
7 1 1 1 1 1 1
7 1 1 1 1 1 1
7 1 1 1 1 1 1
7 0 0 1 1 1 1
7 0 0 1 1 1 1
7 0 0 1 1 1 1
8 1 1 1 1 1 1
8 1 1 1 1 1 1
8 1 1 1 1 1 1
8 1 1 1 1 1 1
8 1 1 1 1 1 1
8 0 0 1 1 1 1
8 0 0 1 1 1 1
8 0 0 1 1 1 1
9 1 1 1 1 1 1
9 1 1 1 1 1 1
9 1 1 1 1 1 1
9 1 1 1 1 1 1
9 1 1 1 1 1 1
9 0 0 1 1 1 1
9 0 0 1 1 1 1
9 0 0 1 1 1 1
10 1 1 1 1 1 1
10 1 1 1 1 1 1
10 1 1 1 1 1 1
10 1 1 1 1 1 1
10 1 1 1 1 1 1
10 0 0 1 1 1 1
10 0 0 1 1 1 1
10 0 0 1 1 1 1
11 0 0 0 0 0 1
11 1 1 1 1 1 1
11 1 1 1 1 1 1
11 1 1 1 1 1 1
11 1 1 1 1 1 1
11 0 0 1 1 1 1
11 0 0 1 1 1 1
11 0 0 1 1 1 1
#INFO-GEN
Namespace(bayType=4, francisco=True, meanPort=3, seed=6927, stdPort=1.2414811390692533, target40=23, targetCapacity=83, targetHC=51, targetIMO=33, targetPorts=6, targetReefer=87, targetRelease=44, targetWeight=100)
