6 39 34 9 72 1 8
#POD
1 2 3 4 5 6
#LOCATIONS
1
#CONTAINERS_TOLOAD
0 0 0 10332.44 2.59 20 5 1 1 0
0 0 0 13120.02 2.59 20 3 0 1 0
0 0 0 4924.01 2.59 20 5 0 1 4
0 0 0 10269.02 2.59 20 1 0 1 4
0 0 0 10503.30 2.59 20 2 0 1 4
0 0 0 11546.95 2.59 20 2 0 1 4
0 0 0 5549.27 2.59 20 3 1 1 4
0 0 0 15253.99 2.59 20 4 1 1 4
0 0 0 3421.00 2.59 20 1 1 1 0
0 0 0 14356.17 2.59 20 2 1 1 0
0 0 0 4545.84 2.59 20 4 1 1 3
0 0 0 15330.11 2.59 20 5 1 1 3
0 0 0 3614.89 2.59 20 3 1 1 0
0 0 0 15230.91 2.59 20 5 1 1 0
0 0 0 3541.55 2.59 20 3 1 1 4
0 0 0 12464.95 2.59 20 3 1 1 4
0 0 0 6926.08 2.59 20 2 1 1 3
0 0 0 14229.93 2.59 20 1 1 1 3
0 0 0 4276.79 2.59 40 3 0 1 0
0 0 0 9799.70 2.59 20 1 0 1 0
0 0 0 9860.54 2.59 20 1 0 1 0
0 0 0 13340.40 2.59 20 2 1 1 0
0 0 0 5284.32 2.59 20 2 1 1 0
0 0 0 9903.87 2.59 20 1 1 1 0
0 0 0 12744.77 2.59 20 6 1 1 0
0 0 0 5202.37 2.59 20 1 1 1 0
0 0 0 9329.49 2.59 20 1 1 1 0
0 0 0 14875.58 2.59 20 3 1 1 0
0 0 0 3498.34 2.59 20 3 1 1 0
0 0 0 14947.33 2.59 20 4 1 1 0
0 0 0 4075.32 2.59 20 3 1 1 0
0 0 0 14746.46 2.90 40 1 0 1 0
0 0 0 4562.01 2.59 40 2 0 1 1
0 0 0 10508.35 2.90 40 1 1 1 1
0 0 0 11640.64 2.90 40 3 1 1 0
0 0 0 6081.64 2.90 40 3 1 1 0
0 0 0 10409.94 2.59 40 1 1 1 0
0 0 0 8435.18 2.59 40 3 1 1 0
0 0 0 8813.52 2.90 40 1 1 1 0
#CONTAINERS_LOADED
4 1 1 7500.00 2.59 20 3 1 1 0
4 1 -1 7500.00 2.59 20 1 1 1 0
4 2 1 7500.00 2.59 20 2 1 1 0
4 2 -1 7500.00 2.59 20 2 1 1 0
4 3 1 7500.00 2.59 20 2 1 1 0
4 3 -1 7500.00 2.59 20 2 1 1 0
4 4 1 7500.00 2.59 20 3 1 1 0
4 4 -1 7500.00 2.59 20 3 1 1 0
4 5 1 7500.00 2.59 20 1 1 1 0
4 5 -1 7500.00 2.59 20 4 1 1 0
4 6 1 7500.00 2.59 20 3 1 1 0
4 6 -1 7500.00 2.59 20 2 1 1 0
4 7 1 7500.00 2.59 20 3 1 1 0
4 7 -1 7500.00 2.59 20 1 1 1 0
4 8 1 7500.00 2.59 20 4 0 1 0
4 8 -1 7500.00 2.59 20 2 0 1 0
5 1 1 7500.00 2.59 20 2 1 1 0
5 1 -1 7500.00 2.59 20 1 1 1 0
5 2 1 7500.00 2.59 20 1 1 1 0
5 2 -1 7500.00 2.59 20 1 1 1 0
5 3 1 7500.00 2.59 20 3 1 1 4
5 3 -1 7500.00 2.59 20 3 1 1 4
5 4 1 7500.00 2.59 20 3 1 1 0
5 4 -1 7500.00 2.59 20 1 1 1 0
5 5 1 7500.00 2.59 20 3 1 1 0
5 5 -1 7500.00 2.59 20 6 1 1 0
5 6 1 7500.00 2.59 20 4 1 1 0
5 6 -1 7500.00 2.59 20 4 1 1 0
5 7 1 7500.00 2.59 20 4 1 1 0
5 7 -1 7500.00 2.59 20 4 1 1 0
5 8 1 7500.00 2.59 20 1 0 1 3
5 8 -1 7500.00 2.59 20 3 0 1 3
6 1 1 7500.00 2.59 20 2 1 1 0
6 1 -1 7500.00 2.59 20 4 1 1 0
#STACKS
90000.00 15.54 1
105000.00 18.13 1
120000.00 20.72 1
120000.00 20.72 1
120000.00 20.72 1
120000.00 20.72 1
120000.00 20.72 1
105000.00 18.13 1
90000.00 15.54 1
#CELLS
1 0 0 0 0 0 1
1 0 0 0 0 0 1
1 0 0 1 1 1 1
1 0 0 1 1 1 1
1 0 0 1 1 1 1
1 0 0 1 1 1 1
1 0 0 1 1 1 1
1 0 0 1 1 1 1
2 0 0 0 0 0 1
2 0 1 1 1 1 1
2 0 1 1 1 1 1
2 0 1 1 1 1 1
2 0 1 1 1 1 1
2 0 1 1 1 1 1
2 0 1 1 1 1 1
2 0 0 1 1 1 1
3 1 1 1 1 1 1
3 1 1 1 1 1 1
3 1 1 1 1 1 1
3 1 1 1 1 1 1
3 1 1 1 1 1 1
3 1 1 1 1 1 1
3 1 1 1 1 1 1
3 0 0 1 1 1 1
4 1 1 1 1 1 1
4 1 1 1 1 1 1
4 1 1 1 1 1 1
4 1 1 1 1 1 1
4 1 1 1 1 1 1
4 1 1 1 1 1 1
4 1 1 1 1 1 1
4 0 0 1 1 1 1
5 1 1 1 1 1 1
5 1 1 1 1 1 1
5 1 1 1 1 1 1
5 1 1 1 1 1 1
5 1 1 1 1 1 1
5 1 1 1 1 1 1
5 1 1 1 1 1 1
5 0 0 1 1 1 1
6 1 1 1 1 1 1
6 1 1 1 1 1 1
6 1 1 1 1 1 1
6 1 1 1 1 1 1
6 1 1 1 1 1 1
6 1 1 1 1 1 1
6 1 1 1 1 1 1
6 0 0 1 1 1 1
7 1 1 1 1 1 1
7 1 1 1 1 1 1
7 1 1 1 1 1 1
7 1 1 1 1 1 1
7 1 1 1 1 1 1
7 1 1 1 1 1 1
7 1 1 1 1 1 1
7 0 0 1 1 1 1
8 0 0 0 0 0 1
8 0 1 1 1 1 1
8 0 1 1 1 1 1
8 0 1 1 1 1 1
8 0 1 1 1 1 1
8 0 1 1 1 1 1
8 0 1 1 1 1 1
8 0 0 1 1 1 1
9 0 0 0 0 0 1
9 0 0 0 0 0 1
9 0 0 1 1 1 1
9 0 0 1 1 1 1
9 0 0 1 1 1 1
9 0 0 1 1 1 1
9 0 0 1 1 1 1
9 0 0 1 1 1 1
#INFO-GEN
Namespace(bayType=3, francisco=True, meanPort=3, seed=6927, stdPort=1.2414811390692533, target40=23, targetCapacity=63, targetHC=51, targetIMO=33, targetPorts=6, targetReefer=87, targetRelease=44, targetWeight=50)
