28 46 148 12 120 1 10
#POD
1 2 3 4 5 6 7 8 9 10 11 12 13 14 15 16 17 18 19 20 21 22 23 24 25 26 27 28
#LOCATIONS
1
#CONTAINERS_TOLOAD
0 0 0 25613.50 2.59 20 21 0 1 2
0 0 0 5497.94 2.59 20 6 0 1 0
0 0 0 24266.79 2.59 20 17 0 1 0
0 0 0 5770.41 2.59 20 22 0 1 4
0 0 0 15004.92 2.59 20 20 0 1 1
0 0 0 15595.93 2.59 20 27 0 1 1
0 0 0 21956.43 2.59 20 16 0 1 4
0 0 0 8999.58 2.59 20 11 0 1 2
0 0 0 20731.20 2.59 20 19 0 1 4
0 0 0 7629.03 2.59 20 27 0 1 4
0 0 0 21830.32 2.59 20 8 0 1 4
0 0 0 9643.76 2.59 20 12 0 1 0
0 0 0 16461.78 2.59 20 24 0 1 2
0 0 0 17781.57 2.59 20 25 0 1 0
0 0 0 12786.54 2.59 20 9 0 1 0
0 0 0 10874.01 2.59 20 8 0 1 2
0 0 0 15210.14 2.59 20 18 0 1 1
0 0 0 24961.54 2.59 20 21 0 1 4
0 0 0 5478.81 2.59 20 24 0 1 4
0 0 0 14781.71 2.59 20 3 0 1 0
0 0 0 17657.73 2.59 20 21 0 1 2
0 0 0 17842.22 2.59 20 6 0 1 0
0 0 0 10149.00 2.59 20 22 0 1 1
0 0 0 19253.45 2.59 20 4 0 1 2
0 0 0 14814.37 2.59 20 27 0 1 1
0 0 0 10479.89 2.59 20 4 0 1 4
0 0 0 23906.99 2.59 20 16 0 1 0
0 0 0 5535.18 2.59 20 1 0 1 4
0 0 0 22848.57 2.90 40 7 0 1 2
0 0 0 8434.06 2.90 40 6 0 1 4
0 0 0 18002.39 2.59 20 9 0 1 0
0 0 0 12891.04 2.59 20 13 0 1 2
0 0 0 14738.66 2.59 20 6 0 1 4
0 0 0 13488.19 2.59 20 20 0 1 0
0 0 0 15817.73 2.59 20 17 0 1 4
0 0 0 19571.38 2.59 20 14 0 1 0
0 0 0 13566.08 2.59 20 17 0 1 3
0 0 0 15616.47 2.59 20 19 0 1 4
0 0 0 14594.13 2.59 20 15 0 1 3
0 0 0 14644.60 2.59 20 24 0 1 0
0 0 0 17143.63 2.59 20 27 0 1 3
0 0 0 11598.63 2.59 20 20 0 1 2
0 0 0 18960.70 2.59 20 20 0 1 0
0 0 0 10630.46 2.59 20 28 0 1 1
0 0 0 14093.39 2.59 20 20 0 1 0
0 0 0 12845.18 2.59 20 20 0 1 0
#CONTAINERS_LOADED
3 1 1 7500.00 2.59 20 16 0 1 1
3 1 -1 7500.00 2.59 20 2 0 1 1
3 2 1 7500.00 2.59 20 19 0 1 0
3 2 -1 7500.00 2.59 20 8 0 1 0
3 3 1 7500.00 2.59 20 19 0 1 0
3 3 -1 7500.00 2.59 20 23 0 1 0
3 4 1 7500.00 2.59 20 27 0 1 0
3 4 -1 7500.00 2.59 20 21 0 1 0
4 1 1 7500.00 2.59 20 5 1 1 0
4 1 -1 7500.00 2.59 20 14 1 1 0
4 2 1 7500.00 2.59 20 3 1 1 0
4 2 -1 7500.00 2.59 20 21 1 1 0
4 3 1 7500.00 2.59 20 9 1 1 0
4 3 -1 7500.00 2.59 20 19 1 1 0
4 4 1 7500.00 2.59 20 26 1 1 0
4 4 -1 7500.00 2.59 20 20 1 1 0
4 5 1 7500.00 2.59 20 13 1 1 0
4 5 -1 7500.00 2.59 20 7 1 1 0
4 6 1 7500.00 2.59 20 11 1 1 0
4 6 -1 7500.00 2.59 20 10 1 1 0
4 7 1 7500.00 2.59 20 18 1 1 0
4 7 -1 7500.00 2.59 20 5 1 1 0
4 8 1 7500.00 2.59 20 10 1 1 0
4 8 -1 7500.00 2.59 20 12 1 1 0
4 9 1 7500.00 2.59 20 7 1 1 0
4 9 -1 7500.00 2.59 20 5 1 1 0
4 10 1 7500.00 2.59 20 26 1 1 0
4 10 -1 7500.00 2.59 20 26 1 1 0
5 1 1 7500.00 2.59 20 23 1 1 0
5 1 -1 7500.00 2.59 20 15 1 1 0
5 2 1 7500.00 2.59 20 2 1 1 0
5 2 -1 7500.00 2.59 20 27 1 1 0
5 3 1 7500.00 2.59 20 2 1 1 0
5 3 -1 7500.00 2.59 20 18 1 1 0
5 4 1 7500.00 2.59 20 9 1 1 0
5 4 -1 7500.00 2.59 20 4 1 1 0
5 5 1 7500.00 2.59 20 1 1 1 0
5 5 -1 7500.00 2.59 20 23 1 1 0
5 6 1 7500.00 2.59 20 18 1 1 0
5 6 -1 7500.00 2.59 20 25 1 1 0
5 7 1 7500.00 2.59 20 12 1 1 0
5 7 -1 7500.00 2.59 20 27 1 1 0
5 8 1 7500.00 2.59 20 28 1 1 0
5 8 -1 7500.00 2.59 20 14 1 1 0
5 9 1 7500.00 2.59 20 5 1 1 0
5 9 -1 7500.00 2.59 20 8 1 1 0
5 10 1 7500.00 2.59 20 24 1 1 0
5 10 -1 7500.00 2.59 20 7 1 1 0
6 1 1 7500.00 2.59 20 5 1 1 0
6 1 -1 7500.00 2.59 20 26 1 1 0
6 2 1 7500.00 2.59 20 22 1 1 0
6 2 -1 7500.00 2.59 20 23 1 1 0
6 3 1 7500.00 2.59 20 19 1 1 0
6 3 -1 7500.00 2.59 20 12 1 1 0
6 4 1 7500.00 2.59 20 4 1 1 0
6 4 -1 7500.00 2.59 20 16 1 1 0
6 5 1 7500.00 2.59 20 3 1 1 0
6 5 -1 7500.00 2.59 20 7 1 1 0
6 6 1 7500.00 2.59 20 23 1 1 0
6 6 -1 7500.00 2.59 20 2 1 1 0
6 7 1 7500.00 2.59 20 5 1 1 0
6 7 -1 7500.00 2.59 20 9 1 1 0
6 8 1 7500.00 2.59 20 8 1 1 0
6 8 -1 7500.00 2.59 20 13 1 1 0
6 9 1 7500.00 2.59 20 27 1 1 0
6 9 -1 7500.00 2.59 20 7 1 1 0
6 10 1 7500.00 2.59 20 23 1 1 0
6 10 -1 7500.00 2.59 20 22 1 1 0
7 1 1 7500.00 2.59 20 21 1 1 0
7 1 -1 7500.00 2.59 20 1 1 1 0
7 2 1 7500.00 2.59 20 20 1 1 4
7 2 -1 7500.00 2.59 20 12 1 1 4
7 3 1 7500.00 2.59 20 13 1 1 0
7 3 -1 7500.00 2.59 20 12 1 1 0
7 4 1 7500.00 2.59 20 7 1 1 0
7 4 -1 7500.00 2.59 20 8 1 1 0
7 5 1 7500.00 2.59 20 22 1 1 0
7 5 -1 7500.00 2.59 20 25 1 1 0
7 6 1 7500.00 2.59 20 22 1 1 0
7 6 -1 7500.00 2.59 20 13 1 1 0
7 7 1 7500.00 2.59 20 23 1 1 0
7 7 -1 7500.00 2.59 20 22 1 1 0
7 8 1 7500.00 2.59 20 9 1 1 0
7 8 -1 7500.00 2.59 20 26 1 1 0
7 9 1 7500.00 2.59 20 24 1 1 0
7 9 -1 7500.00 2.59 20 2 1 1 0
7 10 1 7500.00 2.59 20 14 1 1 0
7 10 -1 7500.00 2.59 20 10 1 1 0
8 1 1 7500.00 2.59 20 20 1 1 0
8 1 -1 7500.00 2.59 20 15 1 1 0
8 2 1 7500.00 2.59 20 26 1 1 0
8 2 -1 7500.00 2.59 20 8 1 1 0
8 3 1 7500.00 2.59 20 17 1 1 0
8 3 -1 7500.00 2.59 20 4 1 1 0
8 4 1 7500.00 2.59 20 24 1 1 0
8 4 -1 7500.00 2.59 20 23 1 1 0
8 5 1 7500.00 2.59 20 2 1 1 0
8 5 -1 7500.00 2.59 20 23 1 1 0
8 6 1 7500.00 2.59 20 10 1 1 0
8 6 -1 7500.00 2.59 20 18 1 1 0
8 7 1 7500.00 2.59 20 26 1 1 0
8 7 -1 7500.00 2.59 20 5 1 1 0
8 8 1 7500.00 2.59 20 22 1 1 0
8 8 -1 7500.00 2.59 20 28 1 1 0
8 9 1 7500.00 2.59 20 16 1 1 0
8 9 -1 7500.00 2.59 20 21 1 1 0
8 10 1 7500.00 2.59 20 1 1 1 0
8 10 -1 7500.00 2.59 20 27 1 1 0
9 1 1 7500.00 2.59 20 10 1 1 0
9 1 -1 7500.00 2.59 20 5 1 1 0
9 2 1 7500.00 2.59 20 16 1 1 0
9 2 -1 7500.00 2.59 20 2 1 1 0
9 3 1 7500.00 2.59 20 8 1 1 0
9 3 -1 7500.00 2.59 20 20 1 1 0
9 4 1 7500.00 2.59 20 12 1 1 0
9 4 -1 7500.00 2.59 20 22 1 1 0
9 5 1 7500.00 2.59 20 2 1 1 0
9 5 -1 7500.00 2.59 20 21 1 1 0
9 6 1 7500.00 2.59 20 10 1 1 0
9 6 -1 7500.00 2.59 20 5 1 1 0
9 7 1 7500.00 2.59 20 26 1 1 0
9 7 -1 7500.00 2.59 20 23 1 1 0
9 8 1 7500.00 2.59 20 14 1 1 0
9 8 -1 7500.00 2.59 20 4 1 1 0
9 9 1 7500.00 2.59 20 20 1 1 0
9 9 -1 7500.00 2.59 20 7 1 1 0
9 10 1 7500.00 2.59 20 9 1 1 0
9 10 -1 7500.00 2.59 20 18 1 1 0
10 1 1 7500.00 2.59 20 3 0 1 0
10 1 -1 7500.00 2.59 20 20 0 1 0
10 2 1 7500.00 2.59 20 4 0 1 0
10 2 -1 7500.00 2.59 20 20 0 1 0
10 3 1 7500.00 2.59 20 19 0 1 0
10 3 -1 7500.00 2.59 20 3 0 1 0
10 4 1 7500.00 2.59 20 11 0 1 0
10 4 -1 7500.00 2.59 20 17 0 1 0
10 5 1 7500.00 2.59 20 26 0 1 0
10 5 -1 7500.00 2.59 20 15 0 1 0
10 6 1 7500.00 2.59 20 26 0 1 0
10 6 -1 7500.00 2.59 20 1 0 1 0
10 7 1 7500.00 2.59 20 7 0 1 0
10 7 -1 7500.00 2.59 20 19 0 1 0
10 8 1 7500.00 2.59 20 27 0 1 0
10 8 -1 7500.00 2.59 20 19 0 1 0
10 9 1 7500.00 2.59 20 28 0 1 0
10 9 -1 7500.00 2.59 20 27 0 1 0
10 10 1 7500.00 2.59 20 8 0 1 0
10 10 -1 7500.00 2.59 20 2 0 1 0
#STACKS
150000.00 25.90 1
150000.00 25.90 1
150000.00 25.90 1
150000.00 25.90 1
150000.00 25.90 1
150000.00 25.90 1
150000.00 25.90 1
150000.00 25.90 1
150000.00 25.90 1
150000.00 25.90 1
150000.00 25.90 1
150000.00 25.90 1
#CELLS
1 0 0 1 1 1 1
1 0 0 1 1 1 1
1 0 0 1 1 1 1
1 0 0 1 1 1 1
1 0 0 1 1 1 1
1 0 0 1 1 1 1
1 0 0 1 1 1 1
1 0 0 1 1 1 1
1 0 0 1 1 1 1
1 0 0 1 1 1 1
2 0 0 1 1 1 1
2 0 0 1 1 1 1
2 0 0 1 1 1 1
2 0 0 1 1 1 1
2 0 0 1 1 1 1
2 0 0 1 1 1 1
2 0 0 1 1 1 1
2 0 0 1 1 1 1
2 0 0 1 1 1 1
2 0 0 1 1 1 1
3 0 0 1 1 1 1
3 0 0 1 1 1 1
3 0 0 1 1 1 1
3 0 0 1 1 1 1
3 0 0 1 1 1 1
3 0 0 1 1 1 1
3 0 0 1 1 1 1
3 0 0 1 1 1 1
3 0 0 1 1 1 1
3 0 0 1 1 1 1
4 1 1 1 1 1 1
4 1 1 1 1 1 1
4 1 1 1 1 1 1
4 1 1 1 1 1 1
4 1 1 1 1 1 1
4 1 1 1 1 1 1
4 1 1 1 1 1 1
4 1 1 1 1 1 1
4 1 1 1 1 1 1
4 1 1 1 1 1 1
5 1 1 1 1 1 1
5 1 1 1 1 1 1
5 1 1 1 1 1 1
5 1 1 1 1 1 1
5 1 1 1 1 1 1
5 1 1 1 1 1 1
5 1 1 1 1 1 1
5 1 1 1 1 1 1
5 1 1 1 1 1 1
5 1 1 1 1 1 1
6 1 1 1 1 1 1
6 1 1 1 1 1 1
6 1 1 1 1 1 1
6 1 1 1 1 1 1
6 1 1 1 1 1 1
6 1 1 1 1 1 1
6 1 1 1 1 1 1
6 1 1 1 1 1 1
6 1 1 1 1 1 1
6 1 1 1 1 1 1
7 1 1 1 1 1 1
7 1 1 1 1 1 1
7 1 1 1 1 1 1
7 1 1 1 1 1 1
7 1 1 1 1 1 1
7 1 1 1 1 1 1
7 1 1 1 1 1 1
7 1 1 1 1 1 1
7 1 1 1 1 1 1
7 1 1 1 1 1 1
8 1 1 1 1 1 1
8 1 1 1 1 1 1
8 1 1 1 1 1 1
8 1 1 1 1 1 1
8 1 1 1 1 1 1
8 1 1 1 1 1 1
8 1 1 1 1 1 1
8 1 1 1 1 1 1
8 1 1 1 1 1 1
8 1 1 1 1 1 1
9 1 1 1 1 1 1
9 1 1 1 1 1 1
9 1 1 1 1 1 1
9 1 1 1 1 1 1
9 1 1 1 1 1 1
9 1 1 1 1 1 1
9 1 1 1 1 1 1
9 1 1 1 1 1 1
9 1 1 1 1 1 1
9 1 1 1 1 1 1
10 0 0 1 1 1 1
10 0 0 1 1 1 1
10 0 0 1 1 1 1
10 0 0 1 1 1 1
10 0 0 1 1 1 1
10 0 0 1 1 1 1
10 0 0 1 1 1 1
10 0 0 1 1 1 1
10 0 0 1 1 1 1
10 0 0 1 1 1 1
11 0 0 1 1 1 1
11 0 0 1 1 1 1
11 0 0 1 1 1 1
11 0 0 1 1 1 1
11 0 0 1 1 1 1
11 0 0 1 1 1 1
11 0 0 1 1 1 1
11 0 0 1 1 1 1
11 0 0 1 1 1 1
11 0 0 1 1 1 1
12 0 0 1 1 1 1
12 0 0 1 1 1 1
12 0 0 1 1 1 1
12 0 0 1 1 1 1
12 0 0 1 1 1 1
12 0 0 1 1 1 1
12 0 0 1 1 1 1
12 0 0 1 1 1 1
12 0 0 1 1 1 1
12 0 0 1 1 1 1
#INFO-GEN
Namespace(bayType=5, francisco=True, meanPort=15, seed=4527, stdPort=23.56233744134304, target40=3, targetCapacity=82, targetHC=52, targetIMO=5, targetPorts=28, targetReefer=21, targetRelease=77, targetWeight=100)
