6 42 38 9 72 1 8
#POD
1 2 3 4 5 6
#LOCATIONS
1
#CONTAINERS_TOLOAD
0 0 0 13946.71 2.59 20 4 1 1 0
0 0 0 18108.34 2.59 20 2 0 1 0
0 0 0 5872.38 2.59 20 3 1 1 0
0 0 0 13852.04 2.59 20 3 0 1 0
0 0 0 14201.80 2.59 20 2 1 1 0
0 0 0 15759.87 2.59 20 5 0 1 0
0 0 0 6805.84 2.59 20 3 1 1 0
0 0 0 21294.17 2.59 20 3 0 1 0
0 0 0 3628.52 2.59 20 3 1 1 0
0 0 0 19953.80 2.59 20 1 0 1 0
0 0 0 5307.81 2.59 20 3 0 1 0
0 0 0 21407.82 2.59 20 1 0 1 0
0 0 0 3917.98 2.59 20 2 0 1 0
0 0 0 21259.72 2.59 20 3 0 1 0
0 0 0 3808.49 2.59 20 1 1 1 0
0 0 0 17130.37 2.59 20 3 1 1 0
0 0 0 8861.31 2.59 20 6 1 1 0
0 0 0 19765.35 2.59 20 3 1 1 0
0 0 0 4906.14 2.59 20 2 1 1 0
0 0 0 13151.38 2.59 20 1 1 1 0
0 0 0 13242.22 2.59 20 3 1 1 0
0 0 0 18437.35 2.59 20 1 1 1 0
0 0 0 6410.30 2.59 20 3 1 1 2
0 0 0 13306.89 2.59 20 4 1 1 2
0 0 0 17548.13 2.59 20 2 1 1 0
0 0 0 6287.96 2.59 20 4 1 1 0
0 0 0 12449.40 2.90 40 3 0 1 0
0 0 0 20729.24 2.59 40 2 0 1 0
0 0 0 3743.98 2.59 20 3 1 1 0
0 0 0 20836.36 2.59 20 1 1 1 0
0 0 0 4605.37 2.59 20 2 1 1 0
0 0 0 20536.47 2.59 20 2 1 1 0
0 0 0 5331.94 2.59 20 2 1 1 0
0 0 0 14209.34 2.59 20 4 1 1 0
0 0 0 15899.76 2.90 40 2 0 1 0
0 0 0 7600.63 2.90 40 2 0 1 4
0 0 0 14062.42 2.90 40 4 1 1 0
0 0 0 11114.27 2.59 40 4 1 1 0
0 0 0 16118.38 2.90 40 2 1 1 4
0 0 0 11558.54 2.90 40 2 1 1 0
0 0 0 11718.49 2.90 40 2 1 1 0
0 0 0 10050.68 2.90 40 3 1 1 0
#CONTAINERS_LOADED
4 1 1 7500.00 2.59 20 2 1 1 0
4 1 -1 7500.00 2.59 20 1 1 1 0
4 2 1 7500.00 2.59 20 2 1 1 0
4 2 -1 7500.00 2.59 20 5 1 1 0
4 3 1 7500.00 2.59 20 1 1 1 0
4 3 -1 7500.00 2.59 20 1 1 1 0
4 4 1 7500.00 2.59 20 3 1 1 0
4 4 -1 7500.00 2.59 20 3 1 1 0
4 5 1 7500.00 2.59 20 2 1 1 0
4 5 -1 7500.00 2.59 20 3 1 1 0
4 6 1 7500.00 2.59 20 1 1 1 0
4 6 -1 7500.00 2.59 20 5 1 1 0
4 7 1 7500.00 2.59 20 3 1 1 0
4 7 -1 7500.00 2.59 20 1 1 1 0
4 8 1 7500.00 2.59 20 4 0 1 0
4 8 -1 7500.00 2.59 20 3 0 1 0
5 1 1 7500.00 2.59 20 3 1 1 4
5 1 -1 7500.00 2.59 20 2 1 1 4
5 2 1 7500.00 2.59 20 3 1 1 1
5 2 -1 7500.00 2.59 20 2 1 1 1
5 3 1 7500.00 2.59 20 2 1 1 1
5 3 -1 7500.00 2.59 20 3 1 1 1
5 4 1 7500.00 2.59 20 3 1 1 1
5 4 -1 7500.00 2.59 20 2 1 1 1
5 5 1 7500.00 2.59 20 5 1 1 0
5 5 -1 7500.00 2.59 20 3 1 1 0
5 6 1 7500.00 2.59 20 4 1 1 0
5 6 -1 7500.00 2.59 20 3 1 1 0
5 7 1 7500.00 2.59 20 1 1 1 0
5 7 -1 7500.00 2.59 20 1 1 1 0
5 8 1 7500.00 2.59 20 1 0 1 0
5 8 -1 7500.00 2.59 20 3 0 1 0
6 1 1 7500.00 2.59 20 2 1 1 0
6 1 -1 7500.00 2.59 20 2 1 1 0
6 2 1 7500.00 2.59 20 4 1 1 0
6 2 -1 7500.00 2.59 20 3 1 1 0
6 3 1 7500.00 2.59 20 3 1 1 0
6 3 -1 7500.00 2.59 20 3 1 1 0
#STACKS
90000.00 15.54 1
105000.00 18.13 1
120000.00 20.72 1
120000.00 20.72 1
120000.00 20.72 1
120000.00 20.72 1
120000.00 20.72 1
105000.00 18.13 1
90000.00 15.54 1
#CELLS
1 0 0 0 0 0 1
1 0 0 0 0 0 1
1 0 0 1 1 1 1
1 0 0 1 1 1 1
1 0 0 1 1 1 1
1 0 0 1 1 1 1
1 0 0 1 1 1 1
1 0 0 1 1 1 1
2 0 0 0 0 0 1
2 0 1 1 1 1 1
2 0 1 1 1 1 1
2 0 1 1 1 1 1
2 0 1 1 1 1 1
2 0 1 1 1 1 1
2 0 1 1 1 1 1
2 0 0 1 1 1 1
3 1 1 1 1 1 1
3 1 1 1 1 1 1
3 1 1 1 1 1 1
3 1 1 1 1 1 1
3 1 1 1 1 1 1
3 1 1 1 1 1 1
3 1 1 1 1 1 1
3 0 0 1 1 1 1
4 1 1 1 1 1 1
4 1 1 1 1 1 1
4 1 1 1 1 1 1
4 1 1 1 1 1 1
4 1 1 1 1 1 1
4 1 1 1 1 1 1
4 1 1 1 1 1 1
4 0 0 1 1 1 1
5 1 1 1 1 1 1
5 1 1 1 1 1 1
5 1 1 1 1 1 1
5 1 1 1 1 1 1
5 1 1 1 1 1 1
5 1 1 1 1 1 1
5 1 1 1 1 1 1
5 0 0 1 1 1 1
6 1 1 1 1 1 1
6 1 1 1 1 1 1
6 1 1 1 1 1 1
6 1 1 1 1 1 1
6 1 1 1 1 1 1
6 1 1 1 1 1 1
6 1 1 1 1 1 1
6 0 0 1 1 1 1
7 1 1 1 1 1 1
7 1 1 1 1 1 1
7 1 1 1 1 1 1
7 1 1 1 1 1 1
7 1 1 1 1 1 1
7 1 1 1 1 1 1
7 1 1 1 1 1 1
7 0 0 1 1 1 1
8 0 0 0 0 0 1
8 0 1 1 1 1 1
8 0 1 1 1 1 1
8 0 1 1 1 1 1
8 0 1 1 1 1 1
8 0 1 1 1 1 1
8 0 1 1 1 1 1
8 0 0 1 1 1 1
9 0 0 0 0 0 1
9 0 0 0 0 0 1
9 0 0 1 1 1 1
9 0 0 1 1 1 1
9 0 0 1 1 1 1
9 0 0 1 1 1 1
9 0 0 1 1 1 1
9 0 0 1 1 1 1
#INFO-GEN
Namespace(bayType=3, francisco=True, meanPort=3, seed=6927, stdPort=1.2414811390692533, target40=23, targetCapacity=69, targetHC=51, targetIMO=33, targetPorts=6, targetReefer=87, targetRelease=44, targetWeight=75)
