6 53 48 9 72 1 8
#POD
1 2 3 4 5 6
#LOCATIONS
1
#CONTAINERS_TOLOAD
0 0 0 13144.17 2.59 20 3 0 1 1
0 0 0 17000.70 2.59 20 5 0 1 1
0 0 0 5661.80 2.59 20 3 0 1 0
0 0 0 13056.44 2.59 20 3 0 1 0
0 0 0 13380.56 2.59 20 2 0 1 0
0 0 0 14824.41 2.59 20 1 0 1 0
0 0 0 6526.82 2.59 20 3 0 1 0
0 0 0 19952.97 2.59 20 1 0 1 0
0 0 0 3582.44 2.59 20 1 0 1 0
0 0 0 18710.87 2.59 20 2 0 1 0
0 0 0 5138.62 2.59 20 2 1 1 0
0 0 0 20058.29 2.59 20 1 0 1 0
0 0 0 3850.68 2.59 20 6 1 1 0
0 0 0 19921.04 2.59 20 1 0 1 0
0 0 0 3749.22 2.59 20 1 1 1 0
0 0 0 16094.43 2.59 20 3 0 1 0
0 0 0 8431.60 2.59 20 3 1 1 0
0 0 0 18536.23 2.59 20 4 0 1 0
0 0 0 4766.40 2.59 20 3 1 1 0
0 0 0 12407.15 2.59 20 1 0 1 0
0 0 0 12491.33 2.59 20 2 0 1 1
0 0 0 17305.59 2.59 20 1 0 1 1
0 0 0 6160.28 2.59 20 3 0 1 1
0 0 0 12551.26 2.59 20 3 0 1 1
0 0 0 16481.56 2.59 20 1 1 1 0
0 0 0 6046.91 2.59 20 3 1 1 0
0 0 0 11756.64 2.59 20 1 1 1 0
0 0 0 19429.45 2.59 20 3 1 1 0
0 0 0 3689.44 2.59 20 1 1 1 0
0 0 0 19528.72 2.59 20 2 1 1 0
0 0 0 4487.67 2.59 20 2 1 1 4
0 0 0 19250.82 2.59 20 2 1 1 4
0 0 0 5160.98 2.59 20 2 1 1 0
0 0 0 13387.55 2.59 20 3 1 1 0
0 0 0 14954.04 2.59 20 3 1 1 1
0 0 0 7263.34 2.59 20 1 1 1 1
0 0 0 13251.40 2.59 40 4 0 1 0
0 0 0 10519.39 2.90 40 3 0 1 0
0 0 0 15156.63 2.90 40 2 1 1 0
0 0 0 10931.09 2.59 40 3 1 1 0
0 0 0 11079.31 2.90 40 1 1 1 0
0 0 0 13825.54 2.59 40 4 1 1 1
0 0 0 7644.28 2.59 20 2 1 1 0
0 0 0 16163.27 2.59 20 2 1 1 0
0 0 0 11117.57 2.59 20 1 1 1 0
0 0 0 11113.93 2.59 20 1 1 1 0
0 0 0 11066.38 2.59 40 1 0 1 0
0 0 0 11161.52 2.90 40 3 0 1 0
0 0 0 10749.97 2.90 40 3 1 1 0
0 0 0 12524.01 2.90 40 3 1 1 0
0 0 0 16101.72 2.59 40 1 1 1 0
0 0 0 9247.14 2.90 40 3 1 1 0
0 0 0 9564.46 2.90 40 6 1 1 0
#CONTAINERS_LOADED
4 1 1 7500.00 2.59 20 4 1 1 0
4 1 -1 7500.00 2.59 20 4 1 1 0
4 2 1 7500.00 2.59 20 4 1 1 0
4 2 -1 7500.00 2.59 20 4 1 1 0
4 3 1 7500.00 2.59 20 1 1 1 0
4 3 -1 7500.00 2.59 20 3 1 1 0
4 4 1 7500.00 2.59 20 2 1 1 0
4 4 -1 7500.00 2.59 20 4 1 1 0
4 5 1 7500.00 2.59 20 3 1 1 0
4 5 -1 7500.00 2.59 20 2 1 1 0
4 6 1 7500.00 2.59 20 3 1 1 0
4 6 -1 7500.00 2.59 20 3 1 1 0
4 7 1 7500.00 2.59 20 3 1 1 0
4 7 -1 7500.00 2.59 20 2 1 1 0
4 8 1 7500.00 2.59 20 3 0 1 0
4 8 -1 7500.00 2.59 20 4 0 1 0
5 1 1 7500.00 2.59 20 1 1 1 4
5 1 -1 7500.00 2.59 20 2 1 1 4
5 2 1 7500.00 2.59 20 2 1 1 4
5 2 -1 7500.00 2.59 20 3 1 1 4
5 3 1 7500.00 2.59 20 1 1 1 0
5 3 -1 7500.00 2.59 20 3 1 1 0
5 4 1 7500.00 2.59 20 3 1 1 4
5 4 -1 7500.00 2.59 20 1 1 1 4
5 5 1 7500.00 2.59 20 3 1 1 4
5 5 -1 7500.00 2.59 20 2 1 1 4
5 6 1 7500.00 2.59 20 3 1 1 4
5 6 -1 7500.00 2.59 20 2 1 1 4
5 7 1 7500.00 2.59 20 3 1 1 3
5 7 -1 7500.00 2.59 20 3 1 1 3
5 8 1 7500.00 2.59 20 3 0 1 0
5 8 -1 7500.00 2.59 20 3 0 1 0
6 1 1 7500.00 2.59 20 3 1 1 0
6 1 -1 7500.00 2.59 20 3 1 1 0
6 2 1 7500.00 2.59 20 4 1 1 0
6 2 -1 7500.00 2.59 20 4 1 1 0
6 3 1 7500.00 2.59 20 3 1 1 0
6 3 -1 7500.00 2.59 20 1 1 1 0
6 4 1 7500.00 2.59 20 3 1 1 0
6 4 -1 7500.00 2.59 20 3 1 1 0
6 5 1 7500.00 2.59 20 3 1 1 0
6 5 -1 7500.00 2.59 20 2 1 1 0
6 6 1 7500.00 2.59 20 3 1 1 0
6 6 -1 7500.00 2.59 20 2 1 1 0
6 7 1 7500.00 2.59 20 2 1 1 0
6 7 -1 7500.00 2.59 20 4 1 1 0
6 8 1 7500.00 2.59 20 1 0 1 0
6 8 -1 7500.00 2.59 20 2 0 1 0
#STACKS
90000.00 15.54 1
105000.00 18.13 1
120000.00 20.72 1
120000.00 20.72 1
120000.00 20.72 1
120000.00 20.72 1
120000.00 20.72 1
105000.00 18.13 1
90000.00 15.54 1
#CELLS
1 0 0 0 0 0 1
1 0 0 0 0 0 1
1 0 0 1 1 1 1
1 0 0 1 1 1 1
1 0 0 1 1 1 1
1 0 0 1 1 1 1
1 0 0 1 1 1 1
1 0 0 1 1 1 1
2 0 0 0 0 0 1
2 0 1 1 1 1 1
2 0 1 1 1 1 1
2 0 1 1 1 1 1
2 0 1 1 1 1 1
2 0 1 1 1 1 1
2 0 1 1 1 1 1
2 0 0 1 1 1 1
3 1 1 1 1 1 1
3 1 1 1 1 1 1
3 1 1 1 1 1 1
3 1 1 1 1 1 1
3 1 1 1 1 1 1
3 1 1 1 1 1 1
3 1 1 1 1 1 1
3 0 0 1 1 1 1
4 1 1 1 1 1 1
4 1 1 1 1 1 1
4 1 1 1 1 1 1
4 1 1 1 1 1 1
4 1 1 1 1 1 1
4 1 1 1 1 1 1
4 1 1 1 1 1 1
4 0 0 1 1 1 1
5 1 1 1 1 1 1
5 1 1 1 1 1 1
5 1 1 1 1 1 1
5 1 1 1 1 1 1
5 1 1 1 1 1 1
5 1 1 1 1 1 1
5 1 1 1 1 1 1
5 0 0 1 1 1 1
6 1 1 1 1 1 1
6 1 1 1 1 1 1
6 1 1 1 1 1 1
6 1 1 1 1 1 1
6 1 1 1 1 1 1
6 1 1 1 1 1 1
6 1 1 1 1 1 1
6 0 0 1 1 1 1
7 1 1 1 1 1 1
7 1 1 1 1 1 1
7 1 1 1 1 1 1
7 1 1 1 1 1 1
7 1 1 1 1 1 1
7 1 1 1 1 1 1
7 1 1 1 1 1 1
7 0 0 1 1 1 1
8 0 0 0 0 0 1
8 0 1 1 1 1 1
8 0 1 1 1 1 1
8 0 1 1 1 1 1
8 0 1 1 1 1 1
8 0 1 1 1 1 1
8 0 1 1 1 1 1
8 0 0 1 1 1 1
9 0 0 0 0 0 1
9 0 0 0 0 0 1
9 0 0 1 1 1 1
9 0 0 1 1 1 1
9 0 0 1 1 1 1
9 0 0 1 1 1 1
9 0 0 1 1 1 1
9 0 0 1 1 1 1
#INFO-GEN
Namespace(bayType=3, francisco=True, meanPort=3, seed=6927, stdPort=1.2414811390692533, target40=23, targetCapacity=87, targetHC=51, targetIMO=33, targetPorts=6, targetReefer=87, targetRelease=44, targetWeight=100)
