29 28 94 11 88 1 8
#POD
1 2 3 4 5 6 7 8 9 10 11 12 13 14 15 16 17 18 19 20 21 22 23 24 25 26 27 28 29
#LOCATIONS
1
#CONTAINERS_TOLOAD
0 0 0 11872.05 2.59 20 3 0 1 0
0 0 0 12765.01 2.59 20 20 0 1 0
0 0 0 8320.94 2.59 20 11 0 1 0
0 0 0 13401.49 2.59 20 25 0 1 0
0 0 0 8109.43 2.59 20 1 0 1 0
0 0 0 9626.49 2.59 20 14 0 1 0
0 0 0 10692.73 2.59 20 5 1 1 0
0 0 0 13414.58 2.59 20 17 1 1 0
0 0 0 8504.89 2.59 20 17 1 1 0
0 0 0 11915.17 2.59 20 3 1 1 0
0 0 0 7458.02 2.59 20 8 0 1 0
0 0 0 12413.05 2.59 20 7 0 1 0
0 0 0 10245.89 2.59 20 15 0 1 0
0 0 0 10714.47 2.59 20 4 0 1 0
0 0 0 8804.11 2.59 20 23 0 1 0
0 0 0 12176.23 2.59 20 6 0 1 0
0 0 0 9233.98 2.59 20 1 0 1 0
0 0 0 8433.27 2.59 20 12 0 1 0
0 0 0 16069.65 2.59 20 9 0 1 0
0 0 0 6291.91 2.59 20 13 0 1 0
0 0 0 11056.44 2.59 20 13 0 1 0
0 0 0 11549.01 2.59 20 17 0 1 0
0 0 0 7504.98 2.59 20 5 0 1 0
0 0 0 12760.01 2.59 20 20 0 1 0
0 0 0 12310.40 2.59 20 25 1 1 0
0 0 0 7874.55 2.59 20 4 1 1 0
0 0 0 10717.11 2.59 20 25 1 1 0
0 0 0 8252.15 2.59 20 12 1 1 0
#CONTAINERS_LOADED
3 1 1 7500.00 2.59 20 16 1 1 0
3 1 -1 7500.00 2.59 20 29 1 1 0
3 2 1 7500.00 2.59 20 21 1 1 0
3 2 -1 7500.00 2.59 20 29 1 1 0
3 3 1 7500.00 2.59 20 26 1 1 0
3 3 -1 7500.00 2.59 20 18 1 1 0
3 4 1 7500.00 2.59 20 21 1 1 0
3 4 -1 7500.00 2.59 20 14 1 1 0
3 5 1 7500.00 2.59 20 23 1 1 0
3 5 -1 7500.00 2.59 20 13 1 1 0
3 6 1 7500.00 2.59 20 1 0 1 1
3 6 -1 7500.00 2.59 20 20 0 1 1
3 7 1 7500.00 2.59 20 22 0 1 0
3 7 -1 7500.00 2.59 20 8 0 1 0
4 1 1 7500.00 2.59 20 5 1 1 0
4 1 -1 7500.00 2.59 20 21 1 1 0
4 2 1 7500.00 2.59 20 13 1 1 0
4 2 -1 7500.00 2.59 20 9 1 1 0
4 3 1 7500.00 2.59 20 22 1 1 0
4 3 -1 7500.00 2.59 20 6 1 1 0
4 4 1 7500.00 2.59 20 6 1 1 0
4 4 -1 7500.00 2.59 20 13 1 1 0
4 5 1 7500.00 2.59 20 17 1 1 0
4 5 -1 7500.00 2.59 20 19 1 1 0
4 6 1 7500.00 2.59 20 20 0 1 0
4 6 -1 7500.00 2.59 20 21 0 1 0
4 7 1 7500.00 2.59 20 10 0 1 0
4 7 -1 7500.00 2.59 20 21 0 1 0
4 8 1 7500.00 2.59 20 29 0 1 0
4 8 -1 7500.00 2.59 20 23 0 1 0
5 1 1 7500.00 2.59 20 21 1 1 0
5 1 -1 7500.00 2.59 20 18 1 1 0
5 2 1 7500.00 2.59 20 20 1 1 0
5 2 -1 7500.00 2.59 20 14 1 1 0
5 3 1 7500.00 2.59 20 18 1 1 0
5 3 -1 7500.00 2.59 20 24 1 1 0
5 4 1 7500.00 2.59 20 10 1 1 4
5 4 -1 7500.00 2.59 20 25 1 1 4
5 5 1 7500.00 2.59 20 1 1 1 0
5 5 -1 7500.00 2.59 20 28 1 1 0
5 6 1 7500.00 2.59 20 29 0 1 4
5 6 -1 7500.00 2.59 20 16 0 1 4
5 7 1 7500.00 2.59 20 7 0 1 0
5 7 -1 7500.00 2.59 20 15 0 1 0
5 8 1 7500.00 2.59 20 11 0 1 0
5 8 -1 7500.00 2.59 20 13 0 1 0
6 1 1 7500.00 2.59 20 15 1 1 0
6 1 -1 7500.00 2.59 20 14 1 1 0
6 2 1 7500.00 2.59 20 5 1 1 0
6 2 -1 7500.00 2.59 20 24 1 1 0
6 3 1 7500.00 2.59 20 18 1 1 0
6 3 -1 7500.00 2.59 20 15 1 1 0
6 4 1 7500.00 2.59 20 22 1 1 0
6 4 -1 7500.00 2.59 20 20 1 1 0
6 5 1 7500.00 2.59 20 22 1 1 0
6 5 -1 7500.00 2.59 20 7 1 1 0
6 6 1 7500.00 2.59 20 4 0 1 0
6 6 -1 7500.00 2.59 20 12 0 1 0
6 7 1 7500.00 2.59 20 18 0 1 0
6 7 -1 7500.00 2.59 20 5 0 1 0
6 8 1 7500.00 2.59 20 16 0 1 0
6 8 -1 7500.00 2.59 20 18 0 1 0
7 1 1 7500.00 2.59 20 10 1 1 0
7 1 -1 7500.00 2.59 20 3 1 1 0
7 2 1 7500.00 2.59 20 3 1 1 0
7 2 -1 7500.00 2.59 20 2 1 1 0
7 3 1 7500.00 2.59 20 14 1 1 0
7 3 -1 7500.00 2.59 20 13 1 1 0
7 4 1 7500.00 2.59 20 29 1 1 0
7 4 -1 7500.00 2.59 20 21 1 1 0
7 5 1 7500.00 2.59 20 10 1 1 0
7 5 -1 7500.00 2.59 20 14 1 1 0
7 6 1 7500.00 2.59 20 12 0 1 0
7 6 -1 7500.00 2.59 20 18 0 1 0
7 7 1 7500.00 2.59 20 8 0 1 0
7 7 -1 7500.00 2.59 20 24 0 1 0
7 8 1 7500.00 2.59 20 18 0 1 0
7 8 -1 7500.00 2.59 20 6 0 1 0
8 1 1 7500.00 2.59 20 27 1 1 0
8 1 -1 7500.00 2.59 20 26 1 1 0
8 2 1 7500.00 2.59 20 26 1 1 0
8 2 -1 7500.00 2.59 20 24 1 1 0
8 3 1 7500.00 2.59 20 15 1 1 0
8 3 -1 7500.00 2.59 20 25 1 1 0
8 4 1 7500.00 2.59 20 18 1 1 0
8 4 -1 7500.00 2.59 20 8 1 1 0
8 5 1 7500.00 2.59 20 6 1 1 0
8 5 -1 7500.00 2.59 20 21 1 1 0
8 6 1 7500.00 2.59 20 6 0 1 0
8 6 -1 7500.00 2.59 20 15 0 1 0
8 7 1 7500.00 2.59 20 21 0 1 0
8 7 -1 7500.00 2.59 20 22 0 1 0
8 8 1 7500.00 2.59 20 17 0 1 0
8 8 -1 7500.00 2.59 20 27 0 1 0
#STACKS
105000.00 18.13 1
120000.00 20.72 1
120000.00 20.72 1
120000.00 20.72 1
120000.00 20.72 1
120000.00 20.72 1
120000.00 20.72 1
120000.00 20.72 1
120000.00 20.72 1
120000.00 20.72 1
105000.00 18.13 1
#CELLS
1 0 0 0 0 0 1
1 1 1 1 1 1 1
1 1 1 1 1 1 1
1 1 1 1 1 1 1
1 1 1 1 1 1 1
1 0 0 1 1 1 1
1 0 0 1 1 1 1
1 0 0 1 1 1 1
2 1 1 1 1 1 1
2 1 1 1 1 1 1
2 1 1 1 1 1 1
2 1 1 1 1 1 1
2 1 1 1 1 1 1
2 0 0 1 1 1 1
2 0 0 1 1 1 1
2 0 0 1 1 1 1
3 1 1 1 1 1 1
3 1 1 1 1 1 1
3 1 1 1 1 1 1
3 1 1 1 1 1 1
3 1 1 1 1 1 1
3 0 0 1 1 1 1
3 0 0 1 1 1 1
3 0 0 1 1 1 1
4 1 1 1 1 1 1
4 1 1 1 1 1 1
4 1 1 1 1 1 1
4 1 1 1 1 1 1
4 1 1 1 1 1 1
4 0 0 1 1 1 1
4 0 0 1 1 1 1
4 0 0 1 1 1 1
5 1 1 1 1 1 1
5 1 1 1 1 1 1
5 1 1 1 1 1 1
5 1 1 1 1 1 1
5 1 1 1 1 1 1
5 0 0 1 1 1 1
5 0 0 1 1 1 1
5 0 0 1 1 1 1
6 1 1 1 1 1 1
6 1 1 1 1 1 1
6 1 1 1 1 1 1
6 1 1 1 1 1 1
6 1 1 1 1 1 1
6 0 0 1 1 1 1
6 0 0 1 1 1 1
6 0 0 1 1 1 1
7 1 1 1 1 1 1
7 1 1 1 1 1 1
7 1 1 1 1 1 1
7 1 1 1 1 1 1
7 1 1 1 1 1 1
7 0 0 1 1 1 1
7 0 0 1 1 1 1
7 0 0 1 1 1 1
8 1 1 1 1 1 1
8 1 1 1 1 1 1
8 1 1 1 1 1 1
8 1 1 1 1 1 1
8 1 1 1 1 1 1
8 0 0 1 1 1 1
8 0 0 1 1 1 1
8 0 0 1 1 1 1
9 1 1 1 1 1 1
9 1 1 1 1 1 1
9 1 1 1 1 1 1
9 1 1 1 1 1 1
9 1 1 1 1 1 1
9 0 0 1 1 1 1
9 0 0 1 1 1 1
9 0 0 1 1 1 1
10 1 1 1 1 1 1
10 1 1 1 1 1 1
10 1 1 1 1 1 1
10 1 1 1 1 1 1
10 1 1 1 1 1 1
10 0 0 1 1 1 1
10 0 0 1 1 1 1
10 0 0 1 1 1 1
11 0 0 0 0 0 1
11 1 1 1 1 1 1
11 1 1 1 1 1 1
11 1 1 1 1 1 1
11 1 1 1 1 1 1
11 0 0 1 1 1 1
11 0 0 1 1 1 1
11 0 0 1 1 1 1
#INFO-GEN
Namespace(bayType=4, francisco=True, meanPort=17, seed=1234, stdPort=19.80377748166358, target40=0, targetCapacity=71, targetHC=55, targetIMO=8, targetPorts=29, targetReefer=44, targetRelease=78, targetWeight=50)
