29 38 132 11 88 1 8
#POD
1 2 3 4 5 6 7 8 9 10 11 12 13 14 15 16 17 18 19 20 21 22 23 24 25 26 27 28 29
#LOCATIONS
1
#CONTAINERS_TOLOAD
0 0 0 8831.30 2.59 20 14 0 1 2
0 0 0 9418.20 2.59 20 5 0 1 2
0 0 0 6497.27 2.59 20 17 0 1 0
0 0 0 9836.54 2.59 20 17 0 1 0
0 0 0 6358.25 2.59 20 3 0 1 0
0 0 0 7355.36 2.59 20 8 0 1 0
0 0 0 8056.16 2.59 20 7 0 1 0
0 0 0 9845.14 2.59 20 15 0 1 0
0 0 0 6618.18 2.59 20 4 0 1 0
0 0 0 8859.64 2.59 20 23 0 1 0
0 0 0 5930.10 2.59 20 6 1 1 0
0 0 0 9186.87 2.59 20 1 1 1 0
0 0 0 7762.47 2.59 20 12 1 1 0
0 0 0 8070.46 2.59 20 9 1 1 0
0 0 0 6814.84 2.59 20 13 0 1 0
0 0 0 9031.22 2.59 20 13 0 1 0
0 0 0 7097.38 2.59 20 17 0 1 0
0 0 0 6571.10 2.59 20 5 0 1 0
0 0 0 11590.23 2.59 20 20 0 1 0
0 0 0 5163.66 2.59 20 25 0 1 0
0 0 0 8295.22 2.59 20 4 0 1 0
0 0 0 8618.97 2.59 20 25 0 1 0
0 0 0 5960.97 2.59 20 12 0 1 0
0 0 0 9414.92 2.59 20 16 0 1 0
0 0 0 9119.41 2.59 20 29 1 1 0
0 0 0 6203.87 2.59 20 21 1 1 0
0 0 0 8072.19 2.59 20 29 0 1 0
0 0 0 9174.80 2.59 20 26 0 1 0
0 0 0 5859.19 2.59 20 18 0 1 0
0 0 0 9595.53 2.59 20 21 0 1 0
0 0 0 7681.30 2.59 20 14 0 1 0
0 0 0 6902.42 2.59 20 23 0 1 0
0 0 0 9683.83 2.59 20 13 0 1 0
0 0 0 5194.87 2.59 20 1 0 1 0
0 0 0 10870.47 2.59 20 20 0 1 0
0 0 0 5798.31 2.59 20 22 0 1 0
0 0 0 7555.03 2.59 20 8 1 1 0
0 0 0 7076.30 2.59 20 5 1 1 0
#CONTAINERS_LOADED
2 1 1 7500.00 2.59 20 21 1 1 0
2 1 -1 7500.00 2.59 20 13 1 1 0
2 2 1 7500.00 2.59 20 9 1 1 0
2 2 -1 7500.00 2.59 20 22 1 1 0
2 3 1 7500.00 2.59 20 6 1 1 0
2 3 -1 7500.00 2.59 20 6 1 1 0
2 4 1 7500.00 2.59 20 13 1 1 0
2 4 -1 7500.00 2.59 20 17 1 1 0
2 5 1 7500.00 2.59 20 19 1 1 0
2 5 -1 7500.00 2.59 20 20 1 1 0
2 6 1 7500.00 2.59 20 21 0 1 0
2 6 -1 7500.00 2.59 20 10 0 1 0
2 7 1 7500.00 2.59 20 21 0 1 0
2 7 -1 7500.00 2.59 20 29 0 1 0
2 8 1 7500.00 2.59 20 23 0 1 0
2 8 -1 7500.00 2.59 20 21 0 1 0
3 1 1 7500.00 2.59 20 18 1 1 0
3 1 -1 7500.00 2.59 20 20 1 1 0
3 2 1 7500.00 2.59 20 14 1 1 0
3 2 -1 7500.00 2.59 20 18 1 1 0
3 3 1 7500.00 2.59 20 24 1 1 0
3 3 -1 7500.00 2.59 20 10 1 1 0
3 4 1 7500.00 2.59 20 25 1 1 0
3 4 -1 7500.00 2.59 20 1 1 1 0
3 5 1 7500.00 2.59 20 28 1 1 0
3 5 -1 7500.00 2.59 20 29 1 1 0
3 6 1 7500.00 2.59 20 16 0 1 0
3 6 -1 7500.00 2.59 20 7 0 1 0
3 7 1 7500.00 2.59 20 15 0 1 0
3 7 -1 7500.00 2.59 20 11 0 1 0
3 8 1 7500.00 2.59 20 13 0 1 0
3 8 -1 7500.00 2.59 20 15 0 1 0
4 1 1 7500.00 2.59 20 14 1 1 0
4 1 -1 7500.00 2.59 20 5 1 1 0
4 2 1 7500.00 2.59 20 24 1 1 0
4 2 -1 7500.00 2.59 20 18 1 1 0
4 3 1 7500.00 2.59 20 15 1 1 0
4 3 -1 7500.00 2.59 20 22 1 1 0
4 4 1 7500.00 2.59 20 20 1 1 0
4 4 -1 7500.00 2.59 20 22 1 1 0
4 5 1 7500.00 2.59 20 7 1 1 0
4 5 -1 7500.00 2.59 20 4 1 1 0
4 6 1 7500.00 2.59 20 12 0 1 0
4 6 -1 7500.00 2.59 20 18 0 1 0
4 7 1 7500.00 2.59 20 5 0 1 0
4 7 -1 7500.00 2.59 20 16 0 1 0
4 8 1 7500.00 2.59 20 18 0 1 0
4 8 -1 7500.00 2.59 20 10 0 1 0
5 1 1 7500.00 2.59 20 3 1 1 0
5 1 -1 7500.00 2.59 20 3 1 1 0
5 2 1 7500.00 2.59 20 2 1 1 0
5 2 -1 7500.00 2.59 20 14 1 1 0
5 3 1 7500.00 2.59 20 13 1 1 0
5 3 -1 7500.00 2.59 20 29 1 1 0
5 4 1 7500.00 2.59 20 21 1 1 0
5 4 -1 7500.00 2.59 20 10 1 1 0
5 5 1 7500.00 2.59 20 14 1 1 0
5 5 -1 7500.00 2.59 20 12 1 1 0
5 6 1 7500.00 2.59 20 18 0 1 0
5 6 -1 7500.00 2.59 20 8 0 1 0
5 7 1 7500.00 2.59 20 24 0 1 0
5 7 -1 7500.00 2.59 20 18 0 1 0
5 8 1 7500.00 2.59 20 6 0 1 0
5 8 -1 7500.00 2.59 20 27 0 1 0
6 1 1 7500.00 2.59 20 26 1 1 0
6 1 -1 7500.00 2.59 20 26 1 1 0
6 2 1 7500.00 2.59 20 24 1 1 0
6 2 -1 7500.00 2.59 20 15 1 1 0
6 3 1 7500.00 2.59 20 25 1 1 0
6 3 -1 7500.00 2.59 20 18 1 1 0
6 4 1 7500.00 2.59 20 8 1 1 0
6 4 -1 7500.00 2.59 20 6 1 1 0
6 5 1 7500.00 2.59 20 21 1 1 0
6 5 -1 7500.00 2.59 20 6 1 1 0
6 6 1 7500.00 2.59 20 15 0 1 0
6 6 -1 7500.00 2.59 20 21 0 1 0
6 7 1 7500.00 2.59 20 22 0 1 0
6 7 -1 7500.00 2.59 20 17 0 1 0
6 8 1 7500.00 2.59 20 27 0 1 0
6 8 -1 7500.00 2.59 20 22 0 1 0
7 1 1 7500.00 2.59 20 28 1 1 0
7 1 -1 7500.00 2.59 20 22 1 1 0
7 2 1 7500.00 2.59 20 25 1 1 2
7 2 -1 7500.00 2.59 20 9 1 1 2
7 3 1 7500.00 2.59 20 4 1 1 0
7 3 -1 7500.00 2.59 20 16 1 1 0
7 4 1 7500.00 2.59 20 22 1 1 0
7 4 -1 7500.00 2.59 20 7 1 1 0
7 5 1 7500.00 2.59 20 8 1 1 0
7 5 -1 7500.00 2.59 20 22 1 1 0
7 6 1 7500.00 2.59 20 17 0 1 0
7 6 -1 7500.00 2.59 20 1 0 1 0
7 7 1 7500.00 2.59 20 11 0 1 0
7 7 -1 7500.00 2.59 20 11 0 1 0
7 8 1 7500.00 2.59 20 23 0 1 0
7 8 -1 7500.00 2.59 20 25 0 1 0
8 1 1 7500.00 2.59 20 22 1 1 0
8 1 -1 7500.00 2.59 20 24 1 1 0
8 2 1 7500.00 2.59 20 18 1 1 0
8 2 -1 7500.00 2.59 20 25 1 1 0
8 3 1 7500.00 2.59 20 12 1 1 0
8 3 -1 7500.00 2.59 20 28 1 1 0
8 4 1 7500.00 2.59 20 18 1 1 0
8 4 -1 7500.00 2.59 20 22 1 1 0
8 5 1 7500.00 2.59 20 24 1 1 0
8 5 -1 7500.00 2.59 20 18 1 1 0
8 6 1 7500.00 2.59 20 10 0 1 0
8 6 -1 7500.00 2.59 20 25 0 1 0
8 7 1 7500.00 2.59 20 25 0 1 0
8 7 -1 7500.00 2.59 20 3 0 1 0
8 8 1 7500.00 2.59 20 17 0 1 0
8 8 -1 7500.00 2.59 20 25 0 1 0
9 1 1 7500.00 2.59 20 9 1 1 0
9 1 -1 7500.00 2.59 20 16 1 1 0
9 2 1 7500.00 2.59 20 25 1 1 0
9 2 -1 7500.00 2.59 20 18 1 1 0
9 3 1 7500.00 2.59 20 25 1 1 0
9 3 -1 7500.00 2.59 20 4 1 1 0
9 4 1 7500.00 2.59 20 22 1 1 0
9 4 -1 7500.00 2.59 20 21 1 1 0
9 5 1 7500.00 2.59 20 23 1 1 2
9 5 -1 7500.00 2.59 20 6 1 1 2
9 6 1 7500.00 2.59 20 8 0 1 0
9 6 -1 7500.00 2.59 20 17 0 1 0
9 7 1 7500.00 2.59 20 29 0 1 0
9 7 -1 7500.00 2.59 20 6 0 1 0
9 8 1 7500.00 2.59 20 27 0 1 0
9 8 -1 7500.00 2.59 20 18 0 1 0
10 1 1 7500.00 2.59 20 29 1 1 0
10 1 -1 7500.00 2.59 20 23 1 1 0
10 2 1 7500.00 2.59 20 18 1 1 0
10 2 -1 7500.00 2.59 20 17 1 1 0
#STACKS
105000.00 18.13 1
120000.00 20.72 1
120000.00 20.72 1
120000.00 20.72 1
120000.00 20.72 1
120000.00 20.72 1
120000.00 20.72 1
120000.00 20.72 1
120000.00 20.72 1
120000.00 20.72 1
105000.00 18.13 1
#CELLS
1 0 0 0 0 0 1
1 1 1 1 1 1 1
1 1 1 1 1 1 1
1 1 1 1 1 1 1
1 1 1 1 1 1 1
1 0 0 1 1 1 1
1 0 0 1 1 1 1
1 0 0 1 1 1 1
2 1 1 1 1 1 1
2 1 1 1 1 1 1
2 1 1 1 1 1 1
2 1 1 1 1 1 1
2 1 1 1 1 1 1
2 0 0 1 1 1 1
2 0 0 1 1 1 1
2 0 0 1 1 1 1
3 1 1 1 1 1 1
3 1 1 1 1 1 1
3 1 1 1 1 1 1
3 1 1 1 1 1 1
3 1 1 1 1 1 1
3 0 0 1 1 1 1
3 0 0 1 1 1 1
3 0 0 1 1 1 1
4 1 1 1 1 1 1
4 1 1 1 1 1 1
4 1 1 1 1 1 1
4 1 1 1 1 1 1
4 1 1 1 1 1 1
4 0 0 1 1 1 1
4 0 0 1 1 1 1
4 0 0 1 1 1 1
5 1 1 1 1 1 1
5 1 1 1 1 1 1
5 1 1 1 1 1 1
5 1 1 1 1 1 1
5 1 1 1 1 1 1
5 0 0 1 1 1 1
5 0 0 1 1 1 1
5 0 0 1 1 1 1
6 1 1 1 1 1 1
6 1 1 1 1 1 1
6 1 1 1 1 1 1
6 1 1 1 1 1 1
6 1 1 1 1 1 1
6 0 0 1 1 1 1
6 0 0 1 1 1 1
6 0 0 1 1 1 1
7 1 1 1 1 1 1
7 1 1 1 1 1 1
7 1 1 1 1 1 1
7 1 1 1 1 1 1
7 1 1 1 1 1 1
7 0 0 1 1 1 1
7 0 0 1 1 1 1
7 0 0 1 1 1 1
8 1 1 1 1 1 1
8 1 1 1 1 1 1
8 1 1 1 1 1 1
8 1 1 1 1 1 1
8 1 1 1 1 1 1
8 0 0 1 1 1 1
8 0 0 1 1 1 1
8 0 0 1 1 1 1
9 1 1 1 1 1 1
9 1 1 1 1 1 1
9 1 1 1 1 1 1
9 1 1 1 1 1 1
9 1 1 1 1 1 1
9 0 0 1 1 1 1
9 0 0 1 1 1 1
9 0 0 1 1 1 1
10 1 1 1 1 1 1
10 1 1 1 1 1 1
10 1 1 1 1 1 1
10 1 1 1 1 1 1
10 1 1 1 1 1 1
10 0 0 1 1 1 1
10 0 0 1 1 1 1
10 0 0 1 1 1 1
11 0 0 0 0 0 1
11 1 1 1 1 1 1
11 1 1 1 1 1 1
11 1 1 1 1 1 1
11 1 1 1 1 1 1
11 0 0 1 1 1 1
11 0 0 1 1 1 1
11 0 0 1 1 1 1
#INFO-GEN
Namespace(bayType=4, francisco=True, meanPort=17, seed=1234, stdPort=19.80377748166358, target40=0, targetCapacity=99, targetHC=55, targetIMO=8, targetPorts=29, targetReefer=44, targetRelease=78, targetWeight=100)
