15 39 67 11 88 1 8
#POD
1 2 3 4 5 6 7 8 9 10 11 12 13 14 15
#LOCATIONS
1
#CONTAINERS_TOLOAD
0 0 0 12288.84 2.59 20 13 0 1 0
0 0 0 5951.04 2.59 20 10 0 1 0
0 0 0 8014.99 2.59 20 8 0 1 0
0 0 0 13044.45 2.59 20 9 0 1 0
0 0 0 4909.64 2.59 20 14 0 1 0
0 0 0 11593.48 2.59 20 13 0 1 0
0 0 0 4969.11 2.59 20 9 0 1 0
0 0 0 10135.77 2.59 20 13 0 1 0
0 0 0 8061.61 2.59 20 4 1 1 0
0 0 0 8539.07 2.59 20 5 1 1 0
0 0 0 8718.48 2.59 20 8 1 1 0
0 0 0 11358.24 2.59 20 2 1 1 0
0 0 0 5778.67 2.59 20 15 1 1 0
0 0 0 9874.46 2.59 20 1 1 1 0
0 0 0 6590.45 2.59 20 1 1 1 0
0 0 0 11643.29 2.59 20 7 1 1 0
0 0 0 7227.22 2.59 20 10 0 1 3
0 0 0 7367.52 2.59 20 9 0 1 3
0 0 0 13280.42 2.59 20 6 0 1 4
0 0 0 4277.13 2.59 20 10 0 1 4
0 0 0 12558.34 2.59 20 11 0 1 3
0 0 0 4466.14 2.59 20 7 0 1 3
0 0 0 10844.66 2.59 20 8 0 1 3
0 0 0 8662.19 2.59 20 7 0 1 3
0 0 0 9150.58 2.59 20 9 1 1 3
0 0 0 8211.35 2.59 20 6 1 1 3
0 0 0 9006.60 2.59 20 10 1 1 3
0 0 0 6128.77 2.59 20 15 1 1 3
0 0 0 13430.26 2.59 20 5 1 1 4
0 0 0 3848.99 2.59 20 10 1 1 4
0 0 0 8378.47 2.90 40 11 0 1 4
0 0 0 10665.34 2.59 40 3 0 1 4
0 0 0 7359.73 2.59 40 13 0 1 3
0 0 0 7952.24 2.90 40 2 0 1 3
0 0 0 11072.72 2.90 40 8 0 1 3
0 0 0 9190.72 2.90 40 5 1 1 3
0 0 0 6711.10 2.90 40 3 1 1 3
0 0 0 10992.95 2.90 40 3 1 1 3
0 0 0 5211.96 2.90 40 3 1 1 0
#CONTAINERS_LOADED
3 1 1 7500.00 2.59 20 1 1 1 3
3 1 -1 7500.00 2.59 20 10 1 1 3
4 1 1 7500.00 2.59 20 11 1 1 0
4 1 -1 7500.00 2.59 20 6 1 1 0
4 2 1 7500.00 2.59 20 9 1 1 0
4 2 -1 7500.00 2.59 20 8 1 1 0
4 3 1 7500.00 2.59 20 7 1 1 0
4 3 -1 7500.00 2.59 20 7 1 1 0
4 4 1 7500.00 2.59 20 2 1 1 0
4 4 -1 7500.00 2.59 20 1 1 1 0
4 5 1 7500.00 2.59 20 2 1 1 0
4 5 -1 7500.00 2.59 20 8 1 1 0
4 6 1 7500.00 2.59 20 4 0 1 0
4 6 -1 7500.00 2.59 20 8 0 1 0
4 7 1 7500.00 2.59 20 2 0 1 0
4 7 -1 7500.00 2.59 20 14 0 1 0
4 8 1 7500.00 2.59 20 1 0 1 0
4 8 -1 7500.00 2.59 20 5 0 1 0
5 1 1 7500.00 2.59 20 14 1 1 0
5 1 -1 7500.00 2.59 20 7 1 1 0
5 2 1 7500.00 2.59 20 8 1 1 2
5 2 -1 7500.00 2.59 20 8 1 1 2
5 3 1 7500.00 2.59 20 6 1 1 2
5 3 -1 7500.00 2.59 20 4 1 1 2
5 4 1 7500.00 2.59 20 5 1 1 2
5 4 -1 7500.00 2.59 20 1 1 1 2
5 5 1 7500.00 2.59 20 14 1 1 2
5 5 -1 7500.00 2.59 20 2 1 1 2
5 6 1 7500.00 2.59 20 10 0 1 2
5 6 -1 7500.00 2.59 20 5 0 1 2
5 7 1 7500.00 2.59 20 7 0 1 2
5 7 -1 7500.00 2.59 20 9 0 1 2
5 8 1 7500.00 2.59 20 14 0 1 0
5 8 -1 7500.00 2.59 20 1 0 1 0
6 1 1 7500.00 2.59 20 3 1 1 0
6 1 -1 7500.00 2.59 20 3 1 1 0
6 2 1 7500.00 2.59 20 1 1 1 0
6 2 -1 7500.00 2.59 20 13 1 1 0
6 3 1 7500.00 2.59 20 7 1 1 0
6 3 -1 7500.00 2.59 20 7 1 1 0
6 4 1 7500.00 2.59 20 6 1 1 0
6 4 -1 7500.00 2.59 20 5 1 1 0
6 5 1 7500.00 2.59 20 11 1 1 0
6 5 -1 7500.00 2.59 20 6 1 1 0
6 6 1 7500.00 2.59 20 7 0 1 0
6 6 -1 7500.00 2.59 20 10 0 1 0
6 7 1 7500.00 2.59 20 2 0 1 0
6 7 -1 7500.00 2.59 20 15 0 1 0
6 8 1 7500.00 2.59 20 11 0 1 0
6 8 -1 7500.00 2.59 20 13 0 1 0
7 1 1 7500.00 2.59 20 13 1 1 0
7 1 -1 7500.00 2.59 20 5 1 1 0
7 2 0 15000.00 2.59 40 12 1 1 4
7 3 0 15000.00 2.59 40 5 1 1 0
7 4 0 15000.00 2.59 40 12 1 1 0
7 5 0 15000.00 2.59 40 1 1 1 4
7 6 0 15000.00 2.59 40 9 0 1 1
7 7 0 15000.00 2.59 40 6 0 1 4
7 8 0 15000.00 2.59 40 10 0 1 0
8 1 0 15000.00 2.59 40 10 1 1 0
8 2 0 15000.00 2.59 40 4 1 1 0
8 3 0 15000.00 2.59 40 6 1 1 0
8 4 0 15000.00 2.59 40 14 1 1 0
8 5 0 15000.00 2.59 40 4 1 1 0
8 6 0 15000.00 2.59 40 5 0 1 0
8 7 0 15000.00 2.59 40 1 0 1 0
8 8 0 15000.00 2.59 40 14 0 1 0
#STACKS
105000.00 18.13 1
120000.00 20.72 1
120000.00 20.72 1
120000.00 20.72 1
120000.00 20.72 1
120000.00 20.72 1
120000.00 20.72 1
120000.00 20.72 1
120000.00 20.72 1
120000.00 20.72 1
105000.00 18.13 1
#CELLS
1 0 0 0 0 0 1
1 1 1 1 1 1 1
1 1 1 1 1 1 1
1 1 1 1 1 1 1
1 1 1 1 1 1 1
1 0 0 1 1 1 1
1 0 0 1 1 1 1
1 0 0 1 1 1 1
2 1 1 1 1 1 1
2 1 1 1 1 1 1
2 1 1 1 1 1 1
2 1 1 1 1 1 1
2 1 1 1 1 1 1
2 0 0 1 1 1 1
2 0 0 1 1 1 1
2 0 0 1 1 1 1
3 1 1 1 1 1 1
3 1 1 1 1 1 1
3 1 1 1 1 1 1
3 1 1 1 1 1 1
3 1 1 1 1 1 1
3 0 0 1 1 1 1
3 0 0 1 1 1 1
3 0 0 1 1 1 1
4 1 1 1 1 1 1
4 1 1 1 1 1 1
4 1 1 1 1 1 1
4 1 1 1 1 1 1
4 1 1 1 1 1 1
4 0 0 1 1 1 1
4 0 0 1 1 1 1
4 0 0 1 1 1 1
5 1 1 1 1 1 1
5 1 1 1 1 1 1
5 1 1 1 1 1 1
5 1 1 1 1 1 1
5 1 1 1 1 1 1
5 0 0 1 1 1 1
5 0 0 1 1 1 1
5 0 0 1 1 1 1
6 1 1 1 1 1 1
6 1 1 1 1 1 1
6 1 1 1 1 1 1
6 1 1 1 1 1 1
6 1 1 1 1 1 1
6 0 0 1 1 1 1
6 0 0 1 1 1 1
6 0 0 1 1 1 1
7 1 1 1 1 1 1
7 1 1 1 1 1 1
7 1 1 1 1 1 1
7 1 1 1 1 1 1
7 1 1 1 1 1 1
7 0 0 1 1 1 1
7 0 0 1 1 1 1
7 0 0 1 1 1 1
8 1 1 1 1 1 1
8 1 1 1 1 1 1
8 1 1 1 1 1 1
8 1 1 1 1 1 1
8 1 1 1 1 1 1
8 0 0 1 1 1 1
8 0 0 1 1 1 1
8 0 0 1 1 1 1
9 1 1 1 1 1 1
9 1 1 1 1 1 1
9 1 1 1 1 1 1
9 1 1 1 1 1 1
9 1 1 1 1 1 1
9 0 0 1 1 1 1
9 0 0 1 1 1 1
9 0 0 1 1 1 1
10 1 1 1 1 1 1
10 1 1 1 1 1 1
10 1 1 1 1 1 1
10 1 1 1 1 1 1
10 1 1 1 1 1 1
10 0 0 1 1 1 1
10 0 0 1 1 1 1
10 0 0 1 1 1 1
11 0 0 0 0 0 1
11 1 1 1 1 1 1
11 1 1 1 1 1 1
11 1 1 1 1 1 1
11 1 1 1 1 1 1
11 0 0 1 1 1 1
11 0 0 1 1 1 1
11 0 0 1 1 1 1
#INFO-GEN
Namespace(bayType=4, francisco=True, meanPort=3, seed=3456, stdPort=11.889895101186168, target40=38, targetCapacity=76, targetHC=52, targetIMO=63, targetPorts=15, targetReefer=79, targetRelease=64, targetWeight=50)
