14 11 22 5 40 1 8
#POD
1 2 3 4 5 6 7 8 9 10 11 13 14 15
#LOCATIONS
1
#CONTAINERS_TOLOAD
0 0 0 13754.55 2.59 20 10 0 1 0
0 0 0 6416.69 2.59 20 3 0 1 0
0 0 0 8806.31 2.59 20 5 0 1 0
0 0 0 14629.38 2.59 20 8 0 1 0
0 0 0 5210.96 2.59 20 8 0 1 0
0 0 0 12949.47 2.59 20 2 0 1 0
0 0 0 5279.82 2.59 40 13 0 1 0
0 0 0 11261.74 2.90 40 10 0 1 0
0 0 0 8860.30 2.59 40 8 0 1 0
0 0 0 9413.10 2.59 40 9 0 1 0
0 0 0 8412.67 2.90 40 14 1 1 0
#CONTAINERS_LOADED
2 4 1 7500.00 2.59 20 13 1 1 0
2 4 -1 7500.00 2.59 20 9 0 1 0
2 5 1 7500.00 2.59 20 13 1 1 0
2 5 -1 7500.00 2.59 20 4 0 1 0
2 6 1 7500.00 2.59 20 5 0 1 0
2 6 -1 7500.00 2.59 20 8 0 1 0
2 7 1 7500.00 2.59 20 2 0 1 0
2 7 -1 7500.00 2.59 20 15 0 1 0
3 1 1 7500.00 2.59 20 1 1 1 0
3 1 -1 7500.00 2.59 20 1 0 1 0
3 2 1 7500.00 2.59 20 7 1 1 0
3 2 -1 7500.00 2.59 20 10 0 1 0
3 3 1 7500.00 2.59 20 9 1 1 0
3 3 -1 7500.00 2.59 20 6 0 1 0
3 4 1 7500.00 2.59 20 10 1 1 3
3 4 -1 7500.00 2.59 20 11 0 1 3
3 5 1 7500.00 2.59 20 7 1 1 4
3 5 -1 7500.00 2.59 20 8 0 1 4
3 6 1 7500.00 2.59 20 7 0 1 3
3 6 -1 7500.00 2.59 20 9 0 1 3
3 7 0 15000.00 2.59 40 6 0 1 4
3 8 0 15000.00 2.59 40 10 0 1 3
#STACKS
60000.00 10.36 1
75000.00 12.95 1
120000.00 20.72 1
75000.00 12.95 1
60000.00 10.36 1
#CELLS
1 0 0 0 0 0 1
1 0 0 0 0 0 1
1 0 0 0 0 0 1
1 0 0 0 0 0 1
1 0 0 1 1 1 1
1 0 0 1 1 1 1
1 0 0 1 1 1 1
1 0 0 1 1 1 1
2 0 0 0 0 0 1
2 0 0 0 0 0 1
2 0 0 0 0 0 1
2 0 1 1 1 1 1
2 0 1 1 1 1 1
2 0 0 1 1 1 1
2 0 0 1 1 1 1
2 0 0 1 1 1 1
3 0 1 1 1 1 1
3 0 1 1 1 1 1
3 0 1 1 1 1 1
3 0 1 1 1 1 1
3 0 1 1 1 1 1
3 0 0 1 1 1 1
3 0 0 1 1 1 1
3 0 0 1 1 1 1
4 0 0 0 0 0 1
4 0 0 0 0 0 1
4 0 0 0 0 0 1
4 0 1 1 1 1 1
4 0 1 1 1 1 1
4 0 0 1 1 1 1
4 0 0 1 1 1 1
4 0 0 1 1 1 1
5 0 0 0 0 0 1
5 0 0 0 0 0 1
5 0 0 0 0 0 1
5 0 0 0 0 0 1
5 0 0 1 1 1 1
5 0 0 1 1 1 1
5 0 0 1 1 1 1
5 0 0 1 1 1 1
#INFO-GEN
Namespace(bayType=1, francisco=True, meanPort=3, seed=3456, stdPort=11.889895101186168, target40=38, targetCapacity=79, targetHC=52, targetIMO=63, targetPorts=15, targetReefer=79, targetRelease=64, targetWeight=50)
