15 38 76 11 88 1 8
#POD
1 2 3 4 5 6 7 8 9 10 11 12 13 14 15
#LOCATIONS
1
#CONTAINERS_TOLOAD
0 0 0 25210.63 2.59 20 13 0 1 0
0 0 0 10234.91 2.59 20 12 0 1 0
0 0 0 14996.19 2.59 20 10 0 1 0
0 0 0 27131.32 2.59 20 1 0 1 0
0 0 0 7581.74 2.59 20 7 0 1 0
0 0 0 23645.32 2.59 20 9 0 1 0
0 0 0 7727.35 2.59 20 7 0 1 0
0 0 0 20139.79 2.59 20 2 0 1 0
0 0 0 15157.45 2.59 20 4 1 1 0
0 0 0 16304.38 2.59 20 15 1 1 0
0 0 0 16735.28 2.59 20 10 1 1 0
0 0 0 23075.76 2.59 20 6 1 1 0
0 0 0 9674.12 2.59 20 13 1 1 0
0 0 0 19511.84 2.59 20 14 1 1 0
0 0 0 11623.93 2.59 20 15 1 1 0
0 0 0 23719.54 2.59 20 1 1 1 0
0 0 0 13219.12 2.59 20 14 0 1 0
0 0 0 13463.64 2.59 20 9 0 1 0
0 0 0 27696.32 2.59 20 10 0 1 4
0 0 0 6064.39 2.59 20 13 0 1 4
0 0 0 25960.90 2.59 20 1 0 1 3
0 0 0 6520.01 2.59 20 1 0 1 3
0 0 0 21842.61 2.59 20 11 0 1 4
0 0 0 16599.84 2.59 20 3 0 1 4
0 0 0 17773.36 2.90 40 9 0 1 1
0 0 0 15517.01 2.90 40 4 0 1 0
0 0 0 17427.49 2.59 40 1 0 1 4
0 0 0 10514.93 2.59 40 6 0 1 4
0 0 0 28052.57 2.59 40 14 1 1 0
0 0 0 5039.17 2.90 40 13 1 1 0
0 0 0 15918.60 2.90 40 8 1 1 0
0 0 0 21411.47 2.59 40 4 1 1 0
0 0 0 13471.68 2.90 40 1 0 1 0
0 0 0 14894.84 2.90 40 1 0 1 0
0 0 0 22389.94 2.59 40 8 1 1 0
0 0 0 17869.56 2.59 40 8 1 1 0
0 0 0 11913.74 2.59 40 11 1 1 0
0 0 0 13933.26 2.90 40 4 1 1 0
#CONTAINERS_LOADED
3 1 1 7500.00 2.59 20 1 1 1 3
3 1 -1 7500.00 2.59 20 7 1 1 3
3 2 1 7500.00 2.59 20 1 1 1 4
3 2 -1 7500.00 2.59 20 8 1 1 4
3 3 1 7500.00 2.59 20 3 1 1 0
3 3 -1 7500.00 2.59 20 4 1 1 0
3 4 1 7500.00 2.59 20 6 1 1 3
3 4 -1 7500.00 2.59 20 12 1 1 3
4 1 1 7500.00 2.59 20 11 1 1 0
4 1 -1 7500.00 2.59 20 4 1 1 0
4 2 1 7500.00 2.59 20 11 1 1 0
4 2 -1 7500.00 2.59 20 14 1 1 0
4 3 1 7500.00 2.59 20 6 1 1 0
4 3 -1 7500.00 2.59 20 7 1 1 0
4 4 1 7500.00 2.59 20 1 1 1 0
4 4 -1 7500.00 2.59 20 15 1 1 0
4 5 1 7500.00 2.59 20 2 1 1 0
4 5 -1 7500.00 2.59 20 7 1 1 0
4 6 1 7500.00 2.59 20 10 0 1 0
4 6 -1 7500.00 2.59 20 1 0 1 0
4 7 1 7500.00 2.59 20 1 0 1 0
4 7 -1 7500.00 2.59 20 3 0 1 0
4 8 1 7500.00 2.59 20 3 0 1 0
4 8 -1 7500.00 2.59 20 6 0 1 0
5 1 1 7500.00 2.59 20 14 1 1 0
5 1 -1 7500.00 2.59 20 1 1 1 0
5 2 1 7500.00 2.59 20 4 1 1 0
5 2 -1 7500.00 2.59 20 11 1 1 0
5 3 1 7500.00 2.59 20 10 1 1 0
5 3 -1 7500.00 2.59 20 5 1 1 0
5 4 1 7500.00 2.59 20 1 1 1 1
5 4 -1 7500.00 2.59 20 12 1 1 1
5 5 1 7500.00 2.59 20 3 1 1 0
5 5 -1 7500.00 2.59 20 2 1 1 0
5 6 1 7500.00 2.59 20 3 0 1 0
5 6 -1 7500.00 2.59 20 9 0 1 0
5 7 1 7500.00 2.59 20 1 0 1 0
5 7 -1 7500.00 2.59 20 1 0 1 0
5 8 1 7500.00 2.59 20 4 0 1 1
5 8 -1 7500.00 2.59 20 9 0 1 1
6 1 1 7500.00 2.59 20 10 1 1 0
6 1 -1 7500.00 2.59 20 6 1 1 0
6 2 1 7500.00 2.59 20 12 1 1 0
6 2 -1 7500.00 2.59 20 2 1 1 0
6 3 1 7500.00 2.59 20 8 1 1 0
6 3 -1 7500.00 2.59 20 10 1 1 0
6 4 1 7500.00 2.59 20 8 1 1 0
6 4 -1 7500.00 2.59 20 5 1 1 0
6 5 1 7500.00 2.59 20 13 1 1 0
6 5 -1 7500.00 2.59 20 8 1 1 0
6 6 1 7500.00 2.59 20 12 0 1 0
6 6 -1 7500.00 2.59 20 1 0 1 0
6 7 1 7500.00 2.59 20 11 0 1 0
6 7 -1 7500.00 2.59 20 10 0 1 0
6 8 1 7500.00 2.59 20 1 0 1 0
6 8 -1 7500.00 2.59 20 1 0 1 0
7 1 1 7500.00 2.59 20 5 1 1 0
7 1 -1 7500.00 2.59 20 11 1 1 0
7 2 1 7500.00 2.59 20 2 1 1 3
7 2 -1 7500.00 2.59 20 4 1 1 3
7 3 1 7500.00 2.59 20 7 1 1 0
7 3 -1 7500.00 2.59 20 11 1 1 0
7 4 1 7500.00 2.59 20 12 1 1 0
7 4 -1 7500.00 2.59 20 14 1 1 0
7 5 0 15000.00 2.59 40 7 1 1 4
7 6 0 15000.00 2.59 40 9 0 1 3
7 7 0 15000.00 2.59 40 5 0 1 0
7 8 0 15000.00 2.59 40 11 0 1 0
8 1 0 15000.00 2.59 40 11 1 1 0
8 2 0 15000.00 2.59 40 9 1 1 0
8 3 0 15000.00 2.59 40 11 1 1 0
8 4 0 15000.00 2.59 40 1 1 1 0
8 5 0 15000.00 2.59 40 11 1 1 0
8 6 0 15000.00 2.59 40 6 0 1 0
8 7 0 15000.00 2.59 40 2 0 1 0
8 8 0 15000.00 2.59 40 9 0 1 0
#STACKS
105000.00 18.13 1
120000.00 20.72 1
120000.00 20.72 1
120000.00 20.72 1
120000.00 20.72 1
120000.00 20.72 1
120000.00 20.72 1
120000.00 20.72 1
120000.00 20.72 1
120000.00 20.72 1
105000.00 18.13 1
#CELLS
1 0 0 0 0 0 1
1 1 1 1 1 1 1
1 1 1 1 1 1 1
1 1 1 1 1 1 1
1 1 1 1 1 1 1
1 0 0 1 1 1 1
1 0 0 1 1 1 1
1 0 0 1 1 1 1
2 1 1 1 1 1 1
2 1 1 1 1 1 1
2 1 1 1 1 1 1
2 1 1 1 1 1 1
2 1 1 1 1 1 1
2 0 0 1 1 1 1
2 0 0 1 1 1 1
2 0 0 1 1 1 1
3 1 1 1 1 1 1
3 1 1 1 1 1 1
3 1 1 1 1 1 1
3 1 1 1 1 1 1
3 1 1 1 1 1 1
3 0 0 1 1 1 1
3 0 0 1 1 1 1
3 0 0 1 1 1 1
4 1 1 1 1 1 1
4 1 1 1 1 1 1
4 1 1 1 1 1 1
4 1 1 1 1 1 1
4 1 1 1 1 1 1
4 0 0 1 1 1 1
4 0 0 1 1 1 1
4 0 0 1 1 1 1
5 1 1 1 1 1 1
5 1 1 1 1 1 1
5 1 1 1 1 1 1
5 1 1 1 1 1 1
5 1 1 1 1 1 1
5 0 0 1 1 1 1
5 0 0 1 1 1 1
5 0 0 1 1 1 1
6 1 1 1 1 1 1
6 1 1 1 1 1 1
6 1 1 1 1 1 1
6 1 1 1 1 1 1
6 1 1 1 1 1 1
6 0 0 1 1 1 1
6 0 0 1 1 1 1
6 0 0 1 1 1 1
7 1 1 1 1 1 1
7 1 1 1 1 1 1
7 1 1 1 1 1 1
7 1 1 1 1 1 1
7 1 1 1 1 1 1
7 0 0 1 1 1 1
7 0 0 1 1 1 1
7 0 0 1 1 1 1
8 1 1 1 1 1 1
8 1 1 1 1 1 1
8 1 1 1 1 1 1
8 1 1 1 1 1 1
8 1 1 1 1 1 1
8 0 0 1 1 1 1
8 0 0 1 1 1 1
8 0 0 1 1 1 1
9 1 1 1 1 1 1
9 1 1 1 1 1 1
9 1 1 1 1 1 1
9 1 1 1 1 1 1
9 1 1 1 1 1 1
9 0 0 1 1 1 1
9 0 0 1 1 1 1
9 0 0 1 1 1 1
10 1 1 1 1 1 1
10 1 1 1 1 1 1
10 1 1 1 1 1 1
10 1 1 1 1 1 1
10 1 1 1 1 1 1
10 0 0 1 1 1 1
10 0 0 1 1 1 1
10 0 0 1 1 1 1
11 0 0 0 0 0 1
11 1 1 1 1 1 1
11 1 1 1 1 1 1
11 1 1 1 1 1 1
11 1 1 1 1 1 1
11 0 0 1 1 1 1
11 0 0 1 1 1 1
11 0 0 1 1 1 1
#INFO-GEN
Namespace(bayType=4, francisco=True, meanPort=3, seed=3456, stdPort=11.889895101186168, target40=38, targetCapacity=82, targetHC=52, targetIMO=63, targetPorts=15, targetReefer=79, targetRelease=64, targetWeight=100)
