7 63 32 11 88 1 8
#POD
1 2 3 4 5 6 7
#LOCATIONS
1
#CONTAINERS_TOLOAD
0 0 0 8838.98 2.59 20 3 0 1 0
0 0 0 12570.76 2.59 20 7 0 1 0
0 0 0 4125.77 2.59 20 2 0 1 0
0 0 0 8255.06 2.59 20 5 0 1 0
0 0 0 12223.20 2.59 20 7 0 1 0
0 0 0 4374.71 2.59 20 3 0 1 0
0 0 0 11610.99 2.59 20 3 0 1 0
0 0 0 5518.83 2.59 20 6 0 1 0
0 0 0 9359.41 2.59 20 6 0 1 0
0 0 0 8887.80 2.59 20 5 0 1 0
0 0 0 6938.61 2.59 20 6 0 1 0
0 0 0 10429.17 2.59 20 5 0 1 0
0 0 0 6420.79 2.59 20 4 1 1 0
0 0 0 8396.62 2.59 20 4 1 1 0
0 0 0 7476.87 2.59 20 5 1 1 0
0 0 0 11111.25 2.59 20 2 1 1 0
0 0 0 5274.62 2.59 20 6 0 1 0
0 0 0 9008.31 2.59 20 4 0 1 0
0 0 0 9101.67 2.59 20 5 0 1 0
0 0 0 8549.11 2.59 20 4 0 1 0
0 0 0 7146.23 2.59 20 4 0 1 0
0 0 0 11059.85 2.59 20 2 0 1 0
0 0 0 6395.69 2.59 20 4 0 1 0
0 0 0 8128.29 2.59 20 2 0 1 0
0 0 0 11092.37 2.59 20 3 0 1 0
0 0 0 5006.63 2.59 20 6 0 1 0
0 0 0 10748.03 2.59 20 7 0 1 0
0 0 0 6125.15 2.59 20 7 0 1 0
0 0 0 9523.76 2.59 20 5 1 1 0
0 0 0 8744.43 2.59 20 6 1 1 0
0 0 0 6057.70 2.59 20 1 1 1 0
0 0 0 12337.40 2.59 20 3 1 1 0
0 0 0 4503.91 2.59 40 6 0 1 4
0 0 0 8270.24 2.59 20 7 0 1 0
0 0 0 11135.20 2.59 20 6 0 1 0
0 0 0 6593.05 2.59 20 5 0 1 0
0 0 0 10742.10 2.59 20 4 0 1 0
0 0 0 4646.81 2.59 20 7 0 1 0
0 0 0 10549.67 2.59 20 7 0 1 0
0 0 0 7522.51 2.59 20 2 0 1 0
0 0 0 9539.18 2.59 20 3 0 1 0
0 0 0 6221.50 2.59 20 3 0 1 0
0 0 0 9014.17 2.59 20 1 0 1 0
0 0 0 10521.59 2.59 20 4 0 1 0
0 0 0 5504.75 2.59 20 3 0 1 0
0 0 0 9902.40 2.59 20 2 1 1 3
0 0 0 8594.34 2.59 20 5 1 1 3
0 0 0 6543.79 2.59 40 3 0 1 0
0 0 0 8731.65 2.90 40 4 0 1 0
0 0 0 9929.88 2.90 40 3 0 1 0
0 0 0 6421.85 2.59 40 4 0 1 0
0 0 0 8665.20 2.59 40 6 0 1 0
0 0 0 7860.68 2.59 40 1 0 1 0
0 0 0 7995.99 2.59 40 7 0 1 0
0 0 0 10216.30 2.59 40 6 1 1 0
0 0 0 6636.34 2.90 40 6 0 1 0
0 0 0 9913.77 2.59 40 7 0 1 1
0 0 0 6537.14 2.59 40 5 0 1 0
0 0 0 12747.64 2.59 40 4 0 1 0
0 0 0 4163.19 2.59 40 6 0 1 0
0 0 0 9002.04 2.59 40 5 0 1 1
0 0 0 7390.10 2.59 40 2 0 1 1
0 0 0 8123.98 2.59 40 4 1 1 1
#CONTAINERS_LOADED
5 1 1 7500.00 2.59 20 3 1 1 0
5 1 -1 7500.00 2.59 20 4 1 1 0
5 2 1 7500.00 2.59 20 5 1 1 0
5 2 -1 7500.00 2.59 20 3 1 1 0
5 3 1 7500.00 2.59 20 3 1 1 0
5 3 -1 7500.00 2.59 20 3 1 1 0
5 4 1 7500.00 2.59 20 7 1 1 0
5 4 -1 7500.00 2.59 20 7 1 1 0
5 5 1 7500.00 2.59 20 7 1 1 0
5 5 -1 7500.00 2.59 20 4 1 1 0
5 6 1 7500.00 2.59 20 4 0 1 1
5 6 -1 7500.00 2.59 20 1 0 1 1
5 7 1 7500.00 2.59 20 7 0 1 0
5 7 -1 7500.00 2.59 20 5 0 1 0
5 8 1 7500.00 2.59 20 5 0 1 0
5 8 -1 7500.00 2.59 20 5 0 1 0
6 1 1 7500.00 2.59 20 1 1 1 0
6 1 -1 7500.00 2.59 20 5 1 1 0
6 2 1 7500.00 2.59 20 6 1 1 0
6 2 -1 7500.00 2.59 20 2 1 1 0
6 3 1 7500.00 2.59 20 3 1 1 0
6 3 -1 7500.00 2.59 20 5 1 1 0
6 4 1 7500.00 2.59 20 5 1 1 0
6 4 -1 7500.00 2.59 20 6 1 1 0
6 5 1 7500.00 2.59 20 6 1 1 0
6 5 -1 7500.00 2.59 20 2 1 1 0
6 6 1 7500.00 2.59 20 2 0 1 0
6 6 -1 7500.00 2.59 20 6 0 1 0
6 7 1 7500.00 2.59 20 1 0 1 0
6 7 -1 7500.00 2.59 20 4 0 1 0
6 8 1 7500.00 2.59 20 4 0 1 0
6 8 -1 7500.00 2.59 20 5 0 1 0
#STACKS
105000.00 18.13 1
120000.00 20.72 1
120000.00 20.72 1
120000.00 20.72 1
120000.00 20.72 1
120000.00 20.72 1
120000.00 20.72 1
120000.00 20.72 1
120000.00 20.72 1
120000.00 20.72 1
105000.00 18.13 1
#CELLS
1 0 0 0 0 0 1
1 1 1 1 1 1 1
1 1 1 1 1 1 1
1 1 1 1 1 1 1
1 1 1 1 1 1 1
1 0 0 1 1 1 1
1 0 0 1 1 1 1
1 0 0 1 1 1 1
2 1 1 1 1 1 1
2 1 1 1 1 1 1
2 1 1 1 1 1 1
2 1 1 1 1 1 1
2 1 1 1 1 1 1
2 0 0 1 1 1 1
2 0 0 1 1 1 1
2 0 0 1 1 1 1
3 1 1 1 1 1 1
3 1 1 1 1 1 1
3 1 1 1 1 1 1
3 1 1 1 1 1 1
3 1 1 1 1 1 1
3 0 0 1 1 1 1
3 0 0 1 1 1 1
3 0 0 1 1 1 1
4 1 1 1 1 1 1
4 1 1 1 1 1 1
4 1 1 1 1 1 1
4 1 1 1 1 1 1
4 1 1 1 1 1 1
4 0 0 1 1 1 1
4 0 0 1 1 1 1
4 0 0 1 1 1 1
5 1 1 1 1 1 1
5 1 1 1 1 1 1
5 1 1 1 1 1 1
5 1 1 1 1 1 1
5 1 1 1 1 1 1
5 0 0 1 1 1 1
5 0 0 1 1 1 1
5 0 0 1 1 1 1
6 1 1 1 1 1 1
6 1 1 1 1 1 1
6 1 1 1 1 1 1
6 1 1 1 1 1 1
6 1 1 1 1 1 1
6 0 0 1 1 1 1
6 0 0 1 1 1 1
6 0 0 1 1 1 1
7 1 1 1 1 1 1
7 1 1 1 1 1 1
7 1 1 1 1 1 1
7 1 1 1 1 1 1
7 1 1 1 1 1 1
7 0 0 1 1 1 1
7 0 0 1 1 1 1
7 0 0 1 1 1 1
8 1 1 1 1 1 1
8 1 1 1 1 1 1
8 1 1 1 1 1 1
8 1 1 1 1 1 1
8 1 1 1 1 1 1
8 0 0 1 1 1 1
8 0 0 1 1 1 1
8 0 0 1 1 1 1
9 1 1 1 1 1 1
9 1 1 1 1 1 1
9 1 1 1 1 1 1
9 1 1 1 1 1 1
9 1 1 1 1 1 1
9 0 0 1 1 1 1
9 0 0 1 1 1 1
9 0 0 1 1 1 1
10 1 1 1 1 1 1
10 1 1 1 1 1 1
10 1 1 1 1 1 1
10 1 1 1 1 1 1
10 1 1 1 1 1 1
10 0 0 1 1 1 1
10 0 0 1 1 1 1
10 0 0 1 1 1 1
11 0 0 0 0 0 1
11 1 1 1 1 1 1
11 1 1 1 1 1 1
11 1 1 1 1 1 1
11 1 1 1 1 1 1
11 0 0 1 1 1 1
11 0 0 1 1 1 1
11 0 0 1 1 1 1
#INFO-GEN
Namespace(bayType=4, francisco=True, meanPort=6, seed=2344, stdPort=5.201965974440161, target40=31, targetCapacity=66, targetHC=21, targetIMO=18, targetPorts=7, targetReefer=30, targetRelease=30, targetWeight=50)
