7 59 28 11 88 1 8
#POD
1 2 3 4 5 6 7
#LOCATIONS
1
#CONTAINERS_TOLOAD
0 0 0 14745.84 2.59 20 7 0 1 0
0 0 0 22252.78 2.59 20 3 0 1 0
0 0 0 5264.62 2.59 20 7 0 1 0
0 0 0 13571.21 2.59 20 2 0 1 0
0 0 0 21553.62 2.59 20 5 0 1 0
0 0 0 5765.39 2.59 20 7 0 1 0
0 0 0 20322.10 2.59 20 3 0 1 0
0 0 0 8066.94 2.59 20 3 0 1 0
0 0 0 15792.75 2.59 20 6 0 1 0
0 0 0 14844.06 2.59 20 6 0 1 0
0 0 0 10923.01 2.59 20 5 0 1 0
0 0 0 17944.71 2.59 20 6 0 1 0
0 0 0 9881.34 2.59 20 5 1 1 2
0 0 0 13855.99 2.59 20 4 1 1 2
0 0 0 12005.78 2.59 20 4 1 1 0
0 0 0 19316.79 2.59 20 5 1 1 0
0 0 0 7575.69 2.59 20 2 0 1 0
0 0 0 15086.46 2.59 20 6 0 1 0
0 0 0 15274.29 2.59 20 4 0 1 0
0 0 0 14162.72 2.59 20 5 0 1 0
0 0 0 11340.66 2.59 20 4 0 1 0
0 0 0 19213.40 2.59 20 4 0 1 0
0 0 0 9830.85 2.59 20 2 0 1 0
0 0 0 13316.20 2.59 20 4 0 1 0
0 0 0 19278.82 2.59 20 2 0 1 0
0 0 0 7036.58 2.59 20 3 0 1 0
0 0 0 18586.13 2.59 20 6 0 1 0
0 0 0 9286.64 2.59 20 7 0 1 0
0 0 0 16123.36 2.59 20 7 0 1 0
0 0 0 14555.65 2.59 20 5 0 1 0
0 0 0 9150.95 2.59 20 6 1 1 0
0 0 0 21783.35 2.59 20 1 1 1 0
0 0 0 6025.31 2.59 20 3 0 1 0
0 0 0 13601.75 2.59 20 6 0 1 0
0 0 0 19364.98 2.59 20 7 0 1 4
0 0 0 10227.87 2.59 20 6 0 1 4
0 0 0 18574.21 2.59 40 5 0 1 0
0 0 0 6312.77 2.90 40 4 0 1 0
0 0 0 18187.11 2.90 40 7 0 1 0
0 0 0 12097.60 2.59 40 7 0 1 0
0 0 0 16154.39 2.59 20 2 0 1 0
0 0 0 9480.44 2.59 20 3 0 1 0
0 0 0 15098.25 2.59 20 3 0 1 0
0 0 0 18130.62 2.59 20 1 0 1 0
0 0 0 8038.63 2.59 20 4 0 1 0
0 0 0 16885.04 2.59 20 3 0 1 0
0 0 0 14253.71 2.59 20 2 1 1 0
0 0 0 10128.77 2.59 20 5 1 1 0
0 0 0 14529.93 2.90 40 3 0 1 0
0 0 0 16940.33 2.59 40 4 0 1 0
0 0 0 9883.49 2.90 40 3 0 1 0
0 0 0 14396.27 2.90 40 4 0 1 0
0 0 0 12777.88 2.59 40 6 0 1 0
0 0 0 13050.06 2.59 40 1 0 1 0
0 0 0 17516.50 2.59 40 7 0 1 0
0 0 0 10314.96 2.59 40 6 1 1 0
0 0 0 16907.91 2.59 40 6 0 1 0
0 0 0 10115.40 2.90 40 7 0 1 0
0 0 0 13249.13 2.59 40 5 1 1 1
#CONTAINERS_LOADED
5 1 1 7500.00 2.59 20 4 1 1 0
5 1 -1 7500.00 2.59 20 6 1 1 0
5 2 1 7500.00 2.59 20 5 1 1 0
5 2 -1 7500.00 2.59 20 2 1 1 0
5 3 1 7500.00 2.59 20 4 1 1 0
5 3 -1 7500.00 2.59 20 3 1 1 0
5 4 1 7500.00 2.59 20 4 1 1 0
5 4 -1 7500.00 2.59 20 5 1 1 0
5 5 1 7500.00 2.59 20 3 1 1 0
5 5 -1 7500.00 2.59 20 3 1 1 0
5 6 1 7500.00 2.59 20 3 0 1 0
5 6 -1 7500.00 2.59 20 7 0 1 0
6 1 1 7500.00 2.59 20 7 1 1 0
6 1 -1 7500.00 2.59 20 7 1 1 0
6 2 1 7500.00 2.59 20 4 1 1 0
6 2 -1 7500.00 2.59 20 4 1 1 0
6 3 1 7500.00 2.59 20 1 1 1 0
6 3 -1 7500.00 2.59 20 7 1 1 0
6 4 1 7500.00 2.59 20 5 1 1 0
6 4 -1 7500.00 2.59 20 5 1 1 0
6 5 1 7500.00 2.59 20 5 1 1 0
6 5 -1 7500.00 2.59 20 1 1 1 0
6 6 1 7500.00 2.59 20 5 0 1 0
6 6 -1 7500.00 2.59 20 6 0 1 0
6 7 1 7500.00 2.59 20 2 0 1 0
6 7 -1 7500.00 2.59 20 3 0 1 0
6 8 1 7500.00 2.59 20 5 0 1 0
6 8 -1 7500.00 2.59 20 5 0 1 0
#STACKS
105000.00 18.13 1
120000.00 20.72 1
120000.00 20.72 1
120000.00 20.72 1
120000.00 20.72 1
120000.00 20.72 1
120000.00 20.72 1
120000.00 20.72 1
120000.00 20.72 1
120000.00 20.72 1
105000.00 18.13 1
#CELLS
1 0 0 0 0 0 1
1 1 1 1 1 1 1
1 1 1 1 1 1 1
1 1 1 1 1 1 1
1 1 1 1 1 1 1
1 0 0 1 1 1 1
1 0 0 1 1 1 1
1 0 0 1 1 1 1
2 1 1 1 1 1 1
2 1 1 1 1 1 1
2 1 1 1 1 1 1
2 1 1 1 1 1 1
2 1 1 1 1 1 1
2 0 0 1 1 1 1
2 0 0 1 1 1 1
2 0 0 1 1 1 1
3 1 1 1 1 1 1
3 1 1 1 1 1 1
3 1 1 1 1 1 1
3 1 1 1 1 1 1
3 1 1 1 1 1 1
3 0 0 1 1 1 1
3 0 0 1 1 1 1
3 0 0 1 1 1 1
4 1 1 1 1 1 1
4 1 1 1 1 1 1
4 1 1 1 1 1 1
4 1 1 1 1 1 1
4 1 1 1 1 1 1
4 0 0 1 1 1 1
4 0 0 1 1 1 1
4 0 0 1 1 1 1
5 1 1 1 1 1 1
5 1 1 1 1 1 1
5 1 1 1 1 1 1
5 1 1 1 1 1 1
5 1 1 1 1 1 1
5 0 0 1 1 1 1
5 0 0 1 1 1 1
5 0 0 1 1 1 1
6 1 1 1 1 1 1
6 1 1 1 1 1 1
6 1 1 1 1 1 1
6 1 1 1 1 1 1
6 1 1 1 1 1 1
6 0 0 1 1 1 1
6 0 0 1 1 1 1
6 0 0 1 1 1 1
7 1 1 1 1 1 1
7 1 1 1 1 1 1
7 1 1 1 1 1 1
7 1 1 1 1 1 1
7 1 1 1 1 1 1
7 0 0 1 1 1 1
7 0 0 1 1 1 1
7 0 0 1 1 1 1
8 1 1 1 1 1 1
8 1 1 1 1 1 1
8 1 1 1 1 1 1
8 1 1 1 1 1 1
8 1 1 1 1 1 1
8 0 0 1 1 1 1
8 0 0 1 1 1 1
8 0 0 1 1 1 1
9 1 1 1 1 1 1
9 1 1 1 1 1 1
9 1 1 1 1 1 1
9 1 1 1 1 1 1
9 1 1 1 1 1 1
9 0 0 1 1 1 1
9 0 0 1 1 1 1
9 0 0 1 1 1 1
10 1 1 1 1 1 1
10 1 1 1 1 1 1
10 1 1 1 1 1 1
10 1 1 1 1 1 1
10 1 1 1 1 1 1
10 0 0 1 1 1 1
10 0 0 1 1 1 1
10 0 0 1 1 1 1
11 0 0 0 0 0 1
11 1 1 1 1 1 1
11 1 1 1 1 1 1
11 1 1 1 1 1 1
11 1 1 1 1 1 1
11 0 0 1 1 1 1
11 0 0 1 1 1 1
11 0 0 1 1 1 1
#INFO-GEN
Namespace(bayType=4, francisco=True, meanPort=6, seed=2344, stdPort=5.201965974440161, target40=31, targetCapacity=60, targetHC=21, targetIMO=18, targetPorts=7, targetReefer=30, targetRelease=30, targetWeight=75)
