7 82 42 11 88 1 8
#POD
1 2 3 4 5 6 7
#LOCATIONS
1
#CONTAINERS_TOLOAD
0 0 0 12733.45 2.59 20 5 1 1 0
0 0 0 18954.26 2.59 20 6 1 1 0
0 0 0 4876.63 2.59 20 3 0 1 0
0 0 0 11760.07 2.59 20 6 0 1 0
0 0 0 18374.88 2.59 20 3 0 1 0
0 0 0 5291.61 2.59 20 1 0 1 0
0 0 0 17354.35 2.59 20 5 0 1 0
0 0 0 7198.83 2.59 20 3 0 1 0
0 0 0 13601.00 2.59 20 2 0 1 0
0 0 0 12814.84 2.59 20 5 0 1 0
0 0 0 9565.58 2.59 20 6 0 1 0
0 0 0 15384.27 2.59 20 2 0 1 0
0 0 0 8702.38 2.59 20 2 0 1 0
0 0 0 11996.06 2.59 20 1 0 1 0
0 0 0 10462.85 2.59 20 2 1 1 0
0 0 0 16521.28 2.59 20 7 1 1 0
0 0 0 6791.75 2.59 20 4 1 1 0
0 0 0 13015.72 2.59 20 2 1 1 0
0 0 0 13171.36 2.59 20 4 0 1 0
0 0 0 12250.24 2.59 20 1 0 1 0
0 0 0 9911.67 2.59 20 4 0 1 3
0 0 0 16435.60 2.59 20 2 0 1 3
0 0 0 8660.54 2.59 20 7 0 1 0
0 0 0 11548.75 2.59 20 6 0 1 0
0 0 0 16489.81 2.59 20 4 0 1 3
0 0 0 6345.00 2.59 20 5 0 1 3
0 0 0 15915.80 2.59 20 7 0 1 0
0 0 0 8209.57 2.59 20 7 0 1 0
0 0 0 13874.97 2.59 20 6 0 1 0
0 0 0 12575.85 2.59 20 7 0 1 0
0 0 0 8097.12 2.59 20 5 1 1 0
0 0 0 18565.25 2.59 20 6 1 1 0
0 0 0 5506.99 2.59 20 3 1 1 0
0 0 0 11785.38 2.59 20 3 1 1 0
0 0 0 16561.21 2.59 20 4 0 1 0
0 0 0 8989.54 2.59 20 1 0 1 0
0 0 0 15905.92 2.59 20 2 0 1 0
0 0 0 5745.20 2.59 20 5 0 1 0
0 0 0 15585.14 2.59 20 3 0 1 0
0 0 0 10538.93 2.59 20 2 0 1 0
0 0 0 13900.68 2.59 20 4 0 1 0
0 0 0 8370.17 2.59 20 5 0 1 0
0 0 0 13025.49 2.59 20 5 0 1 0
0 0 0 15538.33 2.59 20 3 0 1 0
0 0 0 7175.37 2.59 20 1 0 1 0
0 0 0 14506.15 2.59 20 6 0 1 0
0 0 0 12325.64 2.59 20 5 0 1 0
0 0 0 8907.42 2.59 20 6 0 1 0
0 0 0 12554.54 2.59 20 1 1 1 0
0 0 0 14551.97 2.59 20 4 1 1 0
0 0 0 8704.16 2.59 20 3 0 1 0
0 0 0 12443.77 2.59 20 6 0 1 0
0 0 0 11102.66 2.59 20 6 0 1 2
0 0 0 11328.21 2.59 20 6 0 1 2
0 0 0 15029.43 2.59 20 5 0 1 0
0 0 0 9061.71 2.59 20 6 0 1 0
0 0 0 14525.10 2.59 40 6 0 1 0
0 0 0 8896.34 2.59 40 6 0 1 0
0 0 0 19249.12 2.59 40 5 0 1 0
0 0 0 4939.02 2.59 40 6 0 1 0
0 0 0 13005.28 2.59 40 7 0 1 0
0 0 0 10318.20 2.90 40 5 0 1 0
0 0 0 17730.84 2.59 20 4 0 1 0
0 0 0 5829.72 2.59 20 1 0 1 0
0 0 0 15836.02 2.59 20 6 1 1 0
0 0 0 9474.03 2.59 20 1 1 1 0
0 0 0 11448.43 2.90 40 5 0 1 0
0 0 0 15697.65 2.59 40 4 0 1 0
0 0 0 8563.61 2.59 40 1 0 1 0
0 0 0 14283.48 2.59 40 4 0 1 0
0 0 0 8495.72 2.59 40 2 0 1 0
0 0 0 11933.02 2.59 40 4 0 1 0
0 0 0 11946.42 2.59 40 7 0 1 0
0 0 0 16496.50 2.59 40 1 1 1 0
0 0 0 6663.47 2.59 40 4 0 1 0
0 0 0 12545.15 2.59 40 5 0 1 0
0 0 0 16013.59 2.59 40 2 0 1 0
0 0 0 9355.31 2.59 40 5 0 1 0
0 0 0 14706.71 2.90 40 7 0 1 0
0 0 0 8389.15 2.59 40 7 0 1 0
0 0 0 10376.35 2.59 40 5 0 1 0
0 0 0 11666.36 2.59 40 5 1 1 0
#CONTAINERS_LOADED
5 1 1 7500.00 2.59 20 2 1 1 0
5 1 -1 7500.00 2.59 20 2 1 1 0
5 2 1 7500.00 2.59 20 6 1 1 2
5 2 -1 7500.00 2.59 20 2 1 1 2
5 3 1 7500.00 2.59 20 6 1 1 0
5 3 -1 7500.00 2.59 20 3 1 1 0
5 4 1 7500.00 2.59 20 3 1 1 0
5 4 -1 7500.00 2.59 20 5 1 1 0
5 5 1 7500.00 2.59 20 3 1 1 2
5 5 -1 7500.00 2.59 20 7 1 1 2
5 6 1 7500.00 2.59 20 4 0 1 0
5 6 -1 7500.00 2.59 20 1 0 1 0
5 7 1 7500.00 2.59 20 7 0 1 0
5 7 -1 7500.00 2.59 20 4 0 1 0
5 8 1 7500.00 2.59 20 7 0 1 0
5 8 -1 7500.00 2.59 20 1 0 1 0
6 1 1 7500.00 2.59 20 2 1 1 0
6 1 -1 7500.00 2.59 20 5 1 1 0
6 2 1 7500.00 2.59 20 3 1 1 0
6 2 -1 7500.00 2.59 20 5 1 1 0
6 3 1 7500.00 2.59 20 6 1 1 0
6 3 -1 7500.00 2.59 20 3 1 1 0
6 4 1 7500.00 2.59 20 5 1 1 0
6 4 -1 7500.00 2.59 20 1 1 1 0
6 5 1 7500.00 2.59 20 2 1 1 0
6 5 -1 7500.00 2.59 20 4 1 1 0
6 6 1 7500.00 2.59 20 6 0 1 0
6 6 -1 7500.00 2.59 20 5 0 1 0
6 7 1 7500.00 2.59 20 7 0 1 0
6 7 -1 7500.00 2.59 20 6 0 1 0
6 8 1 7500.00 2.59 20 2 0 1 0
6 8 -1 7500.00 2.59 20 7 0 1 0
7 1 1 7500.00 2.59 20 3 1 1 0
7 1 -1 7500.00 2.59 20 6 1 1 0
7 2 1 7500.00 2.59 20 4 1 1 0
7 2 -1 7500.00 2.59 20 3 1 1 0
7 3 1 7500.00 2.59 20 5 1 1 2
7 3 -1 7500.00 2.59 20 7 1 1 2
7 4 1 7500.00 2.59 20 7 1 1 0
7 4 -1 7500.00 2.59 20 4 1 1 0
7 5 1 7500.00 2.59 20 4 1 1 2
7 5 -1 7500.00 2.59 20 1 1 1 2
#STACKS
105000.00 18.13 1
120000.00 20.72 1
120000.00 20.72 1
120000.00 20.72 1
120000.00 20.72 1
120000.00 20.72 1
120000.00 20.72 1
120000.00 20.72 1
120000.00 20.72 1
120000.00 20.72 1
105000.00 18.13 1
#CELLS
1 0 0 0 0 0 1
1 1 1 1 1 1 1
1 1 1 1 1 1 1
1 1 1 1 1 1 1
1 1 1 1 1 1 1
1 0 0 1 1 1 1
1 0 0 1 1 1 1
1 0 0 1 1 1 1
2 1 1 1 1 1 1
2 1 1 1 1 1 1
2 1 1 1 1 1 1
2 1 1 1 1 1 1
2 1 1 1 1 1 1
2 0 0 1 1 1 1
2 0 0 1 1 1 1
2 0 0 1 1 1 1
3 1 1 1 1 1 1
3 1 1 1 1 1 1
3 1 1 1 1 1 1
3 1 1 1 1 1 1
3 1 1 1 1 1 1
3 0 0 1 1 1 1
3 0 0 1 1 1 1
3 0 0 1 1 1 1
4 1 1 1 1 1 1
4 1 1 1 1 1 1
4 1 1 1 1 1 1
4 1 1 1 1 1 1
4 1 1 1 1 1 1
4 0 0 1 1 1 1
4 0 0 1 1 1 1
4 0 0 1 1 1 1
5 1 1 1 1 1 1
5 1 1 1 1 1 1
5 1 1 1 1 1 1
5 1 1 1 1 1 1
5 1 1 1 1 1 1
5 0 0 1 1 1 1
5 0 0 1 1 1 1
5 0 0 1 1 1 1
6 1 1 1 1 1 1
6 1 1 1 1 1 1
6 1 1 1 1 1 1
6 1 1 1 1 1 1
6 1 1 1 1 1 1
6 0 0 1 1 1 1
6 0 0 1 1 1 1
6 0 0 1 1 1 1
7 1 1 1 1 1 1
7 1 1 1 1 1 1
7 1 1 1 1 1 1
7 1 1 1 1 1 1
7 1 1 1 1 1 1
7 0 0 1 1 1 1
7 0 0 1 1 1 1
7 0 0 1 1 1 1
8 1 1 1 1 1 1
8 1 1 1 1 1 1
8 1 1 1 1 1 1
8 1 1 1 1 1 1
8 1 1 1 1 1 1
8 0 0 1 1 1 1
8 0 0 1 1 1 1
8 0 0 1 1 1 1
9 1 1 1 1 1 1
9 1 1 1 1 1 1
9 1 1 1 1 1 1
9 1 1 1 1 1 1
9 1 1 1 1 1 1
9 0 0 1 1 1 1
9 0 0 1 1 1 1
9 0 0 1 1 1 1
10 1 1 1 1 1 1
10 1 1 1 1 1 1
10 1 1 1 1 1 1
10 1 1 1 1 1 1
10 1 1 1 1 1 1
10 0 0 1 1 1 1
10 0 0 1 1 1 1
10 0 0 1 1 1 1
11 0 0 0 0 0 1
11 1 1 1 1 1 1
11 1 1 1 1 1 1
11 1 1 1 1 1 1
11 1 1 1 1 1 1
11 0 0 1 1 1 1
11 0 0 1 1 1 1
11 0 0 1 1 1 1
#INFO-GEN
Namespace(bayType=4, francisco=True, meanPort=6, seed=2344, stdPort=5.201965974440161, target40=31, targetCapacity=85, targetHC=21, targetIMO=18, targetPorts=7, targetReefer=30, targetRelease=30, targetWeight=100)
