6 50 46 11 88 1 8
#POD
1 2 3 4 5 6
#LOCATIONS
1
#CONTAINERS_TOLOAD
0 0 0 15757.27 2.59 20 3 0 1 4
0 0 0 20607.23 2.59 20 2 0 1 4
0 0 0 6347.47 2.59 20 5 0 1 3
0 0 0 15646.95 2.59 20 3 0 1 3
0 0 0 16054.55 2.59 20 3 0 1 0
0 0 0 17870.33 2.59 20 3 0 1 0
0 0 0 7435.32 2.59 20 1 1 1 4
0 0 0 24319.99 2.59 20 3 1 1 4
0 0 0 3732.48 2.59 20 1 1 1 0
0 0 0 22757.93 2.59 20 2 1 1 0
0 0 0 5689.52 2.59 20 3 1 1 0
0 0 0 24452.44 2.59 20 1 1 1 0
0 0 0 4069.81 2.59 20 3 1 1 0
0 0 0 24279.83 2.59 20 6 1 1 0
0 0 0 3942.22 2.59 20 3 1 1 4
0 0 0 19467.50 2.59 20 2 1 1 4
0 0 0 9830.76 2.59 20 1 0 1 0
0 0 0 22538.30 2.59 20 3 0 1 0
0 0 0 5221.42 2.59 20 1 0 1 0
0 0 0 14830.39 2.59 20 3 0 1 0
0 0 0 14936.26 2.59 20 4 0 1 0
0 0 0 20990.65 2.59 20 2 0 1 0
0 0 0 6974.36 2.59 20 4 0 1 0
0 0 0 15011.63 2.59 20 3 0 1 0
0 0 0 19954.36 2.59 20 2 1 1 0
0 0 0 6831.78 2.59 20 3 1 1 0
0 0 0 14012.31 2.59 20 1 1 1 0
0 0 0 23661.62 2.59 20 2 1 1 0
0 0 0 3867.03 2.59 20 2 1 1 0
0 0 0 23786.45 2.59 20 2 1 1 0
0 0 0 4870.89 2.59 20 4 1 1 0
0 0 0 23436.97 2.59 20 2 1 1 0
0 0 0 5717.64 2.59 20 2 0 1 0
0 0 0 16063.34 2.59 20 4 0 1 0
0 0 0 18033.35 2.90 40 4 0 1 0
0 0 0 8361.56 2.59 40 2 0 1 0
0 0 0 15892.12 2.59 40 2 0 1 0
0 0 0 12456.35 2.90 40 2 0 1 0
0 0 0 18288.14 2.59 40 3 1 1 0
0 0 0 12974.10 2.59 40 2 1 1 0
0 0 0 13160.51 2.59 20 1 1 1 0
0 0 0 16614.16 2.59 20 2 1 1 0
0 0 0 8840.63 2.59 20 5 1 1 0
0 0 0 19554.08 2.59 20 1 1 1 0
0 0 0 13208.62 2.90 40 1 0 1 3
0 0 0 13204.05 2.59 40 3 0 1 3
0 0 0 13144.25 2.59 40 3 1 1 0
0 0 0 13263.90 2.59 40 2 1 1 0
0 0 0 12746.33 2.59 40 3 1 1 0
0 0 0 14040.85 2.90 40 1 1 1 4
#CONTAINERS_LOADED
5 1 1 7500.00 2.59 20 5 1 1 0
5 1 -1 7500.00 2.59 20 3 1 1 0
5 2 1 7500.00 2.59 20 1 1 1 3
5 2 -1 7500.00 2.59 20 4 1 1 3
5 3 1 7500.00 2.59 20 3 1 1 0
5 3 -1 7500.00 2.59 20 3 1 1 0
5 4 1 7500.00 2.59 20 2 1 1 4
5 4 -1 7500.00 2.59 20 3 1 1 4
5 5 1 7500.00 2.59 20 2 1 1 4
5 5 -1 7500.00 2.59 20 2 1 1 4
5 6 1 7500.00 2.59 20 3 0 1 4
5 6 -1 7500.00 2.59 20 3 0 1 4
5 7 1 7500.00 2.59 20 2 0 1 4
5 7 -1 7500.00 2.59 20 5 0 1 4
5 8 1 7500.00 2.59 20 3 0 1 0
5 8 -1 7500.00 2.59 20 4 0 1 0
6 1 1 7500.00 2.59 20 3 1 1 0
6 1 -1 7500.00 2.59 20 1 1 1 0
6 2 1 7500.00 2.59 20 1 1 1 0
6 2 -1 7500.00 2.59 20 1 1 1 0
6 3 1 7500.00 2.59 20 3 1 1 0
6 3 -1 7500.00 2.59 20 2 1 1 0
6 4 1 7500.00 2.59 20 2 1 1 0
6 4 -1 7500.00 2.59 20 4 1 1 0
6 5 1 7500.00 2.59 20 3 1 1 0
6 5 -1 7500.00 2.59 20 3 1 1 0
6 6 1 7500.00 2.59 20 3 0 1 0
6 6 -1 7500.00 2.59 20 3 0 1 0
6 7 1 7500.00 2.59 20 1 0 1 0
6 7 -1 7500.00 2.59 20 2 0 1 0
6 8 1 7500.00 2.59 20 2 0 1 0
6 8 -1 7500.00 2.59 20 3 0 1 0
7 1 1 7500.00 2.59 20 2 1 1 0
7 1 -1 7500.00 2.59 20 3 1 1 0
7 2 1 7500.00 2.59 20 4 1 1 0
7 2 -1 7500.00 2.59 20 4 1 1 0
7 3 1 7500.00 2.59 20 5 1 1 0
7 3 -1 7500.00 2.59 20 3 1 1 0
7 4 1 7500.00 2.59 20 3 1 1 0
7 4 -1 7500.00 2.59 20 3 1 1 0
7 5 1 7500.00 2.59 20 2 1 1 0
7 5 -1 7500.00 2.59 20 1 1 1 0
7 6 1 7500.00 2.59 20 2 0 1 0
7 6 -1 7500.00 2.59 20 2 0 1 0
7 7 1 7500.00 2.59 20 1 0 1 1
7 7 -1 7500.00 2.59 20 1 0 1 1
#STACKS
105000.00 18.13 1
120000.00 20.72 1
120000.00 20.72 1
120000.00 20.72 1
120000.00 20.72 1
120000.00 20.72 1
120000.00 20.72 1
120000.00 20.72 1
120000.00 20.72 1
120000.00 20.72 1
105000.00 18.13 1
#CELLS
1 0 0 0 0 0 1
1 1 1 1 1 1 1
1 1 1 1 1 1 1
1 1 1 1 1 1 1
1 1 1 1 1 1 1
1 0 0 1 1 1 1
1 0 0 1 1 1 1
1 0 0 1 1 1 1
2 1 1 1 1 1 1
2 1 1 1 1 1 1
2 1 1 1 1 1 1
2 1 1 1 1 1 1
2 1 1 1 1 1 1
2 0 0 1 1 1 1
2 0 0 1 1 1 1
2 0 0 1 1 1 1
3 1 1 1 1 1 1
3 1 1 1 1 1 1
3 1 1 1 1 1 1
3 1 1 1 1 1 1
3 1 1 1 1 1 1
3 0 0 1 1 1 1
3 0 0 1 1 1 1
3 0 0 1 1 1 1
4 1 1 1 1 1 1
4 1 1 1 1 1 1
4 1 1 1 1 1 1
4 1 1 1 1 1 1
4 1 1 1 1 1 1
4 0 0 1 1 1 1
4 0 0 1 1 1 1
4 0 0 1 1 1 1
5 1 1 1 1 1 1
5 1 1 1 1 1 1
5 1 1 1 1 1 1
5 1 1 1 1 1 1
5 1 1 1 1 1 1
5 0 0 1 1 1 1
5 0 0 1 1 1 1
5 0 0 1 1 1 1
6 1 1 1 1 1 1
6 1 1 1 1 1 1
6 1 1 1 1 1 1
6 1 1 1 1 1 1
6 1 1 1 1 1 1
6 0 0 1 1 1 1
6 0 0 1 1 1 1
6 0 0 1 1 1 1
7 1 1 1 1 1 1
7 1 1 1 1 1 1
7 1 1 1 1 1 1
7 1 1 1 1 1 1
7 1 1 1 1 1 1
7 0 0 1 1 1 1
7 0 0 1 1 1 1
7 0 0 1 1 1 1
8 1 1 1 1 1 1
8 1 1 1 1 1 1
8 1 1 1 1 1 1
8 1 1 1 1 1 1
8 1 1 1 1 1 1
8 0 0 1 1 1 1
8 0 0 1 1 1 1
8 0 0 1 1 1 1
9 1 1 1 1 1 1
9 1 1 1 1 1 1
9 1 1 1 1 1 1
9 1 1 1 1 1 1
9 1 1 1 1 1 1
9 0 0 1 1 1 1
9 0 0 1 1 1 1
9 0 0 1 1 1 1
10 1 1 1 1 1 1
10 1 1 1 1 1 1
10 1 1 1 1 1 1
10 1 1 1 1 1 1
10 1 1 1 1 1 1
10 0 0 1 1 1 1
10 0 0 1 1 1 1
10 0 0 1 1 1 1
11 0 0 0 0 0 1
11 1 1 1 1 1 1
11 1 1 1 1 1 1
11 1 1 1 1 1 1
11 1 1 1 1 1 1
11 0 0 1 1 1 1
11 0 0 1 1 1 1
11 0 0 1 1 1 1
#INFO-GEN
Namespace(bayType=4, francisco=True, meanPort=3, seed=6927, stdPort=1.2414811390692533, target40=23, targetCapacity=63, targetHC=51, targetIMO=33, targetPorts=6, targetReefer=87, targetRelease=44, targetWeight=75)
