28 32 102 11 88 1 8
#POD
1 2 3 4 5 6 7 8 9 10 11 12 13 14 15 16 17 18 19 20 21 22 23 24 25 26 27 28
#LOCATIONS
1
#CONTAINERS_TOLOAD
0 0 0 12804.84 2.59 20 22 0 1 0
0 0 0 4083.06 2.59 20 23 0 1 0
0 0 0 12220.92 2.59 20 18 0 1 0
0 0 0 4201.20 2.59 20 23 0 1 0
0 0 0 8205.13 2.59 20 21 0 1 0
0 0 0 8461.39 2.59 20 6 0 1 0
0 0 0 11219.19 2.59 20 17 0 1 0
0 0 0 5601.32 2.59 20 22 0 1 0
0 0 0 10687.95 2.59 20 20 0 1 0
0 0 0 5007.07 2.59 20 27 0 1 0
0 0 0 11164.51 2.59 20 16 0 1 0
0 0 0 5880.62 2.59 20 11 0 1 0
0 0 0 8836.80 2.59 20 19 0 1 0
0 0 0 9409.04 2.59 20 27 0 1 0
0 0 0 7243.28 2.59 20 8 1 1 0
0 0 0 6414.04 2.59 20 12 1 1 0
0 0 0 8294.11 2.59 20 24 0 1 0
0 0 0 12522.16 2.59 20 25 0 1 0
0 0 0 4074.77 2.59 20 9 0 1 0
0 0 0 8108.35 2.59 20 8 0 1 0
0 0 0 9355.35 2.59 20 18 0 1 0
0 0 0 9435.34 2.59 20 21 0 1 0
0 0 0 6099.69 2.59 20 24 0 1 0
0 0 0 10047.22 2.59 20 3 0 1 0
0 0 0 8122.51 2.59 20 21 0 1 3
0 0 0 6243.15 2.59 20 6 0 1 3
0 0 0 12064.92 2.59 40 22 0 1 0
0 0 0 4099.21 2.90 40 4 0 1 0
0 0 0 11606.01 2.59 20 27 0 1 0
0 0 0 5356.12 2.59 20 4 0 1 0
0 0 0 9504.79 2.59 20 16 1 1 0
0 0 0 6121.91 2.59 20 1 1 1 0
#CONTAINERS_LOADED
3 1 1 7500.00 2.59 20 7 1 1 0
3 1 -1 7500.00 2.59 20 6 1 1 0
3 2 1 7500.00 2.59 20 9 1 1 0
3 2 -1 7500.00 2.59 20 13 1 1 0
3 3 1 7500.00 2.59 20 6 1 1 0
3 3 -1 7500.00 2.59 20 20 1 1 0
3 4 1 7500.00 2.59 20 17 1 1 0
3 4 -1 7500.00 2.59 20 14 1 1 0
3 5 1 7500.00 2.59 20 17 1 1 0
3 5 -1 7500.00 2.59 20 19 1 1 0
3 6 1 7500.00 2.59 20 15 0 1 0
3 6 -1 7500.00 2.59 20 24 0 1 0
3 7 1 7500.00 2.59 20 27 0 1 0
3 7 -1 7500.00 2.59 20 20 0 1 0
3 8 1 7500.00 2.59 20 20 0 1 0
3 8 -1 7500.00 2.59 20 28 0 1 0
4 1 1 7500.00 2.59 20 20 1 1 0
4 1 -1 7500.00 2.59 20 20 1 1 0
4 2 1 7500.00 2.59 20 16 1 1 0
4 2 -1 7500.00 2.59 20 2 1 1 0
4 3 1 7500.00 2.59 20 19 1 1 0
4 3 -1 7500.00 2.59 20 8 1 1 0
4 4 1 7500.00 2.59 20 19 1 1 0
4 4 -1 7500.00 2.59 20 23 1 1 0
4 5 1 7500.00 2.59 20 27 1 1 0
4 5 -1 7500.00 2.59 20 21 1 1 0
4 6 1 7500.00 2.59 20 5 0 1 0
4 6 -1 7500.00 2.59 20 14 0 1 0
4 7 1 7500.00 2.59 20 3 0 1 0
4 7 -1 7500.00 2.59 20 21 0 1 0
4 8 1 7500.00 2.59 20 9 0 1 0
4 8 -1 7500.00 2.59 20 19 0 1 0
5 1 1 7500.00 2.59 20 26 1 1 0
5 1 -1 7500.00 2.59 20 20 1 1 0
5 2 1 7500.00 2.59 20 13 1 1 0
5 2 -1 7500.00 2.59 20 7 1 1 0
5 3 1 7500.00 2.59 20 11 1 1 0
5 3 -1 7500.00 2.59 20 10 1 1 0
5 4 1 7500.00 2.59 20 18 1 1 0
5 4 -1 7500.00 2.59 20 5 1 1 0
5 5 1 7500.00 2.59 20 10 1 1 0
5 5 -1 7500.00 2.59 20 12 1 1 0
5 6 1 7500.00 2.59 20 7 0 1 0
5 6 -1 7500.00 2.59 20 5 0 1 0
5 7 1 7500.00 2.59 20 26 0 1 0
5 7 -1 7500.00 2.59 20 26 0 1 0
5 8 1 7500.00 2.59 20 23 0 1 0
5 8 -1 7500.00 2.59 20 15 0 1 0
6 1 1 7500.00 2.59 20 2 1 1 0
6 1 -1 7500.00 2.59 20 27 1 1 0
6 2 1 7500.00 2.59 20 2 1 1 0
6 2 -1 7500.00 2.59 20 18 1 1 0
6 3 1 7500.00 2.59 20 9 1 1 0
6 3 -1 7500.00 2.59 20 4 1 1 0
6 4 1 7500.00 2.59 20 1 1 1 0
6 4 -1 7500.00 2.59 20 23 1 1 0
6 5 1 7500.00 2.59 20 18 1 1 0
6 5 -1 7500.00 2.59 20 25 1 1 0
6 6 1 7500.00 2.59 20 12 0 1 0
6 6 -1 7500.00 2.59 20 27 0 1 0
6 7 1 7500.00 2.59 20 28 0 1 0
6 7 -1 7500.00 2.59 20 14 0 1 0
6 8 1 7500.00 2.59 20 5 0 1 0
6 8 -1 7500.00 2.59 20 8 0 1 0
7 1 1 7500.00 2.59 20 24 1 1 0
7 1 -1 7500.00 2.59 20 7 1 1 0
7 2 1 7500.00 2.59 20 5 1 1 1
7 2 -1 7500.00 2.59 20 26 1 1 1
7 3 1 7500.00 2.59 20 22 1 1 0
7 3 -1 7500.00 2.59 20 23 1 1 0
7 4 1 7500.00 2.59 20 19 1 1 0
7 4 -1 7500.00 2.59 20 12 1 1 0
7 5 1 7500.00 2.59 20 4 1 1 0
7 5 -1 7500.00 2.59 20 16 1 1 0
7 6 1 7500.00 2.59 20 3 0 1 0
7 6 -1 7500.00 2.59 20 7 0 1 0
7 7 1 7500.00 2.59 20 23 0 1 0
7 7 -1 7500.00 2.59 20 2 0 1 0
7 8 1 7500.00 2.59 20 5 0 1 0
7 8 -1 7500.00 2.59 20 9 0 1 0
8 1 1 7500.00 2.59 20 8 1 1 0
8 1 -1 7500.00 2.59 20 13 1 1 0
8 2 1 7500.00 2.59 20 27 1 1 0
8 2 -1 7500.00 2.59 20 7 1 1 0
8 3 1 7500.00 2.59 20 23 1 1 0
8 3 -1 7500.00 2.59 20 22 1 1 0
8 4 1 7500.00 2.59 20 21 1 1 0
8 4 -1 7500.00 2.59 20 1 1 1 0
8 5 1 7500.00 2.59 20 20 1 1 0
8 5 -1 7500.00 2.59 20 12 1 1 0
8 6 1 7500.00 2.59 20 13 0 1 0
8 6 -1 7500.00 2.59 20 12 0 1 0
8 7 1 7500.00 2.59 20 7 0 1 0
8 7 -1 7500.00 2.59 20 8 0 1 0
8 8 1 7500.00 2.59 20 22 0 1 0
8 8 -1 7500.00 2.59 20 25 0 1 0
9 1 1 7500.00 2.59 20 22 1 1 0
9 1 -1 7500.00 2.59 20 13 1 1 0
9 2 1 7500.00 2.59 20 23 1 1 0
9 2 -1 7500.00 2.59 20 22 1 1 0
9 3 1 7500.00 2.59 20 9 1 1 0
9 3 -1 7500.00 2.59 20 26 1 1 0
#STACKS
105000.00 18.13 1
120000.00 20.72 1
120000.00 20.72 1
120000.00 20.72 1
120000.00 20.72 1
120000.00 20.72 1
120000.00 20.72 1
120000.00 20.72 1
120000.00 20.72 1
120000.00 20.72 1
105000.00 18.13 1
#CELLS
1 0 0 0 0 0 1
1 1 1 1 1 1 1
1 1 1 1 1 1 1
1 1 1 1 1 1 1
1 1 1 1 1 1 1
1 0 0 1 1 1 1
1 0 0 1 1 1 1
1 0 0 1 1 1 1
2 1 1 1 1 1 1
2 1 1 1 1 1 1
2 1 1 1 1 1 1
2 1 1 1 1 1 1
2 1 1 1 1 1 1
2 0 0 1 1 1 1
2 0 0 1 1 1 1
2 0 0 1 1 1 1
3 1 1 1 1 1 1
3 1 1 1 1 1 1
3 1 1 1 1 1 1
3 1 1 1 1 1 1
3 1 1 1 1 1 1
3 0 0 1 1 1 1
3 0 0 1 1 1 1
3 0 0 1 1 1 1
4 1 1 1 1 1 1
4 1 1 1 1 1 1
4 1 1 1 1 1 1
4 1 1 1 1 1 1
4 1 1 1 1 1 1
4 0 0 1 1 1 1
4 0 0 1 1 1 1
4 0 0 1 1 1 1
5 1 1 1 1 1 1
5 1 1 1 1 1 1
5 1 1 1 1 1 1
5 1 1 1 1 1 1
5 1 1 1 1 1 1
5 0 0 1 1 1 1
5 0 0 1 1 1 1
5 0 0 1 1 1 1
6 1 1 1 1 1 1
6 1 1 1 1 1 1
6 1 1 1 1 1 1
6 1 1 1 1 1 1
6 1 1 1 1 1 1
6 0 0 1 1 1 1
6 0 0 1 1 1 1
6 0 0 1 1 1 1
7 1 1 1 1 1 1
7 1 1 1 1 1 1
7 1 1 1 1 1 1
7 1 1 1 1 1 1
7 1 1 1 1 1 1
7 0 0 1 1 1 1
7 0 0 1 1 1 1
7 0 0 1 1 1 1
8 1 1 1 1 1 1
8 1 1 1 1 1 1
8 1 1 1 1 1 1
8 1 1 1 1 1 1
8 1 1 1 1 1 1
8 0 0 1 1 1 1
8 0 0 1 1 1 1
8 0 0 1 1 1 1
9 1 1 1 1 1 1
9 1 1 1 1 1 1
9 1 1 1 1 1 1
9 1 1 1 1 1 1
9 1 1 1 1 1 1
9 0 0 1 1 1 1
9 0 0 1 1 1 1
9 0 0 1 1 1 1
10 1 1 1 1 1 1
10 1 1 1 1 1 1
10 1 1 1 1 1 1
10 1 1 1 1 1 1
10 1 1 1 1 1 1
10 0 0 1 1 1 1
10 0 0 1 1 1 1
10 0 0 1 1 1 1
11 0 0 0 0 0 1
11 1 1 1 1 1 1
11 1 1 1 1 1 1
11 1 1 1 1 1 1
11 1 1 1 1 1 1
11 0 0 1 1 1 1
11 0 0 1 1 1 1
11 0 0 1 1 1 1
#INFO-GEN
Namespace(bayType=4, francisco=True, meanPort=15, seed=4527, stdPort=23.56233744134304, target40=3, targetCapacity=80, targetHC=52, targetIMO=5, targetPorts=28, targetReefer=21, targetRelease=77, targetWeight=50)
