29 36 126 12 120 1 10
#POD
1 2 3 4 5 6 7 8 9 10 11 12 13 14 15 16 17 18 19 20 21 22 23 24 25 26 27 28 29
#LOCATIONS
1
#CONTAINERS_TOLOAD
0 0 0 20146.24 2.59 20 14 0 1 0
0 0 0 23060.02 2.59 20 5 0 1 0
0 0 0 13394.40 2.59 20 17 0 1 0
0 0 0 23794.68 2.59 20 17 0 1 0
0 0 0 13082.96 2.59 20 3 0 1 0
0 0 0 16226.95 2.59 20 8 0 1 0
0 0 0 18290.45 2.59 20 7 0 1 0
0 0 0 23722.08 2.59 20 15 0 1 0
0 0 0 13946.44 2.59 20 4 0 1 0
0 0 0 20738.41 2.59 20 23 0 1 0
0 0 0 11865.69 2.59 20 6 0 1 0
0 0 0 21581.81 2.59 20 1 0 1 0
0 0 0 17656.01 2.59 20 12 0 1 0
0 0 0 18177.72 2.59 20 9 0 1 0
0 0 0 14641.84 2.59 20 13 0 1 0
0 0 0 21213.38 2.59 20 13 0 1 0
0 0 0 15422.86 2.59 20 17 0 1 0
0 0 0 13800.75 2.59 20 5 0 1 0
0 0 0 27084.52 2.59 20 20 0 1 0
0 0 0 13152.69 2.59 20 25 0 1 0
0 0 0 16719.97 2.59 20 4 0 1 0
0 0 0 21002.18 2.59 20 25 0 1 0
0 0 0 11553.52 2.59 20 12 0 1 0
0 0 0 21707.65 2.59 20 16 0 1 0
0 0 0 22943.77 2.59 20 29 0 1 0
0 0 0 11562.40 2.59 20 21 0 1 0
0 0 0 18976.45 2.59 20 29 0 1 0
0 0 0 21370.52 2.59 20 26 0 1 0
0 0 0 11838.11 2.59 20 18 0 1 0
0 0 0 22609.50 2.59 20 21 0 1 0
0 0 0 17743.70 2.59 20 14 0 1 0
0 0 0 14426.64 2.59 20 23 0 1 0
0 0 0 23439.36 2.59 20 13 0 1 0
0 0 0 9535.84 2.59 20 1 0 1 0
0 0 0 25574.00 2.59 20 20 0 1 0
0 0 0 9228.47 2.59 20 22 0 1 0
#CONTAINERS_LOADED
4 1 1 7500.00 2.59 20 8 1 1 0
4 1 -1 7500.00 2.59 20 5 1 1 0
4 2 1 7500.00 2.59 20 21 1 1 0
4 2 -1 7500.00 2.59 20 13 1 1 0
4 3 1 7500.00 2.59 20 9 1 1 0
4 3 -1 7500.00 2.59 20 22 1 1 0
4 4 1 7500.00 2.59 20 6 1 1 0
4 4 -1 7500.00 2.59 20 6 1 1 0
4 5 1 7500.00 2.59 20 13 1 1 0
4 5 -1 7500.00 2.59 20 17 1 1 0
4 6 1 7500.00 2.59 20 19 1 1 0
4 6 -1 7500.00 2.59 20 20 1 1 0
4 7 1 7500.00 2.59 20 21 1 1 0
4 7 -1 7500.00 2.59 20 10 1 1 0
4 8 1 7500.00 2.59 20 21 1 1 0
4 8 -1 7500.00 2.59 20 29 1 1 0
4 9 1 7500.00 2.59 20 23 1 1 0
4 9 -1 7500.00 2.59 20 21 1 1 0
4 10 1 7500.00 2.59 20 18 1 1 0
4 10 -1 7500.00 2.59 20 20 1 1 0
5 1 1 7500.00 2.59 20 14 1 1 0
5 1 -1 7500.00 2.59 20 18 1 1 0
5 2 1 7500.00 2.59 20 24 1 1 0
5 2 -1 7500.00 2.59 20 10 1 1 0
5 3 1 7500.00 2.59 20 25 1 1 0
5 3 -1 7500.00 2.59 20 1 1 1 0
5 4 1 7500.00 2.59 20 28 1 1 0
5 4 -1 7500.00 2.59 20 29 1 1 0
5 5 1 7500.00 2.59 20 16 1 1 0
5 5 -1 7500.00 2.59 20 7 1 1 0
5 6 1 7500.00 2.59 20 15 1 1 0
5 6 -1 7500.00 2.59 20 11 1 1 0
5 7 1 7500.00 2.59 20 13 1 1 0
5 7 -1 7500.00 2.59 20 15 1 1 0
5 8 1 7500.00 2.59 20 14 1 1 0
5 8 -1 7500.00 2.59 20 5 1 1 0
5 9 1 7500.00 2.59 20 24 1 1 0
5 9 -1 7500.00 2.59 20 18 1 1 0
5 10 1 7500.00 2.59 20 15 1 1 0
5 10 -1 7500.00 2.59 20 22 1 1 0
6 1 1 7500.00 2.59 20 20 1 1 0
6 1 -1 7500.00 2.59 20 22 1 1 0
6 2 1 7500.00 2.59 20 7 1 1 0
6 2 -1 7500.00 2.59 20 4 1 1 0
6 3 1 7500.00 2.59 20 12 1 1 0
6 3 -1 7500.00 2.59 20 18 1 1 0
6 4 1 7500.00 2.59 20 5 1 1 0
6 4 -1 7500.00 2.59 20 16 1 1 0
6 5 1 7500.00 2.59 20 18 1 1 0
6 5 -1 7500.00 2.59 20 10 1 1 0
6 6 1 7500.00 2.59 20 3 1 1 0
6 6 -1 7500.00 2.59 20 3 1 1 0
6 7 1 7500.00 2.59 20 2 1 1 0
6 7 -1 7500.00 2.59 20 14 1 1 0
6 8 1 7500.00 2.59 20 13 1 1 0
6 8 -1 7500.00 2.59 20 29 1 1 0
6 9 1 7500.00 2.59 20 21 1 1 0
6 9 -1 7500.00 2.59 20 10 1 1 0
6 10 1 7500.00 2.59 20 14 1 1 0
6 10 -1 7500.00 2.59 20 12 1 1 0
7 1 1 7500.00 2.59 20 18 1 1 0
7 1 -1 7500.00 2.59 20 8 1 1 0
7 2 1 7500.00 2.59 20 24 1 1 0
7 2 -1 7500.00 2.59 20 18 1 1 0
7 3 1 7500.00 2.59 20 6 1 1 0
7 3 -1 7500.00 2.59 20 27 1 1 0
7 4 1 7500.00 2.59 20 26 1 1 0
7 4 -1 7500.00 2.59 20 26 1 1 0
7 5 1 7500.00 2.59 20 24 1 1 2
7 5 -1 7500.00 2.59 20 15 1 1 2
7 6 1 7500.00 2.59 20 25 1 1 0
7 6 -1 7500.00 2.59 20 18 1 1 0
7 7 1 7500.00 2.59 20 8 1 1 2
7 7 -1 7500.00 2.59 20 6 1 1 2
7 8 1 7500.00 2.59 20 21 1 1 0
7 8 -1 7500.00 2.59 20 6 1 1 0
7 9 1 7500.00 2.59 20 15 1 1 2
7 9 -1 7500.00 2.59 20 21 1 1 2
7 10 1 7500.00 2.59 20 22 1 1 0
7 10 -1 7500.00 2.59 20 17 1 1 0
8 1 1 7500.00 2.59 20 27 1 1 0
8 1 -1 7500.00 2.59 20 22 1 1 0
8 2 1 7500.00 2.59 20 28 1 1 0
8 2 -1 7500.00 2.59 20 22 1 1 0
8 3 1 7500.00 2.59 20 25 1 1 0
8 3 -1 7500.00 2.59 20 9 1 1 0
8 4 1 7500.00 2.59 20 4 1 1 0
8 4 -1 7500.00 2.59 20 16 1 1 0
8 5 1 7500.00 2.59 20 22 1 1 0
8 5 -1 7500.00 2.59 20 7 1 1 0
8 6 1 7500.00 2.59 20 8 1 1 0
8 6 -1 7500.00 2.59 20 22 1 1 0
8 7 1 7500.00 2.59 20 17 1 1 0
8 7 -1 7500.00 2.59 20 1 1 1 0
8 8 1 7500.00 2.59 20 11 1 1 0
8 8 -1 7500.00 2.59 20 11 1 1 0
8 9 1 7500.00 2.59 20 23 1 1 0
8 9 -1 7500.00 2.59 20 25 1 1 0
8 10 1 7500.00 2.59 20 22 1 1 0
8 10 -1 7500.00 2.59 20 24 1 1 0
9 1 1 7500.00 2.59 20 18 1 1 0
9 1 -1 7500.00 2.59 20 25 1 1 0
9 2 1 7500.00 2.59 20 12 1 1 0
9 2 -1 7500.00 2.59 20 28 1 1 0
9 3 1 7500.00 2.59 20 18 1 1 0
9 3 -1 7500.00 2.59 20 22 1 1 0
9 4 1 7500.00 2.59 20 24 1 1 0
9 4 -1 7500.00 2.59 20 18 1 1 0
9 5 1 7500.00 2.59 20 10 1 1 0
9 5 -1 7500.00 2.59 20 25 1 1 0
9 6 1 7500.00 2.59 20 25 1 1 0
9 6 -1 7500.00 2.59 20 3 1 1 0
9 7 1 7500.00 2.59 20 17 1 1 0
9 7 -1 7500.00 2.59 20 25 1 1 0
9 8 1 7500.00 2.59 20 9 1 1 2
9 8 -1 7500.00 2.59 20 16 1 1 2
9 9 1 7500.00 2.59 20 25 1 1 0
9 9 -1 7500.00 2.59 20 18 1 1 0
9 10 1 7500.00 2.59 20 25 1 1 0
9 10 -1 7500.00 2.59 20 4 1 1 0
10 1 1 7500.00 2.59 20 22 0 1 0
10 1 -1 7500.00 2.59 20 21 0 1 0
10 2 1 7500.00 2.59 20 23 0 1 0
10 2 -1 7500.00 2.59 20 6 0 1 0
10 3 1 7500.00 2.59 20 8 0 1 0
10 3 -1 7500.00 2.59 20 17 0 1 0
#STACKS
150000.00 25.90 1
150000.00 25.90 1
150000.00 25.90 1
150000.00 25.90 1
150000.00 25.90 1
150000.00 25.90 1
150000.00 25.90 1
150000.00 25.90 1
150000.00 25.90 1
150000.00 25.90 1
150000.00 25.90 1
150000.00 25.90 1
#CELLS
1 0 0 1 1 1 1
1 0 0 1 1 1 1
1 0 0 1 1 1 1
1 0 0 1 1 1 1
1 0 0 1 1 1 1
1 0 0 1 1 1 1
1 0 0 1 1 1 1
1 0 0 1 1 1 1
1 0 0 1 1 1 1
1 0 0 1 1 1 1
2 0 0 1 1 1 1
2 0 0 1 1 1 1
2 0 0 1 1 1 1
2 0 0 1 1 1 1
2 0 0 1 1 1 1
2 0 0 1 1 1 1
2 0 0 1 1 1 1
2 0 0 1 1 1 1
2 0 0 1 1 1 1
2 0 0 1 1 1 1
3 0 0 1 1 1 1
3 0 0 1 1 1 1
3 0 0 1 1 1 1
3 0 0 1 1 1 1
3 0 0 1 1 1 1
3 0 0 1 1 1 1
3 0 0 1 1 1 1
3 0 0 1 1 1 1
3 0 0 1 1 1 1
3 0 0 1 1 1 1
4 1 1 1 1 1 1
4 1 1 1 1 1 1
4 1 1 1 1 1 1
4 1 1 1 1 1 1
4 1 1 1 1 1 1
4 1 1 1 1 1 1
4 1 1 1 1 1 1
4 1 1 1 1 1 1
4 1 1 1 1 1 1
4 1 1 1 1 1 1
5 1 1 1 1 1 1
5 1 1 1 1 1 1
5 1 1 1 1 1 1
5 1 1 1 1 1 1
5 1 1 1 1 1 1
5 1 1 1 1 1 1
5 1 1 1 1 1 1
5 1 1 1 1 1 1
5 1 1 1 1 1 1
5 1 1 1 1 1 1
6 1 1 1 1 1 1
6 1 1 1 1 1 1
6 1 1 1 1 1 1
6 1 1 1 1 1 1
6 1 1 1 1 1 1
6 1 1 1 1 1 1
6 1 1 1 1 1 1
6 1 1 1 1 1 1
6 1 1 1 1 1 1
6 1 1 1 1 1 1
7 1 1 1 1 1 1
7 1 1 1 1 1 1
7 1 1 1 1 1 1
7 1 1 1 1 1 1
7 1 1 1 1 1 1
7 1 1 1 1 1 1
7 1 1 1 1 1 1
7 1 1 1 1 1 1
7 1 1 1 1 1 1
7 1 1 1 1 1 1
8 1 1 1 1 1 1
8 1 1 1 1 1 1
8 1 1 1 1 1 1
8 1 1 1 1 1 1
8 1 1 1 1 1 1
8 1 1 1 1 1 1
8 1 1 1 1 1 1
8 1 1 1 1 1 1
8 1 1 1 1 1 1
8 1 1 1 1 1 1
9 1 1 1 1 1 1
9 1 1 1 1 1 1
9 1 1 1 1 1 1
9 1 1 1 1 1 1
9 1 1 1 1 1 1
9 1 1 1 1 1 1
9 1 1 1 1 1 1
9 1 1 1 1 1 1
9 1 1 1 1 1 1
9 1 1 1 1 1 1
10 0 0 1 1 1 1
10 0 0 1 1 1 1
10 0 0 1 1 1 1
10 0 0 1 1 1 1
10 0 0 1 1 1 1
10 0 0 1 1 1 1
10 0 0 1 1 1 1
10 0 0 1 1 1 1
10 0 0 1 1 1 1
10 0 0 1 1 1 1
11 0 0 1 1 1 1
11 0 0 1 1 1 1
11 0 0 1 1 1 1
11 0 0 1 1 1 1
11 0 0 1 1 1 1
11 0 0 1 1 1 1
11 0 0 1 1 1 1
11 0 0 1 1 1 1
11 0 0 1 1 1 1
11 0 0 1 1 1 1
12 0 0 1 1 1 1
12 0 0 1 1 1 1
12 0 0 1 1 1 1
12 0 0 1 1 1 1
12 0 0 1 1 1 1
12 0 0 1 1 1 1
12 0 0 1 1 1 1
12 0 0 1 1 1 1
12 0 0 1 1 1 1
12 0 0 1 1 1 1
#INFO-GEN
Namespace(bayType=5, francisco=True, meanPort=17, seed=1234, stdPort=19.80377748166358, target40=0, targetCapacity=68, targetHC=55, targetIMO=8, targetPorts=29, targetReefer=44, targetRelease=78, targetWeight=75)
