29 46 162 12 120 1 10
#POD
1 2 3 4 5 6 7 8 9 10 11 12 13 14 15 16 17 18 19 20 21 22 23 24 25 26 27 28 29
#LOCATIONS
1
#CONTAINERS_TOLOAD
0 0 0 14577.99 2.59 20 5 0 1 0
0 0 0 15743.30 2.59 20 17 0 1 0
0 0 0 9943.81 2.59 20 17 0 1 0
0 0 0 16573.91 2.59 20 3 0 1 0
0 0 0 9667.78 2.59 20 8 0 1 0
0 0 0 11647.54 2.59 20 7 0 1 0
0 0 0 13038.98 2.59 20 15 0 1 0
0 0 0 16590.98 2.59 20 4 0 1 0
0 0 0 10183.86 2.59 20 23 0 1 0
0 0 0 14634.26 2.59 20 6 0 1 0
0 0 0 8817.69 2.59 20 1 0 1 0
0 0 0 15283.99 2.59 20 12 0 1 0
0 0 0 12455.85 2.59 20 9 0 1 0
0 0 0 13067.35 2.59 20 13 0 1 0
0 0 0 10574.34 2.59 20 13 0 1 0
0 0 0 14974.94 2.59 20 17 0 1 0
0 0 0 11135.32 2.59 20 5 0 1 0
0 0 0 10090.40 2.59 20 20 0 1 0
0 0 0 20055.84 2.59 20 25 0 1 0
0 0 0 7295.93 2.59 20 4 0 1 0
0 0 0 13513.62 2.59 20 25 0 1 0
0 0 0 14156.42 2.59 20 12 0 1 0
0 0 0 8878.98 2.59 20 16 0 1 0
0 0 0 15736.77 2.59 20 29 0 1 0
0 0 0 15150.04 2.59 20 21 0 1 0
0 0 0 9361.26 2.59 20 29 0 1 0
0 0 0 13070.80 2.59 20 26 0 1 0
0 0 0 15260.01 2.59 20 18 0 1 0
0 0 0 8676.91 2.59 20 21 0 1 0
0 0 0 16095.37 2.59 20 14 0 1 0
0 0 0 12294.69 2.59 20 23 0 1 0
0 0 0 10748.23 2.59 20 13 0 1 0
0 0 0 16270.69 2.59 20 1 0 1 0
0 0 0 7357.90 2.59 20 20 0 1 0
0 0 0 18626.76 2.59 20 22 0 1 0
0 0 0 8556.03 2.59 20 8 0 1 0
0 0 0 12043.97 2.59 20 5 0 1 0
0 0 0 18578.85 2.59 20 21 0 1 0
0 0 0 6218.30 2.59 20 13 0 1 0
0 0 0 19668.92 2.59 20 9 0 1 0
0 0 0 4884.75 2.59 20 22 0 1 0
0 0 0 14381.75 2.59 20 6 0 1 0
0 0 0 11322.16 2.59 20 6 0 1 0
0 0 0 18644.59 2.59 20 13 0 1 0
0 0 0 8442.65 2.59 20 17 0 1 0
0 0 0 10687.47 2.59 20 19 0 1 0
#CONTAINERS_LOADED
3 1 1 7500.00 2.59 20 20 0 1 0
3 1 -1 7500.00 2.59 20 21 0 1 0
3 2 1 7500.00 2.59 20 10 0 1 2
3 2 -1 7500.00 2.59 20 21 0 1 2
3 3 1 7500.00 2.59 20 29 0 1 0
3 3 -1 7500.00 2.59 20 23 0 1 0
3 4 1 7500.00 2.59 20 21 0 1 0
3 4 -1 7500.00 2.59 20 18 0 1 0
3 5 1 7500.00 2.59 20 20 0 1 0
3 5 -1 7500.00 2.59 20 14 0 1 0
3 6 1 7500.00 2.59 20 18 0 1 0
3 6 -1 7500.00 2.59 20 24 0 1 0
3 7 1 7500.00 2.59 20 10 0 1 2
3 7 -1 7500.00 2.59 20 25 0 1 2
3 8 1 7500.00 2.59 20 1 0 1 0
3 8 -1 7500.00 2.59 20 28 0 1 0
3 9 1 7500.00 2.59 20 29 0 1 2
3 9 -1 7500.00 2.59 20 16 0 1 2
3 10 1 7500.00 2.59 20 7 0 1 0
3 10 -1 7500.00 2.59 20 15 0 1 0
4 1 1 7500.00 2.59 20 11 1 1 0
4 1 -1 7500.00 2.59 20 13 1 1 0
4 2 1 7500.00 2.59 20 15 1 1 0
4 2 -1 7500.00 2.59 20 14 1 1 0
4 3 1 7500.00 2.59 20 5 1 1 0
4 3 -1 7500.00 2.59 20 24 1 1 0
4 4 1 7500.00 2.59 20 18 1 1 0
4 4 -1 7500.00 2.59 20 15 1 1 0
4 5 1 7500.00 2.59 20 22 1 1 0
4 5 -1 7500.00 2.59 20 20 1 1 0
4 6 1 7500.00 2.59 20 22 1 1 0
4 6 -1 7500.00 2.59 20 7 1 1 0
4 7 1 7500.00 2.59 20 4 1 1 0
4 7 -1 7500.00 2.59 20 12 1 1 0
4 8 1 7500.00 2.59 20 18 1 1 0
4 8 -1 7500.00 2.59 20 5 1 1 0
4 9 1 7500.00 2.59 20 16 1 1 0
4 9 -1 7500.00 2.59 20 18 1 1 0
4 10 1 7500.00 2.59 20 10 1 1 0
4 10 -1 7500.00 2.59 20 3 1 1 0
5 1 1 7500.00 2.59 20 3 1 1 0
5 1 -1 7500.00 2.59 20 2 1 1 0
5 2 1 7500.00 2.59 20 14 1 1 0
5 2 -1 7500.00 2.59 20 13 1 1 0
5 3 1 7500.00 2.59 20 29 1 1 0
5 3 -1 7500.00 2.59 20 21 1 1 0
5 4 1 7500.00 2.59 20 10 1 1 0
5 4 -1 7500.00 2.59 20 14 1 1 0
5 5 1 7500.00 2.59 20 12 1 1 0
5 5 -1 7500.00 2.59 20 18 1 1 0
5 6 1 7500.00 2.59 20 8 1 1 0
5 6 -1 7500.00 2.59 20 24 1 1 0
5 7 1 7500.00 2.59 20 18 1 1 0
5 7 -1 7500.00 2.59 20 6 1 1 0
5 8 1 7500.00 2.59 20 27 1 1 0
5 8 -1 7500.00 2.59 20 26 1 1 0
5 9 1 7500.00 2.59 20 26 1 1 0
5 9 -1 7500.00 2.59 20 24 1 1 0
5 10 1 7500.00 2.59 20 15 1 1 1
5 10 -1 7500.00 2.59 20 25 1 1 1
6 1 1 7500.00 2.59 20 18 1 1 0
6 1 -1 7500.00 2.59 20 8 1 1 0
6 2 1 7500.00 2.59 20 6 1 1 0
6 2 -1 7500.00 2.59 20 21 1 1 0
6 3 1 7500.00 2.59 20 6 1 1 0
6 3 -1 7500.00 2.59 20 15 1 1 0
6 4 1 7500.00 2.59 20 21 1 1 0
6 4 -1 7500.00 2.59 20 22 1 1 0
6 5 1 7500.00 2.59 20 17 1 1 0
6 5 -1 7500.00 2.59 20 27 1 1 0
6 6 1 7500.00 2.59 20 22 1 1 0
6 6 -1 7500.00 2.59 20 28 1 1 0
6 7 1 7500.00 2.59 20 22 1 1 0
6 7 -1 7500.00 2.59 20 25 1 1 0
6 8 1 7500.00 2.59 20 9 1 1 0
6 8 -1 7500.00 2.59 20 4 1 1 0
6 9 1 7500.00 2.59 20 16 1 1 0
6 9 -1 7500.00 2.59 20 22 1 1 0
6 10 1 7500.00 2.59 20 7 1 1 0
6 10 -1 7500.00 2.59 20 8 1 1 0
7 1 1 7500.00 2.59 20 22 1 1 0
7 1 -1 7500.00 2.59 20 17 1 1 0
7 2 1 7500.00 2.59 20 1 1 1 0
7 2 -1 7500.00 2.59 20 11 1 1 0
7 3 1 7500.00 2.59 20 11 1 1 0
7 3 -1 7500.00 2.59 20 23 1 1 0
7 4 1 7500.00 2.59 20 25 1 1 0
7 4 -1 7500.00 2.59 20 22 1 1 0
7 5 1 7500.00 2.59 20 24 1 1 0
7 5 -1 7500.00 2.59 20 18 1 1 0
7 6 1 7500.00 2.59 20 25 1 1 0
7 6 -1 7500.00 2.59 20 12 1 1 0
7 7 1 7500.00 2.59 20 28 1 1 0
7 7 -1 7500.00 2.59 20 18 1 1 0
7 8 1 7500.00 2.59 20 22 1 1 0
7 8 -1 7500.00 2.59 20 24 1 1 0
7 9 1 7500.00 2.59 20 18 1 1 0
7 9 -1 7500.00 2.59 20 10 1 1 0
7 10 1 7500.00 2.59 20 25 1 1 0
7 10 -1 7500.00 2.59 20 25 1 1 0
8 1 1 7500.00 2.59 20 3 1 1 0
8 1 -1 7500.00 2.59 20 17 1 1 0
8 2 1 7500.00 2.59 20 25 1 1 0
8 2 -1 7500.00 2.59 20 9 1 1 0
8 3 1 7500.00 2.59 20 16 1 1 0
8 3 -1 7500.00 2.59 20 25 1 1 0
8 4 1 7500.00 2.59 20 18 1 1 0
8 4 -1 7500.00 2.59 20 25 1 1 0
8 5 1 7500.00 2.59 20 4 1 1 0
8 5 -1 7500.00 2.59 20 22 1 1 0
8 6 1 7500.00 2.59 20 21 1 1 0
8 6 -1 7500.00 2.59 20 23 1 1 0
8 7 1 7500.00 2.59 20 6 1 1 0
8 7 -1 7500.00 2.59 20 8 1 1 0
8 8 1 7500.00 2.59 20 17 1 1 0
8 8 -1 7500.00 2.59 20 29 1 1 0
8 9 1 7500.00 2.59 20 6 1 1 0
8 9 -1 7500.00 2.59 20 27 1 1 0
8 10 1 7500.00 2.59 20 18 1 1 0
8 10 -1 7500.00 2.59 20 29 1 1 0
9 1 1 7500.00 2.59 20 23 1 1 0
9 1 -1 7500.00 2.59 20 18 1 1 0
9 2 1 7500.00 2.59 20 17 1 1 0
9 2 -1 7500.00 2.59 20 15 1 1 0
9 3 1 7500.00 2.59 20 15 1 1 0
9 3 -1 7500.00 2.59 20 13 1 1 0
9 4 1 7500.00 2.59 20 22 1 1 0
9 4 -1 7500.00 2.59 20 29 1 1 0
9 5 1 7500.00 2.59 20 12 1 1 0
9 5 -1 7500.00 2.59 20 27 1 1 0
9 6 1 7500.00 2.59 20 17 1 1 0
9 6 -1 7500.00 2.59 20 1 1 1 0
9 7 1 7500.00 2.59 20 24 1 1 4
9 7 -1 7500.00 2.59 20 21 1 1 4
9 8 1 7500.00 2.59 20 16 1 1 0
9 8 -1 7500.00 2.59 20 21 1 1 0
9 9 1 7500.00 2.59 20 13 1 1 0
9 9 -1 7500.00 2.59 20 18 1 1 0
9 10 1 7500.00 2.59 20 8 1 1 0
9 10 -1 7500.00 2.59 20 16 1 1 0
10 1 1 7500.00 2.59 20 15 0 1 0
10 1 -1 7500.00 2.59 20 15 0 1 0
10 2 1 7500.00 2.59 20 12 0 1 0
10 2 -1 7500.00 2.59 20 2 0 1 0
10 3 1 7500.00 2.59 20 16 0 1 0
10 3 -1 7500.00 2.59 20 3 0 1 0
10 4 1 7500.00 2.59 20 26 0 1 0
10 4 -1 7500.00 2.59 20 29 0 1 0
10 5 1 7500.00 2.59 20 18 0 1 0
10 5 -1 7500.00 2.59 20 29 0 1 0
10 6 1 7500.00 2.59 20 18 0 1 0
10 6 -1 7500.00 2.59 20 4 0 1 0
10 7 1 7500.00 2.59 20 16 0 1 0
10 7 -1 7500.00 2.59 20 18 0 1 0
10 8 1 7500.00 2.59 20 11 0 1 0
10 8 -1 7500.00 2.59 20 12 0 1 0
10 9 1 7500.00 2.59 20 23 0 1 0
10 9 -1 7500.00 2.59 20 14 0 1 0
10 10 1 7500.00 2.59 20 2 0 1 0
10 10 -1 7500.00 2.59 20 16 0 1 0
11 1 1 7500.00 2.59 20 10 0 1 0
11 1 -1 7500.00 2.59 20 9 0 1 0
#STACKS
150000.00 25.90 1
150000.00 25.90 1
150000.00 25.90 1
150000.00 25.90 1
150000.00 25.90 1
150000.00 25.90 1
150000.00 25.90 1
150000.00 25.90 1
150000.00 25.90 1
150000.00 25.90 1
150000.00 25.90 1
150000.00 25.90 1
#CELLS
1 0 0 1 1 1 1
1 0 0 1 1 1 1
1 0 0 1 1 1 1
1 0 0 1 1 1 1
1 0 0 1 1 1 1
1 0 0 1 1 1 1
1 0 0 1 1 1 1
1 0 0 1 1 1 1
1 0 0 1 1 1 1
1 0 0 1 1 1 1
2 0 0 1 1 1 1
2 0 0 1 1 1 1
2 0 0 1 1 1 1
2 0 0 1 1 1 1
2 0 0 1 1 1 1
2 0 0 1 1 1 1
2 0 0 1 1 1 1
2 0 0 1 1 1 1
2 0 0 1 1 1 1
2 0 0 1 1 1 1
3 0 0 1 1 1 1
3 0 0 1 1 1 1
3 0 0 1 1 1 1
3 0 0 1 1 1 1
3 0 0 1 1 1 1
3 0 0 1 1 1 1
3 0 0 1 1 1 1
3 0 0 1 1 1 1
3 0 0 1 1 1 1
3 0 0 1 1 1 1
4 1 1 1 1 1 1
4 1 1 1 1 1 1
4 1 1 1 1 1 1
4 1 1 1 1 1 1
4 1 1 1 1 1 1
4 1 1 1 1 1 1
4 1 1 1 1 1 1
4 1 1 1 1 1 1
4 1 1 1 1 1 1
4 1 1 1 1 1 1
5 1 1 1 1 1 1
5 1 1 1 1 1 1
5 1 1 1 1 1 1
5 1 1 1 1 1 1
5 1 1 1 1 1 1
5 1 1 1 1 1 1
5 1 1 1 1 1 1
5 1 1 1 1 1 1
5 1 1 1 1 1 1
5 1 1 1 1 1 1
6 1 1 1 1 1 1
6 1 1 1 1 1 1
6 1 1 1 1 1 1
6 1 1 1 1 1 1
6 1 1 1 1 1 1
6 1 1 1 1 1 1
6 1 1 1 1 1 1
6 1 1 1 1 1 1
6 1 1 1 1 1 1
6 1 1 1 1 1 1
7 1 1 1 1 1 1
7 1 1 1 1 1 1
7 1 1 1 1 1 1
7 1 1 1 1 1 1
7 1 1 1 1 1 1
7 1 1 1 1 1 1
7 1 1 1 1 1 1
7 1 1 1 1 1 1
7 1 1 1 1 1 1
7 1 1 1 1 1 1
8 1 1 1 1 1 1
8 1 1 1 1 1 1
8 1 1 1 1 1 1
8 1 1 1 1 1 1
8 1 1 1 1 1 1
8 1 1 1 1 1 1
8 1 1 1 1 1 1
8 1 1 1 1 1 1
8 1 1 1 1 1 1
8 1 1 1 1 1 1
9 1 1 1 1 1 1
9 1 1 1 1 1 1
9 1 1 1 1 1 1
9 1 1 1 1 1 1
9 1 1 1 1 1 1
9 1 1 1 1 1 1
9 1 1 1 1 1 1
9 1 1 1 1 1 1
9 1 1 1 1 1 1
9 1 1 1 1 1 1
10 0 0 1 1 1 1
10 0 0 1 1 1 1
10 0 0 1 1 1 1
10 0 0 1 1 1 1
10 0 0 1 1 1 1
10 0 0 1 1 1 1
10 0 0 1 1 1 1
10 0 0 1 1 1 1
10 0 0 1 1 1 1
10 0 0 1 1 1 1
11 0 0 1 1 1 1
11 0 0 1 1 1 1
11 0 0 1 1 1 1
11 0 0 1 1 1 1
11 0 0 1 1 1 1
11 0 0 1 1 1 1
11 0 0 1 1 1 1
11 0 0 1 1 1 1
11 0 0 1 1 1 1
11 0 0 1 1 1 1
12 0 0 1 1 1 1
12 0 0 1 1 1 1
12 0 0 1 1 1 1
12 0 0 1 1 1 1
12 0 0 1 1 1 1
12 0 0 1 1 1 1
12 0 0 1 1 1 1
12 0 0 1 1 1 1
12 0 0 1 1 1 1
12 0 0 1 1 1 1
#INFO-GEN
Namespace(bayType=5, francisco=True, meanPort=17, seed=1234, stdPort=19.80377748166358, target40=0, targetCapacity=87, targetHC=55, targetIMO=8, targetPorts=29, targetReefer=44, targetRelease=78, targetWeight=100)
