15 48 82 12 120 1 10
#POD
1 2 3 4 5 6 7 8 9 10 11 12 13 14 15
#LOCATIONS
1
#CONTAINERS_TOLOAD
0 0 0 15785.51 2.59 20 9 0 1 1
0 0 0 7061.92 2.59 20 7 0 1 1
0 0 0 9902.82 2.59 20 2 0 1 0
0 0 0 16825.55 2.59 20 4 0 1 0
0 0 0 5628.50 2.59 20 15 0 1 1
0 0 0 14828.39 2.59 20 10 0 1 1
0 0 0 5710.36 2.59 20 6 0 1 0
0 0 0 12821.94 2.59 20 13 0 1 0
0 0 0 9966.99 2.59 20 14 0 1 0
0 0 0 10624.19 2.59 20 15 0 1 0
0 0 0 10871.14 2.59 20 1 0 1 0
0 0 0 14504.60 2.59 20 14 0 1 0
0 0 0 6824.67 2.59 20 9 0 1 0
0 0 0 12462.26 2.59 20 10 0 1 0
0 0 0 7942.02 2.59 20 13 0 1 4
0 0 0 14896.95 2.59 20 1 0 1 4
0 0 0 8818.50 2.59 20 1 0 1 0
0 0 0 9011.62 2.59 20 11 0 1 0
0 0 0 17150.35 2.59 20 3 0 1 4
0 0 0 4757.89 2.59 20 9 0 1 4
0 0 0 16156.45 2.59 20 4 0 1 0
0 0 0 5018.05 2.59 20 1 0 1 0
0 0 0 13797.69 2.59 20 6 0 1 0
0 0 0 10793.65 2.59 20 14 0 1 0
0 0 0 11465.89 2.59 20 13 1 1 0
0 0 0 10173.10 2.59 20 8 1 1 0
0 0 0 11267.70 2.59 20 4 1 1 0
0 0 0 7306.56 2.59 20 1 1 1 0
0 0 0 17356.59 2.59 20 1 1 1 0
0 0 0 4168.58 2.59 20 8 1 1 0
0 0 0 10403.12 2.59 20 8 1 1 0
0 0 0 13550.86 2.59 20 11 1 1 0
0 0 0 9000.89 2.59 20 4 1 1 0
0 0 0 9816.45 2.59 20 1 1 1 0
0 0 0 14111.59 2.59 20 7 1 1 0
0 0 0 11521.14 2.59 20 1 1 1 0
0 0 0 8108.10 2.59 20 8 1 1 0
0 0 0 14001.79 2.59 20 3 1 1 0
0 0 0 6878.13 2.59 40 4 0 1 0
0 0 0 14625.24 2.59 40 6 0 1 0
0 0 0 6112.49 2.90 40 12 0 1 0
0 0 0 12581.04 2.59 40 11 0 1 0
0 0 0 13463.73 2.90 40 4 0 1 0
0 0 0 9097.53 2.90 40 11 0 1 0
0 0 0 9191.61 2.90 40 14 0 1 0
0 0 0 15848.67 2.59 40 6 0 1 0
0 0 0 5016.86 2.59 40 7 0 1 0
0 0 0 10258.33 2.59 40 1 0 1 0
#CONTAINERS_LOADED
4 1 1 7500.00 2.59 20 15 1 1 0
4 1 -1 7500.00 2.59 20 2 1 1 0
5 1 1 7500.00 2.59 20 7 1 1 0
5 1 -1 7500.00 2.59 20 10 1 1 0
5 2 1 7500.00 2.59 20 1 1 1 0
5 2 -1 7500.00 2.59 20 1 1 1 0
5 3 1 7500.00 2.59 20 3 1 1 0
5 3 -1 7500.00 2.59 20 3 1 1 0
5 4 1 7500.00 2.59 20 6 1 1 4
5 4 -1 7500.00 2.59 20 14 1 1 4
5 5 1 7500.00 2.59 20 1 1 1 4
5 5 -1 7500.00 2.59 20 4 1 1 4
5 6 1 7500.00 2.59 20 11 1 1 1
5 6 -1 7500.00 2.59 20 10 1 1 1
5 7 1 7500.00 2.59 20 5 1 1 0
5 7 -1 7500.00 2.59 20 1 1 1 0
5 8 1 7500.00 2.59 20 12 1 1 4
5 8 -1 7500.00 2.59 20 3 1 1 4
5 9 1 7500.00 2.59 20 2 1 1 1
5 9 -1 7500.00 2.59 20 3 1 1 1
5 10 1 7500.00 2.59 20 9 1 1 0
5 10 -1 7500.00 2.59 20 1 1 1 0
6 1 1 7500.00 2.59 20 1 1 1 0
6 1 -1 7500.00 2.59 20 4 1 1 0
6 2 1 7500.00 2.59 20 9 1 1 0
6 2 -1 7500.00 2.59 20 10 1 1 0
6 3 1 7500.00 2.59 20 6 1 1 0
6 3 -1 7500.00 2.59 20 12 1 1 0
6 4 1 7500.00 2.59 20 2 1 1 0
6 4 -1 7500.00 2.59 20 8 1 1 0
6 5 1 7500.00 2.59 20 10 1 1 0
6 5 -1 7500.00 2.59 20 8 1 1 0
6 6 1 7500.00 2.59 20 5 1 1 0
6 6 -1 7500.00 2.59 20 13 1 1 0
6 7 1 7500.00 2.59 20 8 1 1 0
6 7 -1 7500.00 2.59 20 12 1 1 0
6 8 1 7500.00 2.59 20 1 1 1 0
6 8 -1 7500.00 2.59 20 11 1 1 0
6 9 1 7500.00 2.59 20 10 1 1 0
6 9 -1 7500.00 2.59 20 1 1 1 0
6 10 1 7500.00 2.59 20 1 1 1 0
6 10 -1 7500.00 2.59 20 5 1 1 0
7 1 1 7500.00 2.59 20 11 1 1 0
7 1 -1 7500.00 2.59 20 2 1 1 0
7 2 1 7500.00 2.59 20 4 1 1 0
7 2 -1 7500.00 2.59 20 7 1 1 0
7 3 1 7500.00 2.59 20 11 1 1 0
7 3 -1 7500.00 2.59 20 12 1 1 0
7 4 1 7500.00 2.59 20 14 1 1 4
7 4 -1 7500.00 2.59 20 7 1 1 4
7 5 1 7500.00 2.59 20 9 1 1 0
7 5 -1 7500.00 2.59 20 5 1 1 0
7 6 1 7500.00 2.59 20 11 1 1 3
7 6 -1 7500.00 2.59 20 11 1 1 3
7 7 1 7500.00 2.59 20 9 1 1 0
7 7 -1 7500.00 2.59 20 11 1 1 0
7 8 1 7500.00 2.59 20 1 1 1 0
7 8 -1 7500.00 2.59 20 11 1 1 0
7 9 1 7500.00 2.59 20 6 1 1 4
7 9 -1 7500.00 2.59 20 2 1 1 4
7 10 1 7500.00 2.59 20 9 1 1 0
7 10 -1 7500.00 2.59 20 9 1 1 0
8 1 0 15000.00 2.59 40 12 1 1 0
8 2 0 15000.00 2.59 40 11 1 1 0
8 3 0 15000.00 2.59 40 12 1 1 0
8 4 0 15000.00 2.59 40 8 1 1 0
8 5 0 15000.00 2.59 40 10 1 1 0
8 6 0 15000.00 2.59 40 6 1 1 0
8 7 0 15000.00 2.59 40 8 1 1 0
8 8 0 15000.00 2.59 40 10 1 1 0
8 9 0 15000.00 2.59 40 10 1 1 0
8 10 0 15000.00 2.59 40 2 1 1 0
9 1 0 15000.00 2.59 40 13 1 1 4
9 2 0 15000.00 2.59 40 5 1 1 0
9 3 0 15000.00 2.59 40 10 1 1 3
9 4 0 15000.00 2.59 40 9 1 1 4
9 5 0 15000.00 2.59 40 2 1 1 4
9 6 0 15000.00 2.59 40 6 1 1 0
9 7 0 15000.00 2.59 40 2 1 1 4
9 8 0 15000.00 2.59 40 14 1 1 3
9 9 0 15000.00 2.59 40 4 1 1 4
9 10 0 15000.00 2.59 40 14 1 1 4
#STACKS
150000.00 25.90 1
150000.00 25.90 1
150000.00 25.90 1
150000.00 25.90 1
150000.00 25.90 1
150000.00 25.90 1
150000.00 25.90 1
150000.00 25.90 1
150000.00 25.90 1
150000.00 25.90 1
150000.00 25.90 1
150000.00 25.90 1
#CELLS
1 0 0 1 1 1 1
1 0 0 1 1 1 1
1 0 0 1 1 1 1
1 0 0 1 1 1 1
1 0 0 1 1 1 1
1 0 0 1 1 1 1
1 0 0 1 1 1 1
1 0 0 1 1 1 1
1 0 0 1 1 1 1
1 0 0 1 1 1 1
2 0 0 1 1 1 1
2 0 0 1 1 1 1
2 0 0 1 1 1 1
2 0 0 1 1 1 1
2 0 0 1 1 1 1
2 0 0 1 1 1 1
2 0 0 1 1 1 1
2 0 0 1 1 1 1
2 0 0 1 1 1 1
2 0 0 1 1 1 1
3 0 0 1 1 1 1
3 0 0 1 1 1 1
3 0 0 1 1 1 1
3 0 0 1 1 1 1
3 0 0 1 1 1 1
3 0 0 1 1 1 1
3 0 0 1 1 1 1
3 0 0 1 1 1 1
3 0 0 1 1 1 1
3 0 0 1 1 1 1
4 1 1 1 1 1 1
4 1 1 1 1 1 1
4 1 1 1 1 1 1
4 1 1 1 1 1 1
4 1 1 1 1 1 1
4 1 1 1 1 1 1
4 1 1 1 1 1 1
4 1 1 1 1 1 1
4 1 1 1 1 1 1
4 1 1 1 1 1 1
5 1 1 1 1 1 1
5 1 1 1 1 1 1
5 1 1 1 1 1 1
5 1 1 1 1 1 1
5 1 1 1 1 1 1
5 1 1 1 1 1 1
5 1 1 1 1 1 1
5 1 1 1 1 1 1
5 1 1 1 1 1 1
5 1 1 1 1 1 1
6 1 1 1 1 1 1
6 1 1 1 1 1 1
6 1 1 1 1 1 1
6 1 1 1 1 1 1
6 1 1 1 1 1 1
6 1 1 1 1 1 1
6 1 1 1 1 1 1
6 1 1 1 1 1 1
6 1 1 1 1 1 1
6 1 1 1 1 1 1
7 1 1 1 1 1 1
7 1 1 1 1 1 1
7 1 1 1 1 1 1
7 1 1 1 1 1 1
7 1 1 1 1 1 1
7 1 1 1 1 1 1
7 1 1 1 1 1 1
7 1 1 1 1 1 1
7 1 1 1 1 1 1
7 1 1 1 1 1 1
8 1 1 1 1 1 1
8 1 1 1 1 1 1
8 1 1 1 1 1 1
8 1 1 1 1 1 1
8 1 1 1 1 1 1
8 1 1 1 1 1 1
8 1 1 1 1 1 1
8 1 1 1 1 1 1
8 1 1 1 1 1 1
8 1 1 1 1 1 1
9 1 1 1 1 1 1
9 1 1 1 1 1 1
9 1 1 1 1 1 1
9 1 1 1 1 1 1
9 1 1 1 1 1 1
9 1 1 1 1 1 1
9 1 1 1 1 1 1
9 1 1 1 1 1 1
9 1 1 1 1 1 1
9 1 1 1 1 1 1
10 0 0 1 1 1 1
10 0 0 1 1 1 1
10 0 0 1 1 1 1
10 0 0 1 1 1 1
10 0 0 1 1 1 1
10 0 0 1 1 1 1
10 0 0 1 1 1 1
10 0 0 1 1 1 1
10 0 0 1 1 1 1
10 0 0 1 1 1 1
11 0 0 1 1 1 1
11 0 0 1 1 1 1
11 0 0 1 1 1 1
11 0 0 1 1 1 1
11 0 0 1 1 1 1
11 0 0 1 1 1 1
11 0 0 1 1 1 1
11 0 0 1 1 1 1
11 0 0 1 1 1 1
11 0 0 1 1 1 1
12 0 0 1 1 1 1
12 0 0 1 1 1 1
12 0 0 1 1 1 1
12 0 0 1 1 1 1
12 0 0 1 1 1 1
12 0 0 1 1 1 1
12 0 0 1 1 1 1
12 0 0 1 1 1 1
12 0 0 1 1 1 1
12 0 0 1 1 1 1
#INFO-GEN
Namespace(bayType=5, francisco=True, meanPort=3, seed=3456, stdPort=11.889895101186168, target40=38, targetCapacity=67, targetHC=52, targetIMO=63, targetPorts=15, targetReefer=79, targetRelease=64, targetWeight=50)
