15 48 102 12 120 1 10
#POD
1 2 3 4 5 6 7 8 9 10 11 12 13 14 15
#LOCATIONS
1
#CONTAINERS_TOLOAD
0 0 0 21947.40 2.59 20 9 0 1 0
0 0 0 9019.53 2.59 20 7 0 1 0
0 0 0 13229.58 2.59 20 2 0 1 0
0 0 0 23488.68 2.59 20 4 0 1 0
0 0 0 6895.28 2.59 20 15 0 1 1
0 0 0 20529.00 2.59 20 10 0 1 1
0 0 0 7016.60 2.59 20 6 0 1 0
0 0 0 17555.56 2.59 20 13 0 1 0
0 0 0 13324.69 2.59 20 14 0 1 0
0 0 0 14298.61 2.59 20 15 0 1 0
0 0 0 14664.58 2.59 20 1 0 1 0
0 0 0 20049.16 2.59 20 14 0 1 0
0 0 0 8667.94 2.59 20 9 0 1 0
0 0 0 17022.54 2.59 20 10 0 1 0
0 0 0 10323.80 2.59 20 13 0 1 4
0 0 0 20630.61 2.59 20 1 0 1 4
0 0 0 11622.68 2.59 20 1 0 1 0
0 0 0 11908.88 2.59 20 11 0 1 0
0 0 0 23970.01 2.59 20 3 0 1 4
0 0 0 5605.10 2.59 20 9 0 1 4
0 0 0 22497.11 2.59 20 4 0 1 0
0 0 0 5990.63 2.59 20 1 0 1 0
0 0 0 19001.56 2.59 20 6 0 1 0
0 0 0 14549.75 2.59 20 14 0 1 0
0 0 0 15545.97 2.59 20 13 0 1 0
0 0 0 13630.13 2.59 20 8 0 1 0
0 0 0 15252.27 2.59 20 4 1 1 0
0 0 0 9382.07 2.59 20 1 1 1 0
0 0 0 24275.66 2.90 40 1 0 1 0
0 0 0 4731.76 2.59 40 8 0 1 0
0 0 0 13971.01 2.59 40 8 0 1 0
0 0 0 18635.78 2.59 40 11 0 1 0
0 0 0 11892.98 2.90 40 4 0 1 0
0 0 0 13101.59 2.90 40 1 0 1 0
0 0 0 19466.74 2.59 40 7 0 1 0
0 0 0 15627.84 2.90 40 1 0 1 0
0 0 0 10569.92 2.59 40 8 0 1 0
0 0 0 19304.03 2.59 40 3 0 1 0
0 0 0 8747.17 2.90 40 4 0 1 0
0 0 0 20227.94 2.59 40 6 0 1 0
0 0 0 7612.54 2.90 40 12 0 1 0
0 0 0 17198.55 2.59 40 11 0 1 0
0 0 0 18506.65 2.90 40 4 0 1 0
0 0 0 12036.19 2.90 40 11 0 1 1
0 0 0 12175.61 2.90 40 14 0 1 0
0 0 0 22041.00 2.59 40 6 0 1 4
0 0 0 5988.87 2.90 40 7 0 1 0
0 0 0 13756.44 2.90 40 1 0 1 0
#CONTAINERS_LOADED
4 1 1 7500.00 2.59 20 15 1 1 0
4 1 -1 7500.00 2.59 20 2 1 1 0
4 2 1 7500.00 2.59 20 7 1 1 0
4 2 -1 7500.00 2.59 20 10 1 1 0
4 3 1 7500.00 2.59 20 1 1 1 0
4 3 -1 7500.00 2.59 20 1 1 1 0
4 4 1 7500.00 2.59 20 3 1 1 0
4 4 -1 7500.00 2.59 20 3 1 1 0
4 5 1 7500.00 2.59 20 6 1 1 0
4 5 -1 7500.00 2.59 20 14 1 1 0
4 6 1 7500.00 2.59 20 1 1 1 0
4 6 -1 7500.00 2.59 20 4 1 1 0
4 7 1 7500.00 2.59 20 11 1 1 0
4 7 -1 7500.00 2.59 20 10 1 1 0
4 8 1 7500.00 2.59 20 5 1 1 0
4 8 -1 7500.00 2.59 20 1 1 1 0
5 1 1 7500.00 2.59 20 12 1 1 0
5 1 -1 7500.00 2.59 20 3 1 1 0
5 2 1 7500.00 2.59 20 2 1 1 1
5 2 -1 7500.00 2.59 20 3 1 1 1
5 3 1 7500.00 2.59 20 9 1 1 0
5 3 -1 7500.00 2.59 20 1 1 1 0
5 4 1 7500.00 2.59 20 1 1 1 4
5 4 -1 7500.00 2.59 20 4 1 1 4
5 5 1 7500.00 2.59 20 9 1 1 0
5 5 -1 7500.00 2.59 20 10 1 1 0
5 6 1 7500.00 2.59 20 6 1 1 0
5 6 -1 7500.00 2.59 20 12 1 1 0
5 7 1 7500.00 2.59 20 2 1 1 4
5 7 -1 7500.00 2.59 20 8 1 1 4
5 8 1 7500.00 2.59 20 10 1 1 0
5 8 -1 7500.00 2.59 20 8 1 1 0
5 9 1 7500.00 2.59 20 5 1 1 1
5 9 -1 7500.00 2.59 20 13 1 1 1
5 10 1 7500.00 2.59 20 8 1 1 0
5 10 -1 7500.00 2.59 20 12 1 1 0
6 1 1 7500.00 2.59 20 1 1 1 0
6 1 -1 7500.00 2.59 20 11 1 1 0
6 2 1 7500.00 2.59 20 10 1 1 0
6 2 -1 7500.00 2.59 20 1 1 1 0
6 3 1 7500.00 2.59 20 1 1 1 0
6 3 -1 7500.00 2.59 20 5 1 1 0
6 4 1 7500.00 2.59 20 11 1 1 0
6 4 -1 7500.00 2.59 20 2 1 1 0
6 5 1 7500.00 2.59 20 4 1 1 0
6 5 -1 7500.00 2.59 20 7 1 1 0
6 6 1 7500.00 2.59 20 11 1 1 0
6 6 -1 7500.00 2.59 20 12 1 1 0
6 7 1 7500.00 2.59 20 14 1 1 0
6 7 -1 7500.00 2.59 20 7 1 1 0
6 8 1 7500.00 2.59 20 9 1 1 0
6 8 -1 7500.00 2.59 20 5 1 1 0
6 9 1 7500.00 2.59 20 11 1 1 0
6 9 -1 7500.00 2.59 20 11 1 1 0
6 10 1 7500.00 2.59 20 9 1 1 0
6 10 -1 7500.00 2.59 20 11 1 1 0
7 1 1 7500.00 2.59 20 1 1 1 3
7 1 -1 7500.00 2.59 20 11 1 1 3
7 2 1 7500.00 2.59 20 6 1 1 3
7 2 -1 7500.00 2.59 20 2 1 1 3
7 3 1 7500.00 2.59 20 9 1 1 3
7 3 -1 7500.00 2.59 20 9 1 1 3
7 4 1 7500.00 2.59 20 12 1 1 0
7 4 -1 7500.00 2.59 20 11 1 1 0
7 5 1 7500.00 2.59 20 12 1 1 3
7 5 -1 7500.00 2.59 20 8 1 1 3
7 6 1 7500.00 2.59 20 10 1 1 3
7 6 -1 7500.00 2.59 20 6 1 1 3
7 7 1 7500.00 2.59 20 8 1 1 4
7 7 -1 7500.00 2.59 20 10 1 1 4
7 8 1 7500.00 2.59 20 10 1 1 4
7 8 -1 7500.00 2.59 20 2 1 1 4
7 9 1 7500.00 2.59 20 13 1 1 0
7 9 -1 7500.00 2.59 20 5 1 1 0
7 10 1 7500.00 2.59 20 10 1 1 4
7 10 -1 7500.00 2.59 20 9 1 1 4
8 1 1 7500.00 2.59 20 2 1 1 0
8 1 -1 7500.00 2.59 20 6 1 1 0
8 2 1 7500.00 2.59 20 2 1 1 0
8 2 -1 7500.00 2.59 20 14 1 1 0
8 3 1 7500.00 2.59 20 4 1 1 0
8 3 -1 7500.00 2.59 20 14 1 1 0
8 4 1 7500.00 2.59 20 12 1 1 0
8 4 -1 7500.00 2.59 20 7 1 1 0
8 5 1 7500.00 2.59 20 5 1 1 0
8 5 -1 7500.00 2.59 20 7 1 1 0
8 6 1 7500.00 2.59 20 5 1 1 0
8 6 -1 7500.00 2.59 20 13 1 1 0
8 7 0 15000.00 2.59 40 5 1 1 0
8 8 0 15000.00 2.59 40 6 1 1 0
8 9 0 15000.00 2.59 40 1 1 1 0
8 10 0 15000.00 2.59 40 9 1 1 0
9 1 0 15000.00 2.59 40 2 1 1 4
9 2 0 15000.00 2.59 40 11 1 1 0
9 3 0 15000.00 2.59 40 13 1 1 3
9 4 0 15000.00 2.59 40 1 1 1 0
9 5 0 15000.00 2.59 40 8 1 1 4
9 6 0 15000.00 2.59 40 7 1 1 0
9 7 0 15000.00 2.59 40 1 1 1 4
9 8 0 15000.00 2.59 40 3 1 1 3
9 9 0 15000.00 2.59 40 10 1 1 4
9 10 0 15000.00 2.59 40 10 1 1 4
#STACKS
150000.00 25.90 1
150000.00 25.90 1
150000.00 25.90 1
150000.00 25.90 1
150000.00 25.90 1
150000.00 25.90 1
150000.00 25.90 1
150000.00 25.90 1
150000.00 25.90 1
150000.00 25.90 1
150000.00 25.90 1
150000.00 25.90 1
#CELLS
1 0 0 1 1 1 1
1 0 0 1 1 1 1
1 0 0 1 1 1 1
1 0 0 1 1 1 1
1 0 0 1 1 1 1
1 0 0 1 1 1 1
1 0 0 1 1 1 1
1 0 0 1 1 1 1
1 0 0 1 1 1 1
1 0 0 1 1 1 1
2 0 0 1 1 1 1
2 0 0 1 1 1 1
2 0 0 1 1 1 1
2 0 0 1 1 1 1
2 0 0 1 1 1 1
2 0 0 1 1 1 1
2 0 0 1 1 1 1
2 0 0 1 1 1 1
2 0 0 1 1 1 1
2 0 0 1 1 1 1
3 0 0 1 1 1 1
3 0 0 1 1 1 1
3 0 0 1 1 1 1
3 0 0 1 1 1 1
3 0 0 1 1 1 1
3 0 0 1 1 1 1
3 0 0 1 1 1 1
3 0 0 1 1 1 1
3 0 0 1 1 1 1
3 0 0 1 1 1 1
4 1 1 1 1 1 1
4 1 1 1 1 1 1
4 1 1 1 1 1 1
4 1 1 1 1 1 1
4 1 1 1 1 1 1
4 1 1 1 1 1 1
4 1 1 1 1 1 1
4 1 1 1 1 1 1
4 1 1 1 1 1 1
4 1 1 1 1 1 1
5 1 1 1 1 1 1
5 1 1 1 1 1 1
5 1 1 1 1 1 1
5 1 1 1 1 1 1
5 1 1 1 1 1 1
5 1 1 1 1 1 1
5 1 1 1 1 1 1
5 1 1 1 1 1 1
5 1 1 1 1 1 1
5 1 1 1 1 1 1
6 1 1 1 1 1 1
6 1 1 1 1 1 1
6 1 1 1 1 1 1
6 1 1 1 1 1 1
6 1 1 1 1 1 1
6 1 1 1 1 1 1
6 1 1 1 1 1 1
6 1 1 1 1 1 1
6 1 1 1 1 1 1
6 1 1 1 1 1 1
7 1 1 1 1 1 1
7 1 1 1 1 1 1
7 1 1 1 1 1 1
7 1 1 1 1 1 1
7 1 1 1 1 1 1
7 1 1 1 1 1 1
7 1 1 1 1 1 1
7 1 1 1 1 1 1
7 1 1 1 1 1 1
7 1 1 1 1 1 1
8 1 1 1 1 1 1
8 1 1 1 1 1 1
8 1 1 1 1 1 1
8 1 1 1 1 1 1
8 1 1 1 1 1 1
8 1 1 1 1 1 1
8 1 1 1 1 1 1
8 1 1 1 1 1 1
8 1 1 1 1 1 1
8 1 1 1 1 1 1
9 1 1 1 1 1 1
9 1 1 1 1 1 1
9 1 1 1 1 1 1
9 1 1 1 1 1 1
9 1 1 1 1 1 1
9 1 1 1 1 1 1
9 1 1 1 1 1 1
9 1 1 1 1 1 1
9 1 1 1 1 1 1
9 1 1 1 1 1 1
10 0 0 1 1 1 1
10 0 0 1 1 1 1
10 0 0 1 1 1 1
10 0 0 1 1 1 1
10 0 0 1 1 1 1
10 0 0 1 1 1 1
10 0 0 1 1 1 1
10 0 0 1 1 1 1
10 0 0 1 1 1 1
10 0 0 1 1 1 1
11 0 0 1 1 1 1
11 0 0 1 1 1 1
11 0 0 1 1 1 1
11 0 0 1 1 1 1
11 0 0 1 1 1 1
11 0 0 1 1 1 1
11 0 0 1 1 1 1
11 0 0 1 1 1 1
11 0 0 1 1 1 1
11 0 0 1 1 1 1
12 0 0 1 1 1 1
12 0 0 1 1 1 1
12 0 0 1 1 1 1
12 0 0 1 1 1 1
12 0 0 1 1 1 1
12 0 0 1 1 1 1
12 0 0 1 1 1 1
12 0 0 1 1 1 1
12 0 0 1 1 1 1
12 0 0 1 1 1 1
#INFO-GEN
Namespace(bayType=5, francisco=True, meanPort=3, seed=3456, stdPort=11.889895101186168, target40=38, targetCapacity=77, targetHC=52, targetIMO=63, targetPorts=15, targetReefer=79, targetRelease=64, targetWeight=75)
