15 59 113 12 120 1 10
#POD
1 2 3 4 5 6 7 8 9 10 11 12 13 14 15
#LOCATIONS
1
#CONTAINERS_TOLOAD
0 0 0 20210.57 2.59 20 14 0 1 0
0 0 0 8467.74 2.59 20 13 0 1 0
0 0 0 12291.88 2.59 20 9 0 1 0
0 0 0 21610.57 2.59 20 13 0 1 0
0 0 0 6538.22 2.59 20 4 0 1 0
0 0 0 18922.19 2.59 20 5 0 1 0
0 0 0 6648.42 2.59 20 8 0 1 0
0 0 0 16221.31 2.59 20 2 0 1 0
0 0 0 12378.27 2.59 20 15 0 1 0
0 0 0 13262.91 2.59 20 1 0 1 0
0 0 0 13595.33 2.59 20 1 0 1 0
0 0 0 18486.34 2.59 20 7 0 1 0
0 0 0 8148.38 2.59 20 10 0 1 0
0 0 0 15737.15 2.59 20 9 0 1 0
0 0 0 9652.46 2.59 20 6 0 1 0
0 0 0 19014.48 2.59 20 10 0 1 0
0 0 0 10832.28 2.59 20 11 0 1 0
0 0 0 11092.24 2.59 20 7 0 1 0
0 0 0 22047.78 2.59 20 8 0 1 0
0 0 0 5366.30 2.59 20 7 0 1 0
0 0 0 20709.89 2.59 20 9 0 1 1
0 0 0 5716.49 2.59 20 6 0 1 1
0 0 0 17534.76 2.59 20 10 0 1 1
0 0 0 13491.03 2.59 20 15 0 1 1
0 0 0 14395.93 2.59 20 5 0 1 1
0 0 0 12655.71 2.59 20 10 0 1 1
0 0 0 14129.15 2.59 20 11 0 1 0
0 0 0 8797.06 2.59 20 3 0 1 0
0 0 0 22325.40 2.59 20 13 0 1 1
0 0 0 4573.02 2.59 20 2 0 1 1
0 0 0 12965.34 2.59 20 8 0 1 1
0 0 0 17202.51 2.59 20 5 0 1 1
0 0 0 11077.80 2.59 20 3 0 1 0
0 0 0 12175.62 2.59 20 3 0 1 0
0 0 0 17957.30 2.59 20 3 0 1 0
0 0 0 14470.30 2.59 20 1 0 1 0
0 0 0 9876.01 2.59 20 10 0 1 1
0 0 0 17809.50 2.59 20 11 0 1 1
0 0 0 8220.35 2.59 20 6 0 1 0
0 0 0 18648.73 2.59 20 9 0 1 0
0 0 0 7189.72 2.59 40 8 0 1 0
0 0 0 15897.03 2.90 40 7 0 1 0
0 0 0 17085.22 2.59 40 7 0 1 0
0 0 0 11207.88 2.59 40 2 0 1 0
0 0 0 11334.52 2.59 40 1 0 1 0
0 0 0 20295.59 2.59 40 2 0 1 4
0 0 0 5714.90 2.59 40 8 0 1 4
0 0 0 16386.71 2.59 40 4 0 1 0
0 0 0 13930.56 2.90 40 8 0 1 0
0 0 0 11723.04 2.59 40 2 0 1 0
0 0 0 14833.19 2.59 40 14 0 1 0
0 0 0 14787.40 2.90 40 1 0 1 0
0 0 0 9429.54 2.59 40 5 0 1 1
0 0 0 19533.34 2.90 40 14 0 1 0
0 0 0 6921.86 2.90 40 7 0 1 0
0 0 0 13278.42 2.90 40 8 0 1 0
0 0 0 22582.43 2.90 40 8 0 1 0
0 0 0 5141.63 2.90 40 6 0 1 0
0 0 0 12436.31 2.59 40 4 0 1 0
#CONTAINERS_LOADED
4 1 1 7500.00 2.59 20 5 1 1 0
4 1 -1 7500.00 2.59 20 1 1 1 0
4 2 1 7500.00 2.59 20 14 1 1 0
4 2 -1 7500.00 2.59 20 2 1 1 0
4 3 1 7500.00 2.59 20 10 1 1 0
4 3 -1 7500.00 2.59 20 5 1 1 0
4 4 1 7500.00 2.59 20 7 1 1 0
4 4 -1 7500.00 2.59 20 9 1 1 0
4 5 1 7500.00 2.59 20 14 1 1 0
4 5 -1 7500.00 2.59 20 1 1 1 0
4 6 1 7500.00 2.59 20 3 1 1 0
4 6 -1 7500.00 2.59 20 3 1 1 0
4 7 1 7500.00 2.59 20 1 1 1 0
4 7 -1 7500.00 2.59 20 13 1 1 0
4 8 1 7500.00 2.59 20 7 1 1 0
4 8 -1 7500.00 2.59 20 7 1 1 0
4 9 1 7500.00 2.59 20 6 1 1 0
4 9 -1 7500.00 2.59 20 5 1 1 0
4 10 1 7500.00 2.59 20 11 1 1 0
4 10 -1 7500.00 2.59 20 6 1 1 0
5 1 1 7500.00 2.59 20 7 1 1 0
5 1 -1 7500.00 2.59 20 10 1 1 0
5 2 1 7500.00 2.59 20 2 1 1 3
5 2 -1 7500.00 2.59 20 15 1 1 3
5 3 1 7500.00 2.59 20 11 1 1 0
5 3 -1 7500.00 2.59 20 13 1 1 0
5 4 1 7500.00 2.59 20 13 1 1 3
5 4 -1 7500.00 2.59 20 5 1 1 3
5 5 1 7500.00 2.59 20 12 1 1 0
5 5 -1 7500.00 2.59 20 5 1 1 0
5 6 1 7500.00 2.59 20 12 1 1 3
5 6 -1 7500.00 2.59 20 1 1 1 3
5 7 1 7500.00 2.59 20 9 1 1 0
5 7 -1 7500.00 2.59 20 6 1 1 0
5 8 1 7500.00 2.59 20 10 1 1 4
5 8 -1 7500.00 2.59 20 10 1 1 4
5 9 1 7500.00 2.59 20 4 1 1 3
5 9 -1 7500.00 2.59 20 6 1 1 3
5 10 1 7500.00 2.59 20 14 1 1 3
5 10 -1 7500.00 2.59 20 4 1 1 3
6 1 1 7500.00 2.59 20 5 1 1 0
6 1 -1 7500.00 2.59 20 1 1 1 0
6 2 1 7500.00 2.59 20 14 1 1 0
6 2 -1 7500.00 2.59 20 2 1 1 0
6 3 1 7500.00 2.59 20 6 1 1 0
6 3 -1 7500.00 2.59 20 13 1 1 0
6 4 1 7500.00 2.59 20 11 1 1 0
6 4 -1 7500.00 2.59 20 10 1 1 0
6 5 1 7500.00 2.59 20 14 1 1 0
6 5 -1 7500.00 2.59 20 7 1 1 0
6 6 1 7500.00 2.59 20 7 1 1 0
6 6 -1 7500.00 2.59 20 10 1 1 0
6 7 1 7500.00 2.59 20 8 1 1 0
6 7 -1 7500.00 2.59 20 6 1 1 0
6 8 1 7500.00 2.59 20 10 1 1 0
6 8 -1 7500.00 2.59 20 10 1 1 0
6 9 1 7500.00 2.59 20 5 1 1 0
6 9 -1 7500.00 2.59 20 11 1 1 0
6 10 1 7500.00 2.59 20 2 1 1 0
6 10 -1 7500.00 2.59 20 4 1 1 0
7 1 1 7500.00 2.59 20 8 1 1 3
7 1 -1 7500.00 2.59 20 15 1 1 3
7 2 1 7500.00 2.59 20 9 1 1 0
7 2 -1 7500.00 2.59 20 14 1 1 0
7 3 1 7500.00 2.59 20 12 1 1 0
7 3 -1 7500.00 2.59 20 6 1 1 0
7 4 1 7500.00 2.59 20 7 1 1 0
7 4 -1 7500.00 2.59 20 9 1 1 0
7 5 1 7500.00 2.59 20 9 1 1 0
7 5 -1 7500.00 2.59 20 2 1 1 0
7 6 1 7500.00 2.59 20 5 1 1 4
7 6 -1 7500.00 2.59 20 6 1 1 4
7 7 1 7500.00 2.59 20 3 1 1 4
7 7 -1 7500.00 2.59 20 12 1 1 4
7 8 1 7500.00 2.59 20 11 1 1 3
7 8 -1 7500.00 2.59 20 15 1 1 3
7 9 1 7500.00 2.59 20 6 1 1 4
7 9 -1 7500.00 2.59 20 4 1 1 4
7 10 1 7500.00 2.59 20 4 1 1 3
7 10 -1 7500.00 2.59 20 5 1 1 3
8 1 1 7500.00 2.59 20 7 1 1 0
8 1 -1 7500.00 2.59 20 8 1 1 0
8 2 1 7500.00 2.59 20 3 1 1 0
8 2 -1 7500.00 2.59 20 9 1 1 0
8 3 1 7500.00 2.59 20 11 1 1 0
8 3 -1 7500.00 2.59 20 9 1 1 0
8 4 1 7500.00 2.59 20 5 1 1 0
8 4 -1 7500.00 2.59 20 11 1 1 0
8 5 1 7500.00 2.59 20 10 1 1 0
8 5 -1 7500.00 2.59 20 7 1 1 0
8 6 1 7500.00 2.59 20 3 1 1 0
8 6 -1 7500.00 2.59 20 10 1 1 0
8 7 0 15000.00 2.59 40 4 1 1 0
8 8 0 15000.00 2.59 40 5 1 1 0
8 9 0 15000.00 2.59 40 11 1 1 0
8 10 0 15000.00 2.59 40 9 1 1 0
9 1 0 15000.00 2.59 40 4 1 1 4
9 2 0 15000.00 2.59 40 14 1 1 1
9 3 0 15000.00 2.59 40 8 1 1 0
9 4 0 15000.00 2.59 40 9 1 1 0
9 5 0 15000.00 2.59 40 12 1 1 0
9 6 0 15000.00 2.59 40 1 1 1 0
9 7 0 15000.00 2.59 40 10 1 1 4
9 8 0 15000.00 2.59 40 7 1 1 0
9 9 0 15000.00 2.59 40 5 1 1 0
9 10 0 15000.00 2.59 40 10 1 1 1
10 1 0 15000.00 2.59 40 9 0 1 0
10 2 0 15000.00 2.59 40 6 0 1 0
10 3 0 15000.00 2.59 40 5 0 1 0
10 4 0 15000.00 2.59 40 2 0 1 0
10 5 0 15000.00 2.59 40 1 0 1 0
10 6 0 15000.00 2.59 40 10 0 1 0
10 7 0 15000.00 2.59 40 6 0 1 0
#STACKS
150000.00 25.90 1
150000.00 25.90 1
150000.00 25.90 1
150000.00 25.90 1
150000.00 25.90 1
150000.00 25.90 1
150000.00 25.90 1
150000.00 25.90 1
150000.00 25.90 1
150000.00 25.90 1
150000.00 25.90 1
150000.00 25.90 1
#CELLS
1 0 0 1 1 1 1
1 0 0 1 1 1 1
1 0 0 1 1 1 1
1 0 0 1 1 1 1
1 0 0 1 1 1 1
1 0 0 1 1 1 1
1 0 0 1 1 1 1
1 0 0 1 1 1 1
1 0 0 1 1 1 1
1 0 0 1 1 1 1
2 0 0 1 1 1 1
2 0 0 1 1 1 1
2 0 0 1 1 1 1
2 0 0 1 1 1 1
2 0 0 1 1 1 1
2 0 0 1 1 1 1
2 0 0 1 1 1 1
2 0 0 1 1 1 1
2 0 0 1 1 1 1
2 0 0 1 1 1 1
3 0 0 1 1 1 1
3 0 0 1 1 1 1
3 0 0 1 1 1 1
3 0 0 1 1 1 1
3 0 0 1 1 1 1
3 0 0 1 1 1 1
3 0 0 1 1 1 1
3 0 0 1 1 1 1
3 0 0 1 1 1 1
3 0 0 1 1 1 1
4 1 1 1 1 1 1
4 1 1 1 1 1 1
4 1 1 1 1 1 1
4 1 1 1 1 1 1
4 1 1 1 1 1 1
4 1 1 1 1 1 1
4 1 1 1 1 1 1
4 1 1 1 1 1 1
4 1 1 1 1 1 1
4 1 1 1 1 1 1
5 1 1 1 1 1 1
5 1 1 1 1 1 1
5 1 1 1 1 1 1
5 1 1 1 1 1 1
5 1 1 1 1 1 1
5 1 1 1 1 1 1
5 1 1 1 1 1 1
5 1 1 1 1 1 1
5 1 1 1 1 1 1
5 1 1 1 1 1 1
6 1 1 1 1 1 1
6 1 1 1 1 1 1
6 1 1 1 1 1 1
6 1 1 1 1 1 1
6 1 1 1 1 1 1
6 1 1 1 1 1 1
6 1 1 1 1 1 1
6 1 1 1 1 1 1
6 1 1 1 1 1 1
6 1 1 1 1 1 1
7 1 1 1 1 1 1
7 1 1 1 1 1 1
7 1 1 1 1 1 1
7 1 1 1 1 1 1
7 1 1 1 1 1 1
7 1 1 1 1 1 1
7 1 1 1 1 1 1
7 1 1 1 1 1 1
7 1 1 1 1 1 1
7 1 1 1 1 1 1
8 1 1 1 1 1 1
8 1 1 1 1 1 1
8 1 1 1 1 1 1
8 1 1 1 1 1 1
8 1 1 1 1 1 1
8 1 1 1 1 1 1
8 1 1 1 1 1 1
8 1 1 1 1 1 1
8 1 1 1 1 1 1
8 1 1 1 1 1 1
9 1 1 1 1 1 1
9 1 1 1 1 1 1
9 1 1 1 1 1 1
9 1 1 1 1 1 1
9 1 1 1 1 1 1
9 1 1 1 1 1 1
9 1 1 1 1 1 1
9 1 1 1 1 1 1
9 1 1 1 1 1 1
9 1 1 1 1 1 1
10 0 0 1 1 1 1
10 0 0 1 1 1 1
10 0 0 1 1 1 1
10 0 0 1 1 1 1
10 0 0 1 1 1 1
10 0 0 1 1 1 1
10 0 0 1 1 1 1
10 0 0 1 1 1 1
10 0 0 1 1 1 1
10 0 0 1 1 1 1
11 0 0 1 1 1 1
11 0 0 1 1 1 1
11 0 0 1 1 1 1
11 0 0 1 1 1 1
11 0 0 1 1 1 1
11 0 0 1 1 1 1
11 0 0 1 1 1 1
11 0 0 1 1 1 1
11 0 0 1 1 1 1
11 0 0 1 1 1 1
12 0 0 1 1 1 1
12 0 0 1 1 1 1
12 0 0 1 1 1 1
12 0 0 1 1 1 1
12 0 0 1 1 1 1
12 0 0 1 1 1 1
12 0 0 1 1 1 1
12 0 0 1 1 1 1
12 0 0 1 1 1 1
12 0 0 1 1 1 1
#INFO-GEN
Namespace(bayType=5, francisco=True, meanPort=3, seed=3456, stdPort=11.889895101186168, target40=38, targetCapacity=89, targetHC=52, targetIMO=63, targetPorts=15, targetReefer=79, targetRelease=64, targetWeight=100)
