7 102 52 12 120 1 10
#POD
1 2 3 4 5 6 7
#LOCATIONS
1
#CONTAINERS_TOLOAD
0 0 0 7282.06 2.59 20 5 0 1 0
0 0 0 10018.80 2.59 20 6 0 1 0
0 0 0 3825.59 2.59 20 2 0 1 0
0 0 0 6853.84 2.59 20 2 0 1 0
0 0 0 9763.91 2.59 20 1 0 1 0
0 0 0 4008.15 2.59 20 2 0 1 0
0 0 0 9314.94 2.59 20 7 0 1 0
0 0 0 4847.20 2.59 20 4 0 1 0
0 0 0 7663.73 2.59 20 2 0 1 0
0 0 0 7317.87 2.59 20 4 0 1 0
0 0 0 5888.41 2.59 20 1 0 1 0
0 0 0 8448.24 2.59 20 4 0 1 0
0 0 0 5508.66 2.59 20 2 0 1 0
0 0 0 6957.66 2.59 20 7 0 1 0
0 0 0 6283.15 2.59 20 6 0 1 0
0 0 0 8948.45 2.59 20 4 0 1 0
0 0 0 4668.11 2.59 20 5 0 1 0
0 0 0 7406.24 2.59 20 7 0 1 0
0 0 0 7474.71 2.59 20 7 0 1 0
0 0 0 7069.48 2.59 20 6 0 1 0
0 0 0 6040.67 2.59 20 7 0 1 0
0 0 0 8910.76 2.59 20 5 0 1 0
0 0 0 5490.26 2.59 20 6 0 1 0
0 0 0 6760.87 2.59 20 3 0 1 0
0 0 0 8934.61 2.59 20 3 0 1 0
0 0 0 4471.58 2.59 20 4 0 1 0
0 0 0 8682.08 2.59 20 1 0 1 0
0 0 0 5291.86 2.59 20 2 0 1 0
0 0 0 7784.25 2.59 20 5 0 1 0
0 0 0 7212.73 2.59 20 3 0 1 0
0 0 0 5242.39 2.59 20 2 0 1 0
0 0 0 9847.66 2.59 20 4 0 1 0
0 0 0 4102.91 2.59 20 5 0 1 0
0 0 0 6864.98 2.59 20 5 0 1 0
0 0 0 8966.02 2.59 20 3 1 1 0
0 0 0 5634.99 2.59 20 1 1 1 0
0 0 0 8677.73 2.59 20 6 1 1 0
0 0 0 4207.70 2.59 20 5 1 1 0
0 0 0 8536.61 2.59 20 6 1 1 0
0 0 0 6316.62 2.59 20 1 1 1 0
0 0 0 7795.56 2.59 20 4 1 1 0
0 0 0 5362.51 2.59 20 3 1 1 0
0 0 0 7410.54 2.59 20 6 0 1 4
0 0 0 8516.02 2.59 20 6 0 1 4
0 0 0 4836.88 2.59 20 6 0 1 0
0 0 0 8061.93 2.59 20 5 0 1 0
0 0 0 7102.65 2.59 20 6 0 1 0
0 0 0 5598.87 2.59 20 6 0 1 0
0 0 0 7203.35 2.59 20 6 0 1 0
0 0 0 8082.09 2.59 20 5 0 1 0
0 0 0 5509.45 2.59 20 6 0 1 0
0 0 0 7154.62 2.59 20 7 0 1 0
0 0 0 6564.62 2.59 20 5 0 1 4
0 0 0 6663.85 2.59 20 4 0 1 4
0 0 0 8292.14 2.59 20 1 0 1 0
0 0 0 5666.74 2.59 20 6 0 1 0
0 0 0 8070.27 2.59 20 1 1 1 4
0 0 0 5593.99 2.59 20 5 1 1 4
0 0 0 10148.51 2.59 20 4 1 1 0
0 0 0 3853.04 2.59 20 1 1 1 0
0 0 0 7401.65 2.59 20 4 1 1 0
0 0 0 6219.51 2.59 20 2 1 1 0
0 0 0 9480.57 2.59 20 4 0 1 0
0 0 0 4244.89 2.59 20 7 0 1 0
0 0 0 8646.98 2.59 20 1 0 1 0
0 0 0 5848.14 2.59 20 4 0 1 0
0 0 0 6716.74 2.59 20 5 0 1 0
0 0 0 8586.11 2.59 20 2 0 1 0
0 0 0 5447.61 2.59 20 5 0 1 0
0 0 0 7963.97 2.59 20 7 0 1 0
0 0 0 5417.75 2.59 40 7 0 1 0
0 0 0 6929.93 2.59 40 5 0 1 4
0 0 0 6935.82 2.59 40 5 0 1 0
0 0 0 8937.55 2.59 40 2 0 1 0
0 0 0 4611.68 2.59 40 2 0 1 0
0 0 0 7199.22 2.59 40 6 0 1 0
0 0 0 8725.10 2.59 40 2 0 1 0
0 0 0 5795.91 2.90 40 6 1 1 0
0 0 0 8150.16 2.59 20 3 1 1 0
0 0 0 5370.86 2.59 20 3 1 1 0
0 0 0 6245.10 2.59 20 5 1 1 0
0 0 0 7223.46 2.59 20 3 1 1 0
0 0 0 9615.59 2.90 40 7 0 1 0
0 0 0 4328.96 2.59 40 4 0 1 0
0 0 0 8029.16 2.90 40 1 0 1 0
0 0 0 6531.60 2.59 40 7 0 1 0
0 0 0 7081.62 2.90 40 4 0 1 0
0 0 0 5566.53 2.59 40 7 0 1 0
0 0 0 7860.28 2.59 40 1 0 1 0
0 0 0 8560.21 2.59 40 2 0 1 0
0 0 0 4900.13 2.90 40 5 0 1 0
0 0 0 7894.62 2.90 40 3 0 1 0
0 0 0 5326.48 2.59 40 5 0 1 0
0 0 0 9464.19 2.59 40 6 0 1 0
0 0 0 5366.53 2.59 40 3 0 1 0
0 0 0 6968.50 2.59 40 5 0 1 0
0 0 0 6422.59 2.59 40 1 0 1 0
0 0 0 7722.70 2.90 40 2 0 1 2
0 0 0 5644.34 2.90 40 4 0 1 0
0 0 0 7180.21 2.59 40 6 0 1 0
0 0 0 7379.59 2.59 40 5 0 1 0
0 0 0 5965.34 2.59 40 7 0 1 0
#CONTAINERS_LOADED
6 1 1 7500.00 2.59 20 6 1 1 0
6 1 -1 7500.00 2.59 20 2 1 1 0
6 2 1 7500.00 2.59 20 7 1 1 0
6 2 -1 7500.00 2.59 20 3 1 1 0
6 3 1 7500.00 2.59 20 6 1 1 0
6 3 -1 7500.00 2.59 20 4 1 1 0
6 4 1 7500.00 2.59 20 3 1 1 0
6 4 -1 7500.00 2.59 20 5 1 1 0
6 5 1 7500.00 2.59 20 7 1 1 0
6 5 -1 7500.00 2.59 20 7 1 1 0
6 6 1 7500.00 2.59 20 4 1 1 0
6 6 -1 7500.00 2.59 20 4 1 1 0
6 7 1 7500.00 2.59 20 1 1 1 0
6 7 -1 7500.00 2.59 20 1 1 1 0
6 8 1 7500.00 2.59 20 6 1 1 0
6 8 -1 7500.00 2.59 20 1 1 1 0
6 9 1 7500.00 2.59 20 5 1 1 0
6 9 -1 7500.00 2.59 20 5 1 1 0
6 10 1 7500.00 2.59 20 2 1 1 0
6 10 -1 7500.00 2.59 20 2 1 1 0
7 1 1 7500.00 2.59 20 2 1 1 0
7 1 -1 7500.00 2.59 20 4 1 1 0
7 2 1 7500.00 2.59 20 6 1 1 0
7 2 -1 7500.00 2.59 20 7 1 1 0
7 3 1 7500.00 2.59 20 6 1 1 0
7 3 -1 7500.00 2.59 20 3 1 1 0
7 4 1 7500.00 2.59 20 2 1 1 0
7 4 -1 7500.00 2.59 20 4 1 1 0
7 5 1 7500.00 2.59 20 4 1 1 0
7 5 -1 7500.00 2.59 20 3 1 1 0
7 6 1 7500.00 2.59 20 4 1 1 0
7 6 -1 7500.00 2.59 20 6 1 1 0
7 7 1 7500.00 2.59 20 4 1 1 0
7 7 -1 7500.00 2.59 20 6 1 1 0
7 8 1 7500.00 2.59 20 7 1 1 2
7 8 -1 7500.00 2.59 20 7 1 1 2
7 9 1 7500.00 2.59 20 5 1 1 2
7 9 -1 7500.00 2.59 20 5 1 1 2
7 10 1 7500.00 2.59 20 5 1 1 0
7 10 -1 7500.00 2.59 20 4 1 1 0
8 1 1 7500.00 2.59 20 4 1 1 0
8 1 -1 7500.00 2.59 20 2 1 1 0
8 2 1 7500.00 2.59 20 3 1 1 0
8 2 -1 7500.00 2.59 20 2 1 1 0
8 3 1 7500.00 2.59 20 6 1 1 0
8 3 -1 7500.00 2.59 20 6 1 1 0
8 4 1 7500.00 2.59 20 3 1 1 0
8 4 -1 7500.00 2.59 20 1 1 1 0
8 5 1 7500.00 2.59 20 6 1 1 0
8 5 -1 7500.00 2.59 20 4 1 1 0
8 6 1 7500.00 2.59 20 3 1 1 0
8 6 -1 7500.00 2.59 20 1 1 1 0
#STACKS
150000.00 25.90 1
150000.00 25.90 1
150000.00 25.90 1
150000.00 25.90 1
150000.00 25.90 1
150000.00 25.90 1
150000.00 25.90 1
150000.00 25.90 1
150000.00 25.90 1
150000.00 25.90 1
150000.00 25.90 1
150000.00 25.90 1
#CELLS
1 0 0 1 1 1 1
1 0 0 1 1 1 1
1 0 0 1 1 1 1
1 0 0 1 1 1 1
1 0 0 1 1 1 1
1 0 0 1 1 1 1
1 0 0 1 1 1 1
1 0 0 1 1 1 1
1 0 0 1 1 1 1
1 0 0 1 1 1 1
2 0 0 1 1 1 1
2 0 0 1 1 1 1
2 0 0 1 1 1 1
2 0 0 1 1 1 1
2 0 0 1 1 1 1
2 0 0 1 1 1 1
2 0 0 1 1 1 1
2 0 0 1 1 1 1
2 0 0 1 1 1 1
2 0 0 1 1 1 1
3 0 0 1 1 1 1
3 0 0 1 1 1 1
3 0 0 1 1 1 1
3 0 0 1 1 1 1
3 0 0 1 1 1 1
3 0 0 1 1 1 1
3 0 0 1 1 1 1
3 0 0 1 1 1 1
3 0 0 1 1 1 1
3 0 0 1 1 1 1
4 1 1 1 1 1 1
4 1 1 1 1 1 1
4 1 1 1 1 1 1
4 1 1 1 1 1 1
4 1 1 1 1 1 1
4 1 1 1 1 1 1
4 1 1 1 1 1 1
4 1 1 1 1 1 1
4 1 1 1 1 1 1
4 1 1 1 1 1 1
5 1 1 1 1 1 1
5 1 1 1 1 1 1
5 1 1 1 1 1 1
5 1 1 1 1 1 1
5 1 1 1 1 1 1
5 1 1 1 1 1 1
5 1 1 1 1 1 1
5 1 1 1 1 1 1
5 1 1 1 1 1 1
5 1 1 1 1 1 1
6 1 1 1 1 1 1
6 1 1 1 1 1 1
6 1 1 1 1 1 1
6 1 1 1 1 1 1
6 1 1 1 1 1 1
6 1 1 1 1 1 1
6 1 1 1 1 1 1
6 1 1 1 1 1 1
6 1 1 1 1 1 1
6 1 1 1 1 1 1
7 1 1 1 1 1 1
7 1 1 1 1 1 1
7 1 1 1 1 1 1
7 1 1 1 1 1 1
7 1 1 1 1 1 1
7 1 1 1 1 1 1
7 1 1 1 1 1 1
7 1 1 1 1 1 1
7 1 1 1 1 1 1
7 1 1 1 1 1 1
8 1 1 1 1 1 1
8 1 1 1 1 1 1
8 1 1 1 1 1 1
8 1 1 1 1 1 1
8 1 1 1 1 1 1
8 1 1 1 1 1 1
8 1 1 1 1 1 1
8 1 1 1 1 1 1
8 1 1 1 1 1 1
8 1 1 1 1 1 1
9 1 1 1 1 1 1
9 1 1 1 1 1 1
9 1 1 1 1 1 1
9 1 1 1 1 1 1
9 1 1 1 1 1 1
9 1 1 1 1 1 1
9 1 1 1 1 1 1
9 1 1 1 1 1 1
9 1 1 1 1 1 1
9 1 1 1 1 1 1
10 0 0 1 1 1 1
10 0 0 1 1 1 1
10 0 0 1 1 1 1
10 0 0 1 1 1 1
10 0 0 1 1 1 1
10 0 0 1 1 1 1
10 0 0 1 1 1 1
10 0 0 1 1 1 1
10 0 0 1 1 1 1
10 0 0 1 1 1 1
11 0 0 1 1 1 1
11 0 0 1 1 1 1
11 0 0 1 1 1 1
11 0 0 1 1 1 1
11 0 0 1 1 1 1
11 0 0 1 1 1 1
11 0 0 1 1 1 1
11 0 0 1 1 1 1
11 0 0 1 1 1 1
11 0 0 1 1 1 1
12 0 0 1 1 1 1
12 0 0 1 1 1 1
12 0 0 1 1 1 1
12 0 0 1 1 1 1
12 0 0 1 1 1 1
12 0 0 1 1 1 1
12 0 0 1 1 1 1
12 0 0 1 1 1 1
12 0 0 1 1 1 1
12 0 0 1 1 1 1
#INFO-GEN
Namespace(bayType=5, francisco=True, meanPort=6, seed=2344, stdPort=5.201965974440161, target40=31, targetCapacity=76, targetHC=21, targetIMO=18, targetPorts=7, targetReefer=30, targetRelease=30, targetWeight=50)
