7 91 48 12 120 1 10
#POD
1 2 3 4 5 6 7
#LOCATIONS
1
#CONTAINERS_TOLOAD
0 0 0 12709.37 2.59 20 6 0 1 0
0 0 0 18914.77 2.59 20 5 0 1 0
0 0 0 4871.98 2.59 20 4 0 1 0
0 0 0 11738.40 2.59 20 4 0 1 0
0 0 0 18336.83 2.59 20 5 0 1 0
0 0 0 5285.93 2.59 20 2 0 1 0
0 0 0 17318.83 2.59 20 6 0 1 0
0 0 0 7188.44 2.59 20 4 0 1 0
0 0 0 13574.77 2.59 20 5 0 1 4
0 0 0 12790.56 2.59 20 4 0 1 4
0 0 0 9549.33 2.59 20 4 0 1 0
0 0 0 15353.63 2.59 20 2 0 1 0
0 0 0 8688.27 2.59 20 4 0 1 0
0 0 0 11973.80 2.59 20 2 0 1 0
0 0 0 10444.38 2.59 20 3 0 1 3
0 0 0 16487.82 2.59 20 6 0 1 3
0 0 0 6782.37 2.59 20 7 0 1 0
0 0 0 12990.94 2.59 20 7 0 1 0
0 0 0 13146.19 2.59 20 5 0 1 4
0 0 0 12227.35 2.59 20 6 0 1 4
0 0 0 9894.57 2.59 20 1 0 1 0
0 0 0 16402.35 2.59 20 3 0 1 0
0 0 0 8646.53 2.59 20 6 0 1 0
0 0 0 11527.60 2.59 20 7 0 1 0
0 0 0 16456.43 2.59 20 6 0 1 0
0 0 0 6336.73 2.59 20 5 0 1 0
0 0 0 15883.83 2.59 20 4 0 1 0
0 0 0 8196.67 2.59 20 7 0 1 0
0 0 0 13848.05 2.59 20 7 0 1 0
0 0 0 12552.16 2.59 20 2 0 1 0
0 0 0 8084.51 2.59 20 3 0 1 0
0 0 0 18526.73 2.59 20 3 0 1 0
0 0 0 5500.79 2.59 20 1 1 1 0
0 0 0 11763.64 2.59 20 4 1 1 0
0 0 0 16527.65 2.59 20 3 1 1 0
0 0 0 8974.72 2.59 20 2 1 1 0
0 0 0 15873.98 2.59 20 5 1 1 0
0 0 0 5738.41 2.59 20 3 1 1 0
0 0 0 15554.00 2.59 20 4 1 1 0
0 0 0 10520.27 2.59 20 3 1 1 0
0 0 0 13873.70 2.59 20 4 0 1 0
0 0 0 8356.88 2.59 20 6 0 1 0
0 0 0 13000.68 2.59 20 1 0 1 0
0 0 0 15507.30 2.59 20 7 0 1 0
0 0 0 7165.04 2.59 20 6 0 1 0
0 0 0 14477.68 2.59 20 6 0 1 0
0 0 0 12302.57 2.59 20 7 0 1 1
0 0 0 8892.80 2.59 20 5 0 1 1
0 0 0 12530.89 2.59 20 4 0 1 0
0 0 0 14523.38 2.59 20 6 0 1 0
0 0 0 8690.04 2.59 20 5 0 1 4
0 0 0 12420.40 2.59 20 2 0 1 4
0 0 0 11082.61 2.59 20 4 0 1 1
0 0 0 11307.60 2.59 20 3 0 1 1
0 0 0 14999.66 2.59 20 4 1 1 0
0 0 0 9046.70 2.59 20 5 1 1 0
0 0 0 14496.58 2.59 20 3 1 1 1
0 0 0 8881.74 2.59 20 3 1 1 1
0 0 0 19208.90 2.59 20 3 1 1 0
0 0 0 4934.22 2.59 20 7 1 1 0
0 0 0 12980.52 2.59 40 7 0 1 0
0 0 0 10300.09 2.59 40 7 0 1 0
0 0 0 17694.38 2.59 40 4 0 1 0
0 0 0 5822.72 2.59 20 4 0 1 0
0 0 0 15804.26 2.59 20 1 0 1 0
0 0 0 9458.01 2.59 20 7 0 1 0
0 0 0 11427.52 2.59 20 5 0 1 0
0 0 0 15666.23 2.59 20 5 0 1 0
0 0 0 8549.84 2.59 20 5 0 1 0
0 0 0 14255.56 2.59 40 1 0 1 0
0 0 0 8482.12 2.59 40 5 0 1 0
0 0 0 11910.92 2.59 40 6 0 1 1
0 0 0 11924.28 2.59 40 2 0 1 4
0 0 0 16463.10 2.59 40 3 0 1 0
0 0 0 6654.41 2.59 40 5 0 1 0
0 0 0 12521.53 2.59 40 5 0 1 0
0 0 0 15981.39 2.59 40 6 1 1 0
0 0 0 9339.58 2.59 40 6 1 1 0
0 0 0 14677.74 2.59 40 2 1 1 0
0 0 0 8375.82 2.59 40 2 0 1 0
0 0 0 10358.10 2.59 40 6 0 1 0
0 0 0 12576.48 2.59 40 1 0 1 0
0 0 0 18000.53 2.59 40 4 0 1 0
0 0 0 6013.35 2.59 40 4 0 1 0
0 0 0 14403.38 2.59 40 5 0 1 0
0 0 0 11007.73 2.59 40 2 0 1 0
0 0 0 12254.87 2.59 40 7 0 1 0
0 0 0 8819.48 2.59 40 3 0 1 0
0 0 0 14020.45 2.59 40 6 0 1 0
0 0 0 15607.50 2.90 40 2 0 1 0
0 0 0 5753.15 2.59 40 7 0 1 0
#CONTAINERS_LOADED
6 1 1 7500.00 2.59 20 2 1 1 0
6 1 -1 7500.00 2.59 20 7 1 1 0
6 2 1 7500.00 2.59 20 4 1 1 0
6 2 -1 7500.00 2.59 20 4 1 1 0
6 3 1 7500.00 2.59 20 4 1 1 0
6 3 -1 7500.00 2.59 20 6 1 1 0
6 4 1 7500.00 2.59 20 2 1 1 0
6 4 -1 7500.00 2.59 20 3 1 1 0
6 5 1 7500.00 2.59 20 4 1 1 0
6 5 -1 7500.00 2.59 20 4 1 1 0
6 6 1 7500.00 2.59 20 7 1 1 0
6 6 -1 7500.00 2.59 20 4 1 1 0
6 7 1 7500.00 2.59 20 6 1 1 0
6 7 -1 7500.00 2.59 20 1 1 1 0
6 8 1 7500.00 2.59 20 4 1 1 0
6 8 -1 7500.00 2.59 20 6 1 1 0
6 9 1 7500.00 2.59 20 2 1 1 0
6 9 -1 7500.00 2.59 20 5 1 1 0
6 10 1 7500.00 2.59 20 1 1 1 0
6 10 -1 7500.00 2.59 20 6 1 1 0
7 1 1 7500.00 2.59 20 4 1 1 0
7 1 -1 7500.00 2.59 20 1 1 1 0
7 2 1 7500.00 2.59 20 1 1 1 1
7 2 -1 7500.00 2.59 20 2 1 1 1
7 3 1 7500.00 2.59 20 4 1 1 0
7 3 -1 7500.00 2.59 20 5 1 1 0
7 4 1 7500.00 2.59 20 7 1 1 4
7 4 -1 7500.00 2.59 20 5 1 1 4
7 5 1 7500.00 2.59 20 3 1 1 0
7 5 -1 7500.00 2.59 20 5 1 1 0
7 6 1 7500.00 2.59 20 7 1 1 0
7 6 -1 7500.00 2.59 20 2 1 1 0
7 7 1 7500.00 2.59 20 1 1 1 0
7 7 -1 7500.00 2.59 20 3 1 1 0
7 8 1 7500.00 2.59 20 6 1 1 0
7 8 -1 7500.00 2.59 20 5 1 1 0
7 9 1 7500.00 2.59 20 7 1 1 0
7 9 -1 7500.00 2.59 20 3 1 1 0
7 10 1 7500.00 2.59 20 1 1 1 0
7 10 -1 7500.00 2.59 20 3 1 1 0
8 1 1 7500.00 2.59 20 2 1 1 0
8 1 -1 7500.00 2.59 20 6 1 1 0
8 2 1 7500.00 2.59 20 3 1 1 0
8 2 -1 7500.00 2.59 20 3 1 1 0
8 3 1 7500.00 2.59 20 7 1 1 0
8 3 -1 7500.00 2.59 20 1 1 1 0
8 4 1 7500.00 2.59 20 3 1 1 0
8 4 -1 7500.00 2.59 20 2 1 1 0
#STACKS
150000.00 25.90 1
150000.00 25.90 1
150000.00 25.90 1
150000.00 25.90 1
150000.00 25.90 1
150000.00 25.90 1
150000.00 25.90 1
150000.00 25.90 1
150000.00 25.90 1
150000.00 25.90 1
150000.00 25.90 1
150000.00 25.90 1
#CELLS
1 0 0 1 1 1 1
1 0 0 1 1 1 1
1 0 0 1 1 1 1
1 0 0 1 1 1 1
1 0 0 1 1 1 1
1 0 0 1 1 1 1
1 0 0 1 1 1 1
1 0 0 1 1 1 1
1 0 0 1 1 1 1
1 0 0 1 1 1 1
2 0 0 1 1 1 1
2 0 0 1 1 1 1
2 0 0 1 1 1 1
2 0 0 1 1 1 1
2 0 0 1 1 1 1
2 0 0 1 1 1 1
2 0 0 1 1 1 1
2 0 0 1 1 1 1
2 0 0 1 1 1 1
2 0 0 1 1 1 1
3 0 0 1 1 1 1
3 0 0 1 1 1 1
3 0 0 1 1 1 1
3 0 0 1 1 1 1
3 0 0 1 1 1 1
3 0 0 1 1 1 1
3 0 0 1 1 1 1
3 0 0 1 1 1 1
3 0 0 1 1 1 1
3 0 0 1 1 1 1
4 1 1 1 1 1 1
4 1 1 1 1 1 1
4 1 1 1 1 1 1
4 1 1 1 1 1 1
4 1 1 1 1 1 1
4 1 1 1 1 1 1
4 1 1 1 1 1 1
4 1 1 1 1 1 1
4 1 1 1 1 1 1
4 1 1 1 1 1 1
5 1 1 1 1 1 1
5 1 1 1 1 1 1
5 1 1 1 1 1 1
5 1 1 1 1 1 1
5 1 1 1 1 1 1
5 1 1 1 1 1 1
5 1 1 1 1 1 1
5 1 1 1 1 1 1
5 1 1 1 1 1 1
5 1 1 1 1 1 1
6 1 1 1 1 1 1
6 1 1 1 1 1 1
6 1 1 1 1 1 1
6 1 1 1 1 1 1
6 1 1 1 1 1 1
6 1 1 1 1 1 1
6 1 1 1 1 1 1
6 1 1 1 1 1 1
6 1 1 1 1 1 1
6 1 1 1 1 1 1
7 1 1 1 1 1 1
7 1 1 1 1 1 1
7 1 1 1 1 1 1
7 1 1 1 1 1 1
7 1 1 1 1 1 1
7 1 1 1 1 1 1
7 1 1 1 1 1 1
7 1 1 1 1 1 1
7 1 1 1 1 1 1
7 1 1 1 1 1 1
8 1 1 1 1 1 1
8 1 1 1 1 1 1
8 1 1 1 1 1 1
8 1 1 1 1 1 1
8 1 1 1 1 1 1
8 1 1 1 1 1 1
8 1 1 1 1 1 1
8 1 1 1 1 1 1
8 1 1 1 1 1 1
8 1 1 1 1 1 1
9 1 1 1 1 1 1
9 1 1 1 1 1 1
9 1 1 1 1 1 1
9 1 1 1 1 1 1
9 1 1 1 1 1 1
9 1 1 1 1 1 1
9 1 1 1 1 1 1
9 1 1 1 1 1 1
9 1 1 1 1 1 1
9 1 1 1 1 1 1
10 0 0 1 1 1 1
10 0 0 1 1 1 1
10 0 0 1 1 1 1
10 0 0 1 1 1 1
10 0 0 1 1 1 1
10 0 0 1 1 1 1
10 0 0 1 1 1 1
10 0 0 1 1 1 1
10 0 0 1 1 1 1
10 0 0 1 1 1 1
11 0 0 1 1 1 1
11 0 0 1 1 1 1
11 0 0 1 1 1 1
11 0 0 1 1 1 1
11 0 0 1 1 1 1
11 0 0 1 1 1 1
11 0 0 1 1 1 1
11 0 0 1 1 1 1
11 0 0 1 1 1 1
11 0 0 1 1 1 1
12 0 0 1 1 1 1
12 0 0 1 1 1 1
12 0 0 1 1 1 1
12 0 0 1 1 1 1
12 0 0 1 1 1 1
12 0 0 1 1 1 1
12 0 0 1 1 1 1
12 0 0 1 1 1 1
12 0 0 1 1 1 1
12 0 0 1 1 1 1
#INFO-GEN
Namespace(bayType=5, francisco=True, meanPort=6, seed=2344, stdPort=5.201965974440161, target40=31, targetCapacity=69, targetHC=21, targetIMO=18, targetPorts=7, targetReefer=30, targetRelease=30, targetWeight=75)
