7 129 68 12 120 1 10
#POD
1 2 3 4 5 6 7
#LOCATIONS
1
#CONTAINERS_TOLOAD
0 0 0 10664.14 2.59 20 4 0 1 0
0 0 0 15562.41 2.59 20 2 0 1 0
0 0 0 4477.66 2.59 20 3 0 1 0
0 0 0 9897.70 2.59 20 6 0 1 0
0 0 0 15106.21 2.59 20 7 0 1 0
0 0 0 4804.41 2.59 20 7 0 1 0
0 0 0 14302.64 2.59 20 5 0 1 0
0 0 0 6306.17 2.59 20 6 0 1 0
0 0 0 11347.25 2.59 20 1 0 1 0
0 0 0 10728.22 2.59 20 3 0 1 0
0 0 0 8169.75 2.59 20 6 0 1 0
0 0 0 12751.40 2.59 20 7 0 1 0
0 0 0 7490.06 2.59 20 6 0 1 0
0 0 0 10083.51 2.59 20 5 0 1 0
0 0 0 8876.26 2.59 20 4 0 1 0
0 0 0 13646.68 2.59 20 7 0 1 0
0 0 0 5985.63 2.59 20 7 0 1 0
0 0 0 10886.40 2.59 20 2 0 1 0
0 0 0 11008.95 2.59 20 3 0 1 0
0 0 0 10283.66 2.59 20 3 0 1 0
0 0 0 8442.26 2.59 20 1 0 1 0
0 0 0 13579.21 2.59 20 4 0 1 0
0 0 0 7457.12 2.59 20 3 0 1 0
0 0 0 9731.30 2.59 20 2 0 1 0
0 0 0 13621.90 2.59 20 5 0 1 0
0 0 0 5633.86 2.59 20 3 0 1 0
0 0 0 13169.92 2.59 20 4 0 1 0
0 0 0 7102.02 2.59 20 3 0 1 0
0 0 0 11562.97 2.59 20 4 0 1 0
0 0 0 10540.04 2.59 20 6 0 1 0
0 0 0 7013.48 2.59 20 1 0 1 0
0 0 0 15256.10 2.59 20 7 0 1 0
0 0 0 4974.01 2.59 20 6 0 1 0
0 0 0 9917.62 2.59 20 6 0 1 0
0 0 0 13678.12 2.59 20 7 0 1 0
0 0 0 7716.17 2.59 20 5 0 1 0
0 0 0 13162.14 2.59 20 4 0 1 0
0 0 0 5161.58 2.59 20 6 0 1 0
0 0 0 12909.56 2.59 20 5 0 1 0
0 0 0 8936.17 2.59 20 2 0 1 0
0 0 0 11583.21 2.59 20 4 0 1 0
0 0 0 7228.48 2.59 20 3 0 1 0
0 0 0 10894.09 2.59 20 4 0 1 0
0 0 0 12872.70 2.59 20 5 0 1 0
0 0 0 6287.70 2.59 20 3 0 1 0
0 0 0 12059.96 2.59 20 3 0 1 0
0 0 0 10343.03 2.59 20 3 0 1 0
0 0 0 7651.51 2.59 20 7 0 1 0
0 0 0 10523.26 2.59 20 7 0 1 0
0 0 0 12096.04 2.59 20 7 0 1 0
0 0 0 7491.47 2.59 20 4 0 1 0
0 0 0 10436.04 2.59 20 4 0 1 0
0 0 0 9380.05 2.59 20 1 0 1 0
0 0 0 9557.65 2.59 20 7 0 1 0
0 0 0 12471.99 2.59 20 5 0 1 0
0 0 0 7773.00 2.59 20 5 0 1 0
0 0 0 12074.89 2.59 20 5 0 1 0
0 0 0 7642.78 2.59 20 1 0 1 0
0 0 0 15794.58 2.59 20 5 0 1 0
0 0 0 4526.79 2.59 20 6 0 1 0
0 0 0 10878.17 2.59 20 2 0 1 0
0 0 0 8762.36 2.59 20 3 0 1 0
0 0 0 14599.08 2.59 20 5 0 1 0
0 0 0 5228.13 2.59 20 5 0 1 0
0 0 0 13107.10 2.59 20 6 1 1 0
0 0 0 8097.66 2.59 20 6 1 1 0
0 0 0 9652.30 2.59 20 2 1 1 0
0 0 0 12998.15 2.59 20 2 1 1 0
0 0 0 7380.80 2.59 20 6 1 1 0
0 0 0 11884.63 2.59 20 1 1 1 0
0 0 0 7327.34 2.59 20 4 1 1 0
0 0 0 10033.88 2.59 20 4 1 1 0
0 0 0 10044.43 2.59 20 5 0 1 0
0 0 0 13627.17 2.59 20 2 0 1 0
0 0 0 5884.62 2.59 20 7 0 1 0
0 0 0 10515.87 2.59 20 3 0 1 0
0 0 0 13246.92 2.59 20 6 0 1 0
0 0 0 8004.18 2.59 20 2 0 1 0
0 0 0 12217.88 2.59 20 7 0 1 0
0 0 0 7243.43 2.59 20 2 0 1 0
0 0 0 8808.15 2.59 20 7 0 1 0
0 0 0 10559.25 2.59 20 4 0 1 0
0 0 0 14840.74 2.59 20 4 0 1 2
0 0 0 5378.60 2.59 20 4 0 1 2
0 0 0 12001.32 2.59 40 6 0 1 0
0 0 0 9320.94 2.59 40 2 0 1 4
0 0 0 10305.38 2.59 40 3 0 1 0
0 0 0 7593.64 2.59 40 4 0 1 0
0 0 0 11699.05 2.59 40 4 0 1 0
0 0 0 12951.79 2.59 20 7 0 1 0
0 0 0 6400.90 2.59 20 4 0 1 0
0 0 0 11760.50 2.59 20 6 0 1 0
0 0 0 7163.98 2.59 20 1 0 1 0
0 0 0 14569.75 2.59 20 4 1 1 0
0 0 0 7235.67 2.59 20 6 1 1 0
0 0 0 10102.92 2.59 20 2 1 1 0
0 0 0 9125.83 2.59 20 5 1 1 0
0 0 0 11452.79 2.59 20 1 1 1 0
0 0 0 7732.90 2.59 20 6 1 1 0
0 0 0 10481.85 2.90 40 4 0 1 0
0 0 0 10838.69 2.90 40 1 0 1 0
0 0 0 11943.91 2.59 40 1 0 1 0
0 0 0 7997.34 2.59 40 2 0 1 0
0 0 0 11113.17 2.59 40 4 0 1 0
0 0 0 7933.78 2.59 40 5 0 1 0
0 0 0 12139.97 2.59 40 7 0 1 0
0 0 0 9977.47 2.59 40 5 0 1 0
0 0 0 8429.33 2.90 40 3 0 1 0
0 0 0 13294.97 2.59 40 5 0 1 0
0 0 0 6202.69 2.59 40 7 0 1 0
0 0 0 13969.52 2.59 40 2 0 1 4
0 0 0 6802.18 2.59 40 1 0 1 0
0 0 0 9069.10 2.59 40 3 0 1 0
0 0 0 14494.95 2.59 40 6 0 1 0
0 0 0 6094.43 2.90 40 5 0 1 0
0 0 0 10991.11 2.59 40 7 0 1 0
0 0 0 12642.47 2.59 40 3 0 1 0
0 0 0 7273.56 2.59 40 1 0 1 0
0 0 0 8003.99 2.90 40 3 0 1 0
0 0 0 10203.88 2.59 40 2 0 1 0
0 0 0 16227.70 2.90 40 6 0 1 0
0 0 0 3720.83 2.59 40 3 0 1 0
0 0 0 15560.87 2.59 40 3 0 1 0
0 0 0 4666.29 2.59 40 7 0 1 0
0 0 0 13637.47 2.59 40 1 0 1 0
0 0 0 6978.34 2.59 40 3 0 1 0
0 0 0 9449.37 2.59 40 2 0 1 0
0 0 0 11703.03 2.90 40 5 0 1 0
0 0 0 7785.69 2.59 40 6 0 1 0
#CONTAINERS_LOADED
5 1 1 7500.00 2.59 20 5 1 1 0
5 1 -1 7500.00 2.59 20 3 1 1 0
5 2 1 7500.00 2.59 20 1 1 1 0
5 2 -1 7500.00 2.59 20 1 1 1 0
5 3 1 7500.00 2.59 20 3 1 1 2
5 3 -1 7500.00 2.59 20 6 1 1 2
5 4 1 7500.00 2.59 20 7 1 1 0
5 4 -1 7500.00 2.59 20 6 1 1 0
6 1 1 7500.00 2.59 20 5 1 1 0
6 1 -1 7500.00 2.59 20 4 1 1 0
6 2 1 7500.00 2.59 20 7 1 1 0
6 2 -1 7500.00 2.59 20 1 1 1 0
6 3 1 7500.00 2.59 20 1 1 1 0
6 3 -1 7500.00 2.59 20 7 1 1 0
6 4 1 7500.00 2.59 20 5 1 1 0
6 4 -1 7500.00 2.59 20 1 1 1 0
6 5 1 7500.00 2.59 20 3 1 1 0
6 5 -1 7500.00 2.59 20 1 1 1 0
6 6 1 7500.00 2.59 20 5 1 1 0
6 6 -1 7500.00 2.59 20 7 1 1 0
6 7 1 7500.00 2.59 20 1 1 1 0
6 7 -1 7500.00 2.59 20 1 1 1 0
6 8 1 7500.00 2.59 20 7 1 1 0
6 8 -1 7500.00 2.59 20 1 1 1 0
6 9 1 7500.00 2.59 20 5 1 1 0
6 9 -1 7500.00 2.59 20 6 1 1 0
6 10 1 7500.00 2.59 20 6 1 1 0
6 10 -1 7500.00 2.59 20 1 1 1 0
7 1 1 7500.00 2.59 20 7 1 1 0
7 1 -1 7500.00 2.59 20 1 1 1 0
7 2 1 7500.00 2.59 20 4 1 1 0
7 2 -1 7500.00 2.59 20 4 1 1 0
7 3 1 7500.00 2.59 20 5 1 1 4
7 3 -1 7500.00 2.59 20 4 1 1 4
7 4 1 7500.00 2.59 20 5 1 1 0
7 4 -1 7500.00 2.59 20 5 1 1 0
7 5 1 7500.00 2.59 20 3 1 1 0
7 5 -1 7500.00 2.59 20 1 1 1 0
7 6 1 7500.00 2.59 20 1 1 1 0
7 6 -1 7500.00 2.59 20 2 1 1 0
7 7 1 7500.00 2.59 20 2 1 1 1
7 7 -1 7500.00 2.59 20 6 1 1 1
7 8 1 7500.00 2.59 20 1 1 1 4
7 8 -1 7500.00 2.59 20 4 1 1 4
7 9 1 7500.00 2.59 20 7 1 1 4
7 9 -1 7500.00 2.59 20 6 1 1 4
7 10 1 7500.00 2.59 20 1 1 1 0
7 10 -1 7500.00 2.59 20 2 1 1 0
8 1 1 7500.00 2.59 20 3 1 1 0
8 1 -1 7500.00 2.59 20 2 1 1 0
8 2 1 7500.00 2.59 20 7 1 1 0
8 2 -1 7500.00 2.59 20 6 1 1 0
8 3 1 7500.00 2.59 20 2 1 1 0
8 3 -1 7500.00 2.59 20 2 1 1 0
8 4 1 7500.00 2.59 20 2 1 1 0
8 4 -1 7500.00 2.59 20 3 1 1 0
8 5 1 7500.00 2.59 20 4 1 1 0
8 5 -1 7500.00 2.59 20 2 1 1 0
8 6 1 7500.00 2.59 20 3 1 1 0
8 6 -1 7500.00 2.59 20 6 1 1 0
8 7 1 7500.00 2.59 20 7 1 1 0
8 7 -1 7500.00 2.59 20 1 1 1 0
8 8 1 7500.00 2.59 20 6 1 1 0
8 8 -1 7500.00 2.59 20 5 1 1 0
8 9 1 7500.00 2.59 20 1 1 1 0
8 9 -1 7500.00 2.59 20 4 1 1 0
8 10 1 7500.00 2.59 20 6 1 1 0
8 10 -1 7500.00 2.59 20 3 1 1 0
#STACKS
150000.00 25.90 1
150000.00 25.90 1
150000.00 25.90 1
150000.00 25.90 1
150000.00 25.90 1
150000.00 25.90 1
150000.00 25.90 1
150000.00 25.90 1
150000.00 25.90 1
150000.00 25.90 1
150000.00 25.90 1
150000.00 25.90 1
#CELLS
1 0 0 1 1 1 1
1 0 0 1 1 1 1
1 0 0 1 1 1 1
1 0 0 1 1 1 1
1 0 0 1 1 1 1
1 0 0 1 1 1 1
1 0 0 1 1 1 1
1 0 0 1 1 1 1
1 0 0 1 1 1 1
1 0 0 1 1 1 1
2 0 0 1 1 1 1
2 0 0 1 1 1 1
2 0 0 1 1 1 1
2 0 0 1 1 1 1
2 0 0 1 1 1 1
2 0 0 1 1 1 1
2 0 0 1 1 1 1
2 0 0 1 1 1 1
2 0 0 1 1 1 1
2 0 0 1 1 1 1
3 0 0 1 1 1 1
3 0 0 1 1 1 1
3 0 0 1 1 1 1
3 0 0 1 1 1 1
3 0 0 1 1 1 1
3 0 0 1 1 1 1
3 0 0 1 1 1 1
3 0 0 1 1 1 1
3 0 0 1 1 1 1
3 0 0 1 1 1 1
4 1 1 1 1 1 1
4 1 1 1 1 1 1
4 1 1 1 1 1 1
4 1 1 1 1 1 1
4 1 1 1 1 1 1
4 1 1 1 1 1 1
4 1 1 1 1 1 1
4 1 1 1 1 1 1
4 1 1 1 1 1 1
4 1 1 1 1 1 1
5 1 1 1 1 1 1
5 1 1 1 1 1 1
5 1 1 1 1 1 1
5 1 1 1 1 1 1
5 1 1 1 1 1 1
5 1 1 1 1 1 1
5 1 1 1 1 1 1
5 1 1 1 1 1 1
5 1 1 1 1 1 1
5 1 1 1 1 1 1
6 1 1 1 1 1 1
6 1 1 1 1 1 1
6 1 1 1 1 1 1
6 1 1 1 1 1 1
6 1 1 1 1 1 1
6 1 1 1 1 1 1
6 1 1 1 1 1 1
6 1 1 1 1 1 1
6 1 1 1 1 1 1
6 1 1 1 1 1 1
7 1 1 1 1 1 1
7 1 1 1 1 1 1
7 1 1 1 1 1 1
7 1 1 1 1 1 1
7 1 1 1 1 1 1
7 1 1 1 1 1 1
7 1 1 1 1 1 1
7 1 1 1 1 1 1
7 1 1 1 1 1 1
7 1 1 1 1 1 1
8 1 1 1 1 1 1
8 1 1 1 1 1 1
8 1 1 1 1 1 1
8 1 1 1 1 1 1
8 1 1 1 1 1 1
8 1 1 1 1 1 1
8 1 1 1 1 1 1
8 1 1 1 1 1 1
8 1 1 1 1 1 1
8 1 1 1 1 1 1
9 1 1 1 1 1 1
9 1 1 1 1 1 1
9 1 1 1 1 1 1
9 1 1 1 1 1 1
9 1 1 1 1 1 1
9 1 1 1 1 1 1
9 1 1 1 1 1 1
9 1 1 1 1 1 1
9 1 1 1 1 1 1
9 1 1 1 1 1 1
10 0 0 1 1 1 1
10 0 0 1 1 1 1
10 0 0 1 1 1 1
10 0 0 1 1 1 1
10 0 0 1 1 1 1
10 0 0 1 1 1 1
10 0 0 1 1 1 1
10 0 0 1 1 1 1
10 0 0 1 1 1 1
10 0 0 1 1 1 1
11 0 0 1 1 1 1
11 0 0 1 1 1 1
11 0 0 1 1 1 1
11 0 0 1 1 1 1
11 0 0 1 1 1 1
11 0 0 1 1 1 1
11 0 0 1 1 1 1
11 0 0 1 1 1 1
11 0 0 1 1 1 1
11 0 0 1 1 1 1
12 0 0 1 1 1 1
12 0 0 1 1 1 1
12 0 0 1 1 1 1
12 0 0 1 1 1 1
12 0 0 1 1 1 1
12 0 0 1 1 1 1
12 0 0 1 1 1 1
12 0 0 1 1 1 1
12 0 0 1 1 1 1
12 0 0 1 1 1 1
#INFO-GEN
Namespace(bayType=5, francisco=True, meanPort=6, seed=2344, stdPort=5.201965974440161, target40=31, targetCapacity=97, targetHC=21, targetIMO=18, targetPorts=7, targetReefer=30, targetRelease=30, targetWeight=100)
