14 13 25 5 40 1 8
#POD
1 2 3 4 5 6 7 8 9 10 11 13 14 15
#LOCATIONS
1
#CONTAINERS_TOLOAD
0 0 0 20821.83 2.59 20 3 0 1 0
0 0 0 8661.94 2.59 20 5 0 1 0
0 0 0 12621.89 2.59 20 8 0 1 4
0 0 0 22271.55 2.59 20 8 0 1 4
0 0 0 6663.88 2.59 20 2 0 1 1
0 0 0 19487.69 2.59 20 13 0 1 1
0 0 0 6777.99 2.59 20 10 0 1 1
0 0 0 16690.89 2.59 20 8 0 1 1
0 0 0 12711.35 2.59 40 9 0 1 0
0 0 0 13627.41 2.90 40 14 0 1 0
0 0 0 13971.64 2.90 40 13 0 1 0
0 0 0 19036.36 2.59 40 9 0 1 0
0 0 0 6653.57 2.59 40 13 0 1 0
#CONTAINERS_LOADED
2 4 1 7500.00 2.59 20 4 1 1 0
2 4 -1 7500.00 2.59 20 5 0 1 0
2 5 1 7500.00 2.59 20 8 1 1 0
2 5 -1 7500.00 2.59 20 2 0 1 0
2 6 1 7500.00 2.59 20 15 0 1 0
2 6 -1 7500.00 2.59 20 1 0 1 0
2 7 1 7500.00 2.59 20 1 0 1 0
2 7 -1 7500.00 2.59 20 7 0 1 0
2 8 1 7500.00 2.59 20 10 0 1 0
2 8 -1 7500.00 2.59 20 9 0 1 0
3 1 1 7500.00 2.59 20 6 1 1 4
3 1 -1 7500.00 2.59 20 10 0 1 4
3 2 1 7500.00 2.59 20 11 1 1 0
3 2 -1 7500.00 2.59 20 7 0 1 0
3 3 1 7500.00 2.59 20 8 1 1 4
3 3 -1 7500.00 2.59 20 7 0 1 4
3 4 1 7500.00 2.59 20 9 1 1 4
3 4 -1 7500.00 2.59 20 6 0 1 4
3 5 1 7500.00 2.59 20 10 1 1 0
3 5 -1 7500.00 2.59 20 15 0 1 0
3 6 1 7500.00 2.59 20 5 0 1 1
3 6 -1 7500.00 2.59 20 10 0 1 1
3 7 0 15000.00 2.59 40 11 0 1 0
3 8 0 15000.00 2.59 40 3 0 1 0
4 4 0 15000.00 2.59 40 13 1 1 0
#STACKS
60000.00 10.36 1
75000.00 12.95 1
120000.00 20.72 1
75000.00 12.95 1
60000.00 10.36 1
#CELLS
1 0 0 0 0 0 1
1 0 0 0 0 0 1
1 0 0 0 0 0 1
1 0 0 0 0 0 1
1 0 0 1 1 1 1
1 0 0 1 1 1 1
1 0 0 1 1 1 1
1 0 0 1 1 1 1
2 0 0 0 0 0 1
2 0 0 0 0 0 1
2 0 0 0 0 0 1
2 0 1 1 1 1 1
2 0 1 1 1 1 1
2 0 0 1 1 1 1
2 0 0 1 1 1 1
2 0 0 1 1 1 1
3 0 1 1 1 1 1
3 0 1 1 1 1 1
3 0 1 1 1 1 1
3 0 1 1 1 1 1
3 0 1 1 1 1 1
3 0 0 1 1 1 1
3 0 0 1 1 1 1
3 0 0 1 1 1 1
4 0 0 0 0 0 1
4 0 0 0 0 0 1
4 0 0 0 0 0 1
4 0 1 1 1 1 1
4 0 1 1 1 1 1
4 0 0 1 1 1 1
4 0 0 1 1 1 1
4 0 0 1 1 1 1
5 0 0 0 0 0 1
5 0 0 0 0 0 1
5 0 0 0 0 0 1
5 0 0 0 0 0 1
5 0 0 1 1 1 1
5 0 0 1 1 1 1
5 0 0 1 1 1 1
5 0 0 1 1 1 1
#INFO-GEN
Namespace(bayType=1, francisco=True, meanPort=3, seed=3456, stdPort=11.889895101186168, target40=38, targetCapacity=92, targetHC=52, targetIMO=63, targetPorts=15, targetReefer=79, targetRelease=64, targetWeight=100)
