6 85 80 12 120 1 10
#POD
1 2 3 4 5 6
#LOCATIONS
1
#CONTAINERS_TOLOAD
0 0 0 7632.57 2.59 20 3 0 1 0
0 0 0 9393.75 2.59 20 1 0 1 0
0 0 0 4215.57 2.59 20 2 0 1 0
0 0 0 7592.51 2.59 20 2 0 1 0
0 0 0 7740.53 2.59 20 2 0 1 0
0 0 0 8399.89 2.59 20 2 0 1 0
0 0 0 4610.61 2.59 20 3 0 1 0
0 0 0 10741.97 2.59 20 3 0 1 0
0 0 0 3265.99 2.59 20 1 0 1 4
0 0 0 10174.74 2.59 20 4 0 1 4
0 0 0 3976.65 2.59 20 3 0 1 1
0 0 0 10790.07 2.59 20 2 0 1 1
0 0 0 3388.48 2.59 20 3 0 1 4
0 0 0 10727.39 2.59 20 1 0 1 4
0 0 0 3342.15 2.59 20 4 0 1 0
0 0 0 8979.88 2.59 20 2 0 1 0
0 0 0 5480.47 2.59 20 2 0 1 4
0 0 0 10094.98 2.59 20 1 0 1 4
0 0 0 3806.67 2.59 20 1 0 1 0
0 0 0 7295.99 2.59 20 1 0 1 0
0 0 0 7334.44 2.59 20 3 0 1 0
0 0 0 9532.98 2.59 20 3 0 1 0
0 0 0 4443.22 2.59 20 3 0 1 4
0 0 0 7361.81 2.59 20 1 0 1 4
0 0 0 9156.67 2.59 20 3 0 1 4
0 0 0 4391.44 2.59 20 6 0 1 4
0 0 0 6998.92 2.59 20 4 0 1 0
0 0 0 10502.90 2.59 20 4 0 1 0
0 0 0 3314.85 2.59 20 4 1 1 0
0 0 0 10548.23 2.59 20 4 1 1 0
0 0 0 3679.38 2.59 20 1 1 1 0
0 0 0 10421.32 2.59 20 3 1 1 0
0 0 0 3986.86 2.59 20 2 1 1 0
0 0 0 7743.72 2.59 20 4 1 1 0
0 0 0 8459.09 2.59 20 3 1 1 0
0 0 0 4946.95 2.59 20 2 1 1 0
0 0 0 7681.54 2.59 20 3 1 1 0
0 0 0 6433.90 2.59 20 3 1 1 0
0 0 0 8551.61 2.59 20 3 1 1 0
0 0 0 6621.92 2.59 20 2 1 1 0
0 0 0 6689.61 2.59 20 3 1 1 0
0 0 0 7943.74 2.59 20 4 1 1 0
0 0 0 5120.92 2.59 20 1 1 1 0
0 0 0 9011.31 2.59 20 2 1 1 0
0 0 0 6707.08 2.59 20 2 1 1 0
0 0 0 6705.42 2.59 20 3 1 1 0
0 0 0 6683.70 2.59 40 1 0 1 0
0 0 0 6727.15 2.59 20 3 0 1 0
0 0 0 6539.20 2.59 20 3 0 1 0
0 0 0 7349.36 2.59 20 1 1 1 0
0 0 0 8983.21 2.59 20 3 1 1 0
0 0 0 5852.90 2.59 20 2 1 1 3
0 0 0 8104.89 2.59 20 3 1 1 3
0 0 0 5979.56 2.59 20 2 1 1 3
0 0 0 8968.61 2.59 20 3 1 1 3
0 0 0 4692.50 2.59 20 3 1 1 4
0 0 0 6943.51 2.59 20 3 1 1 4
0 0 0 8367.02 2.59 20 3 1 1 3
0 0 0 5468.39 2.59 20 3 1 1 3
0 0 0 8821.04 2.59 20 3 1 1 0
0 0 0 5721.30 2.59 20 4 1 1 0
0 0 0 7097.73 2.59 20 4 1 1 0
0 0 0 6738.27 2.59 20 3 1 1 0
0 0 0 8567.54 2.59 20 1 1 1 0
0 0 0 6279.21 2.59 20 3 1 1 0
0 0 0 7653.18 2.59 40 3 0 1 0
0 0 0 6636.67 2.59 40 3 0 1 0
0 0 0 6466.69 2.90 40 2 0 1 0
0 0 0 9525.36 2.90 40 3 0 1 0
0 0 0 4500.27 2.90 40 2 0 1 0
0 0 0 7064.84 2.90 40 2 0 1 0
0 0 0 8649.87 2.59 40 4 0 1 0
0 0 0 5344.32 2.90 40 1 0 1 0
0 0 0 8316.23 2.59 40 2 0 1 0
0 0 0 7490.33 2.90 40 1 0 1 0
0 0 0 6261.03 2.90 40 1 0 1 0
0 0 0 7821.86 2.59 40 2 0 1 0
0 0 0 6796.57 2.59 40 5 0 1 0
0 0 0 6129.35 2.90 40 3 0 1 0
0 0 0 7392.63 2.90 40 3 0 1 1
0 0 0 6420.42 2.90 40 1 0 1 0
0 0 0 8598.97 2.90 40 3 0 1 0
0 0 0 6814.93 2.90 40 3 0 1 0
0 0 0 5789.63 2.90 40 5 0 1 4
0 0 0 6431.12 2.90 40 3 0 1 1
#CONTAINERS_LOADED
5 1 1 7500.00 2.59 20 5 1 1 0
5 1 -1 7500.00 2.59 20 4 1 1 0
5 2 1 7500.00 2.59 20 4 1 1 0
5 2 -1 7500.00 2.59 20 2 1 1 0
5 3 1 7500.00 2.59 20 1 1 1 1
5 3 -1 7500.00 2.59 20 2 1 1 1
5 4 1 7500.00 2.59 20 3 1 1 4
5 4 -1 7500.00 2.59 20 3 1 1 4
5 5 1 7500.00 2.59 20 1 1 1 4
5 5 -1 7500.00 2.59 20 1 1 1 4
5 6 1 7500.00 2.59 20 1 1 1 0
5 6 -1 7500.00 2.59 20 4 1 1 0
5 7 1 7500.00 2.59 20 3 1 1 0
5 7 -1 7500.00 2.59 20 1 1 1 0
5 8 1 7500.00 2.59 20 2 1 1 0
5 8 -1 7500.00 2.59 20 3 1 1 0
5 9 1 7500.00 2.59 20 2 1 1 0
5 9 -1 7500.00 2.59 20 2 1 1 0
5 10 1 7500.00 2.59 20 4 1 1 0
5 10 -1 7500.00 2.59 20 3 1 1 0
6 1 1 7500.00 2.59 20 2 1 1 0
6 1 -1 7500.00 2.59 20 3 1 1 0
6 2 1 7500.00 2.59 20 2 1 1 0
6 2 -1 7500.00 2.59 20 1 1 1 0
6 3 1 7500.00 2.59 20 4 1 1 0
6 3 -1 7500.00 2.59 20 4 1 1 0
6 4 1 7500.00 2.59 20 2 1 1 0
6 4 -1 7500.00 2.59 20 4 1 1 0
6 5 1 7500.00 2.59 20 4 1 1 0
6 5 -1 7500.00 2.59 20 3 1 1 0
6 6 1 7500.00 2.59 20 3 1 1 0
6 6 -1 7500.00 2.59 20 4 1 1 0
6 7 1 7500.00 2.59 20 3 1 1 0
6 7 -1 7500.00 2.59 20 1 1 1 0
6 8 1 7500.00 2.59 20 1 1 1 0
6 8 -1 7500.00 2.59 20 2 1 1 0
6 9 1 7500.00 2.59 20 1 1 1 0
6 9 -1 7500.00 2.59 20 1 1 1 0
6 10 1 7500.00 2.59 20 4 1 1 0
6 10 -1 7500.00 2.59 20 3 1 1 0
7 1 1 7500.00 2.59 20 1 1 1 0
7 1 -1 7500.00 2.59 20 1 1 1 0
7 2 1 7500.00 2.59 20 2 1 1 0
7 2 -1 7500.00 2.59 20 3 1 1 0
7 3 1 7500.00 2.59 20 1 1 1 0
7 3 -1 7500.00 2.59 20 2 1 1 0
7 4 1 7500.00 2.59 20 3 1 1 0
7 4 -1 7500.00 2.59 20 1 1 1 0
7 5 1 7500.00 2.59 20 3 1 1 0
7 5 -1 7500.00 2.59 20 4 1 1 0
7 6 1 7500.00 2.59 20 3 1 1 0
7 6 -1 7500.00 2.59 20 2 1 1 0
7 7 1 7500.00 2.59 20 2 1 1 0
7 7 -1 7500.00 2.59 20 5 1 1 0
7 8 1 7500.00 2.59 20 2 1 1 4
7 8 -1 7500.00 2.59 20 4 1 1 4
7 9 1 7500.00 2.59 20 3 1 1 0
7 9 -1 7500.00 2.59 20 3 1 1 0
7 10 1 7500.00 2.59 20 4 1 1 0
7 10 -1 7500.00 2.59 20 1 1 1 0
8 1 1 7500.00 2.59 20 2 1 1 0
8 1 -1 7500.00 2.59 20 2 1 1 0
8 2 1 7500.00 2.59 20 4 1 1 0
8 2 -1 7500.00 2.59 20 2 1 1 0
8 3 1 7500.00 2.59 20 3 1 1 0
8 3 -1 7500.00 2.59 20 3 1 1 0
8 4 1 7500.00 2.59 20 2 1 1 0
8 4 -1 7500.00 2.59 20 1 1 1 0
8 5 1 7500.00 2.59 20 2 1 1 0
8 5 -1 7500.00 2.59 20 2 1 1 0
8 6 1 7500.00 2.59 20 1 1 1 0
8 6 -1 7500.00 2.59 20 1 1 1 0
8 7 1 7500.00 2.59 20 1 1 1 0
8 7 -1 7500.00 2.59 20 2 1 1 0
8 8 1 7500.00 2.59 20 3 1 1 0
8 8 -1 7500.00 2.59 20 5 1 1 0
8 9 1 7500.00 2.59 20 3 1 1 0
8 9 -1 7500.00 2.59 20 3 1 1 0
8 10 1 7500.00 2.59 20 2 1 1 0
8 10 -1 7500.00 2.59 20 5 1 1 0
#STACKS
150000.00 25.90 1
150000.00 25.90 1
150000.00 25.90 1
150000.00 25.90 1
150000.00 25.90 1
150000.00 25.90 1
150000.00 25.90 1
150000.00 25.90 1
150000.00 25.90 1
150000.00 25.90 1
150000.00 25.90 1
150000.00 25.90 1
#CELLS
1 0 0 1 1 1 1
1 0 0 1 1 1 1
1 0 0 1 1 1 1
1 0 0 1 1 1 1
1 0 0 1 1 1 1
1 0 0 1 1 1 1
1 0 0 1 1 1 1
1 0 0 1 1 1 1
1 0 0 1 1 1 1
1 0 0 1 1 1 1
2 0 0 1 1 1 1
2 0 0 1 1 1 1
2 0 0 1 1 1 1
2 0 0 1 1 1 1
2 0 0 1 1 1 1
2 0 0 1 1 1 1
2 0 0 1 1 1 1
2 0 0 1 1 1 1
2 0 0 1 1 1 1
2 0 0 1 1 1 1
3 0 0 1 1 1 1
3 0 0 1 1 1 1
3 0 0 1 1 1 1
3 0 0 1 1 1 1
3 0 0 1 1 1 1
3 0 0 1 1 1 1
3 0 0 1 1 1 1
3 0 0 1 1 1 1
3 0 0 1 1 1 1
3 0 0 1 1 1 1
4 1 1 1 1 1 1
4 1 1 1 1 1 1
4 1 1 1 1 1 1
4 1 1 1 1 1 1
4 1 1 1 1 1 1
4 1 1 1 1 1 1
4 1 1 1 1 1 1
4 1 1 1 1 1 1
4 1 1 1 1 1 1
4 1 1 1 1 1 1
5 1 1 1 1 1 1
5 1 1 1 1 1 1
5 1 1 1 1 1 1
5 1 1 1 1 1 1
5 1 1 1 1 1 1
5 1 1 1 1 1 1
5 1 1 1 1 1 1
5 1 1 1 1 1 1
5 1 1 1 1 1 1
5 1 1 1 1 1 1
6 1 1 1 1 1 1
6 1 1 1 1 1 1
6 1 1 1 1 1 1
6 1 1 1 1 1 1
6 1 1 1 1 1 1
6 1 1 1 1 1 1
6 1 1 1 1 1 1
6 1 1 1 1 1 1
6 1 1 1 1 1 1
6 1 1 1 1 1 1
7 1 1 1 1 1 1
7 1 1 1 1 1 1
7 1 1 1 1 1 1
7 1 1 1 1 1 1
7 1 1 1 1 1 1
7 1 1 1 1 1 1
7 1 1 1 1 1 1
7 1 1 1 1 1 1
7 1 1 1 1 1 1
7 1 1 1 1 1 1
8 1 1 1 1 1 1
8 1 1 1 1 1 1
8 1 1 1 1 1 1
8 1 1 1 1 1 1
8 1 1 1 1 1 1
8 1 1 1 1 1 1
8 1 1 1 1 1 1
8 1 1 1 1 1 1
8 1 1 1 1 1 1
8 1 1 1 1 1 1
9 1 1 1 1 1 1
9 1 1 1 1 1 1
9 1 1 1 1 1 1
9 1 1 1 1 1 1
9 1 1 1 1 1 1
9 1 1 1 1 1 1
9 1 1 1 1 1 1
9 1 1 1 1 1 1
9 1 1 1 1 1 1
9 1 1 1 1 1 1
10 0 0 1 1 1 1
10 0 0 1 1 1 1
10 0 0 1 1 1 1
10 0 0 1 1 1 1
10 0 0 1 1 1 1
10 0 0 1 1 1 1
10 0 0 1 1 1 1
10 0 0 1 1 1 1
10 0 0 1 1 1 1
10 0 0 1 1 1 1
11 0 0 1 1 1 1
11 0 0 1 1 1 1
11 0 0 1 1 1 1
11 0 0 1 1 1 1
11 0 0 1 1 1 1
11 0 0 1 1 1 1
11 0 0 1 1 1 1
11 0 0 1 1 1 1
11 0 0 1 1 1 1
11 0 0 1 1 1 1
12 0 0 1 1 1 1
12 0 0 1 1 1 1
12 0 0 1 1 1 1
12 0 0 1 1 1 1
12 0 0 1 1 1 1
12 0 0 1 1 1 1
12 0 0 1 1 1 1
12 0 0 1 1 1 1
12 0 0 1 1 1 1
12 0 0 1 1 1 1
#INFO-GEN
Namespace(bayType=5, francisco=True, meanPort=3, seed=6927, stdPort=1.2414811390692533, target40=23, targetCapacity=78, targetHC=51, targetIMO=33, targetPorts=6, targetReefer=87, targetRelease=44, targetWeight=50)
