6 76 70 12 120 1 10
#POD
1 2 3 4 5 6
#LOCATIONS
1
#CONTAINERS_TOLOAD
0 0 0 13938.72 2.59 20 4 0 1 0
0 0 0 18097.31 2.59 20 3 0 1 0
0 0 0 5870.28 2.59 20 2 0 1 0
0 0 0 13844.12 2.59 20 3 0 1 0
0 0 0 14193.62 2.59 20 1 0 1 0
0 0 0 15750.56 2.59 20 2 0 1 0
0 0 0 6803.06 2.59 20 2 0 1 0
0 0 0 21280.82 2.59 20 2 0 1 0
0 0 0 3628.06 2.59 20 4 0 1 0
0 0 0 19941.43 2.59 20 2 0 1 0
0 0 0 5306.13 2.59 20 2 0 1 1
0 0 0 21394.39 2.59 20 4 0 1 1
0 0 0 3917.31 2.59 20 4 0 1 4
0 0 0 21246.39 2.59 20 2 0 1 4
0 0 0 3807.90 2.59 20 2 0 1 0
0 0 0 17120.05 2.59 20 2 0 1 0
0 0 0 8857.04 2.59 20 3 0 1 4
0 0 0 19753.11 2.59 20 2 0 1 4
0 0 0 4904.75 2.59 20 1 0 1 0
0 0 0 13143.97 2.59 20 2 0 1 0
0 0 0 13234.74 2.59 20 5 0 1 0
0 0 0 18426.08 2.59 20 1 0 1 0
0 0 0 6407.81 2.59 20 1 1 1 0
0 0 0 13299.37 2.59 20 3 1 1 0
0 0 0 17537.51 2.59 20 3 1 1 0
0 0 0 6285.56 2.59 20 2 1 1 0
0 0 0 12442.51 2.59 20 3 1 1 0
0 0 0 20716.30 2.59 20 1 1 1 0
0 0 0 3743.44 2.59 20 5 1 1 0
0 0 0 20823.34 2.59 20 3 1 1 0
0 0 0 4604.20 2.59 20 1 1 1 0
0 0 0 20523.67 2.59 20 4 1 1 0
0 0 0 5330.24 2.59 20 3 1 1 0
0 0 0 14201.16 2.59 20 3 1 1 0
0 0 0 15890.34 2.59 20 2 1 1 0
0 0 0 7597.27 2.59 20 3 1 1 0
0 0 0 14054.34 2.59 20 2 1 1 0
0 0 0 11108.35 2.59 20 2 1 1 0
0 0 0 16108.81 2.59 20 3 1 1 0
0 0 0 11552.29 2.59 20 3 1 1 0
0 0 0 11712.13 2.59 20 2 0 1 0
0 0 0 14673.46 2.59 20 5 0 1 0
0 0 0 8008.04 2.59 20 3 1 1 0
0 0 0 17194.29 2.59 20 4 1 1 0
0 0 0 11753.38 2.59 20 3 1 1 0
0 0 0 11749.46 2.59 20 1 1 1 0
0 0 0 11698.18 2.59 20 1 1 1 0
0 0 0 11800.77 2.59 20 1 1 1 0
0 0 0 11356.98 2.59 20 3 1 1 0
0 0 0 13269.99 2.59 20 2 1 1 0
0 0 0 17127.92 2.59 40 2 0 1 0
0 0 0 9736.45 2.90 40 4 0 1 0
0 0 0 15053.97 2.90 40 3 1 1 1
0 0 0 10035.51 2.90 40 3 1 1 0
0 0 0 17093.44 2.90 40 3 1 1 0
0 0 0 6996.44 2.90 40 3 1 1 0
0 0 0 12311.65 2.59 20 1 1 1 4
0 0 0 15672.95 2.59 20 2 1 1 4
0 0 0 8828.52 2.59 20 2 1 1 1
0 0 0 16745.00 2.59 20 3 1 1 1
0 0 0 9425.69 2.59 20 2 1 1 1
0 0 0 12675.80 2.59 20 3 1 1 1
0 0 0 11827.04 2.59 20 4 1 1 0
0 0 0 16146.41 2.59 20 4 1 1 0
0 0 0 10743.08 2.59 40 5 0 1 0
0 0 0 13987.37 2.90 40 3 0 1 0
0 0 0 11587.12 2.90 40 3 0 1 0
0 0 0 11185.76 2.59 40 3 0 1 0
0 0 0 18408.08 2.59 40 2 0 1 0
0 0 0 6542.53 2.59 40 1 0 1 0
0 0 0 12598.16 2.90 40 2 0 1 0
0 0 0 16340.83 2.59 40 2 0 1 0
0 0 0 8535.56 2.59 40 1 0 1 0
0 0 0 15553.00 2.90 40 1 0 1 0
0 0 0 13602.84 2.59 40 3 0 1 0
0 0 0 7567.87 2.59 40 2 0 1 0
#CONTAINERS_LOADED
5 1 1 7500.00 2.59 20 2 1 1 0
5 1 -1 7500.00 2.59 20 1 1 1 0
5 2 1 7500.00 2.59 20 4 1 1 0
5 2 -1 7500.00 2.59 20 6 1 1 0
5 3 1 7500.00 2.59 20 3 1 1 0
5 3 -1 7500.00 2.59 20 1 1 1 0
5 4 1 7500.00 2.59 20 5 1 1 4
5 4 -1 7500.00 2.59 20 3 1 1 4
5 5 1 7500.00 2.59 20 5 1 1 0
5 5 -1 7500.00 2.59 20 3 1 1 0
6 1 1 7500.00 2.59 20 1 1 1 0
6 1 -1 7500.00 2.59 20 3 1 1 0
6 2 1 7500.00 2.59 20 3 1 1 0
6 2 -1 7500.00 2.59 20 2 1 1 0
6 3 1 7500.00 2.59 20 1 1 1 0
6 3 -1 7500.00 2.59 20 2 1 1 0
6 4 1 7500.00 2.59 20 1 1 1 0
6 4 -1 7500.00 2.59 20 3 1 1 0
6 5 1 7500.00 2.59 20 3 1 1 0
6 5 -1 7500.00 2.59 20 2 1 1 0
6 6 1 7500.00 2.59 20 3 1 1 0
6 6 -1 7500.00 2.59 20 4 1 1 0
6 7 1 7500.00 2.59 20 2 1 1 0
6 7 -1 7500.00 2.59 20 4 1 1 0
6 8 1 7500.00 2.59 20 1 1 1 0
6 8 -1 7500.00 2.59 20 3 1 1 0
6 9 1 7500.00 2.59 20 1 1 1 0
6 9 -1 7500.00 2.59 20 2 1 1 0
6 10 1 7500.00 2.59 20 2 1 1 0
6 10 -1 7500.00 2.59 20 4 1 1 0
7 1 1 7500.00 2.59 20 3 1 1 0
7 1 -1 7500.00 2.59 20 3 1 1 0
7 2 1 7500.00 2.59 20 2 1 1 4
7 2 -1 7500.00 2.59 20 2 1 1 4
7 3 1 7500.00 2.59 20 3 1 1 4
7 3 -1 7500.00 2.59 20 3 1 1 4
7 4 1 7500.00 2.59 20 4 1 1 0
7 4 -1 7500.00 2.59 20 4 1 1 0
7 5 1 7500.00 2.59 20 2 1 1 1
7 5 -1 7500.00 2.59 20 4 1 1 1
7 6 1 7500.00 2.59 20 1 1 1 1
7 6 -1 7500.00 2.59 20 5 1 1 1
7 7 1 7500.00 2.59 20 3 1 1 4
7 7 -1 7500.00 2.59 20 2 1 1 4
7 8 1 7500.00 2.59 20 1 1 1 0
7 8 -1 7500.00 2.59 20 4 1 1 0
7 9 1 7500.00 2.59 20 1 1 1 1
7 9 -1 7500.00 2.59 20 3 1 1 1
7 10 1 7500.00 2.59 20 1 1 1 0
7 10 -1 7500.00 2.59 20 1 1 1 0
8 1 1 7500.00 2.59 20 4 1 1 0
8 1 -1 7500.00 2.59 20 2 1 1 0
8 2 1 7500.00 2.59 20 2 1 1 0
8 2 -1 7500.00 2.59 20 3 1 1 0
8 3 1 7500.00 2.59 20 3 1 1 0
8 3 -1 7500.00 2.59 20 4 1 1 0
8 4 1 7500.00 2.59 20 2 1 1 0
8 4 -1 7500.00 2.59 20 3 1 1 0
8 5 1 7500.00 2.59 20 5 1 1 0
8 5 -1 7500.00 2.59 20 2 1 1 0
8 6 1 7500.00 2.59 20 2 1 1 0
8 6 -1 7500.00 2.59 20 2 1 1 0
8 7 1 7500.00 2.59 20 1 1 1 0
8 7 -1 7500.00 2.59 20 3 1 1 0
8 8 1 7500.00 2.59 20 5 1 1 0
8 8 -1 7500.00 2.59 20 3 1 1 0
8 9 1 7500.00 2.59 20 3 1 1 0
8 9 -1 7500.00 2.59 20 1 1 1 0
8 10 1 7500.00 2.59 20 4 1 1 0
8 10 -1 7500.00 2.59 20 3 1 1 0
#STACKS
150000.00 25.90 1
150000.00 25.90 1
150000.00 25.90 1
150000.00 25.90 1
150000.00 25.90 1
150000.00 25.90 1
150000.00 25.90 1
150000.00 25.90 1
150000.00 25.90 1
150000.00 25.90 1
150000.00 25.90 1
150000.00 25.90 1
#CELLS
1 0 0 1 1 1 1
1 0 0 1 1 1 1
1 0 0 1 1 1 1
1 0 0 1 1 1 1
1 0 0 1 1 1 1
1 0 0 1 1 1 1
1 0 0 1 1 1 1
1 0 0 1 1 1 1
1 0 0 1 1 1 1
1 0 0 1 1 1 1
2 0 0 1 1 1 1
2 0 0 1 1 1 1
2 0 0 1 1 1 1
2 0 0 1 1 1 1
2 0 0 1 1 1 1
2 0 0 1 1 1 1
2 0 0 1 1 1 1
2 0 0 1 1 1 1
2 0 0 1 1 1 1
2 0 0 1 1 1 1
3 0 0 1 1 1 1
3 0 0 1 1 1 1
3 0 0 1 1 1 1
3 0 0 1 1 1 1
3 0 0 1 1 1 1
3 0 0 1 1 1 1
3 0 0 1 1 1 1
3 0 0 1 1 1 1
3 0 0 1 1 1 1
3 0 0 1 1 1 1
4 1 1 1 1 1 1
4 1 1 1 1 1 1
4 1 1 1 1 1 1
4 1 1 1 1 1 1
4 1 1 1 1 1 1
4 1 1 1 1 1 1
4 1 1 1 1 1 1
4 1 1 1 1 1 1
4 1 1 1 1 1 1
4 1 1 1 1 1 1
5 1 1 1 1 1 1
5 1 1 1 1 1 1
5 1 1 1 1 1 1
5 1 1 1 1 1 1
5 1 1 1 1 1 1
5 1 1 1 1 1 1
5 1 1 1 1 1 1
5 1 1 1 1 1 1
5 1 1 1 1 1 1
5 1 1 1 1 1 1
6 1 1 1 1 1 1
6 1 1 1 1 1 1
6 1 1 1 1 1 1
6 1 1 1 1 1 1
6 1 1 1 1 1 1
6 1 1 1 1 1 1
6 1 1 1 1 1 1
6 1 1 1 1 1 1
6 1 1 1 1 1 1
6 1 1 1 1 1 1
7 1 1 1 1 1 1
7 1 1 1 1 1 1
7 1 1 1 1 1 1
7 1 1 1 1 1 1
7 1 1 1 1 1 1
7 1 1 1 1 1 1
7 1 1 1 1 1 1
7 1 1 1 1 1 1
7 1 1 1 1 1 1
7 1 1 1 1 1 1
8 1 1 1 1 1 1
8 1 1 1 1 1 1
8 1 1 1 1 1 1
8 1 1 1 1 1 1
8 1 1 1 1 1 1
8 1 1 1 1 1 1
8 1 1 1 1 1 1
8 1 1 1 1 1 1
8 1 1 1 1 1 1
8 1 1 1 1 1 1
9 1 1 1 1 1 1
9 1 1 1 1 1 1
9 1 1 1 1 1 1
9 1 1 1 1 1 1
9 1 1 1 1 1 1
9 1 1 1 1 1 1
9 1 1 1 1 1 1
9 1 1 1 1 1 1
9 1 1 1 1 1 1
9 1 1 1 1 1 1
10 0 0 1 1 1 1
10 0 0 1 1 1 1
10 0 0 1 1 1 1
10 0 0 1 1 1 1
10 0 0 1 1 1 1
10 0 0 1 1 1 1
10 0 0 1 1 1 1
10 0 0 1 1 1 1
10 0 0 1 1 1 1
10 0 0 1 1 1 1
11 0 0 1 1 1 1
11 0 0 1 1 1 1
11 0 0 1 1 1 1
11 0 0 1 1 1 1
11 0 0 1 1 1 1
11 0 0 1 1 1 1
11 0 0 1 1 1 1
11 0 0 1 1 1 1
11 0 0 1 1 1 1
11 0 0 1 1 1 1
12 0 0 1 1 1 1
12 0 0 1 1 1 1
12 0 0 1 1 1 1
12 0 0 1 1 1 1
12 0 0 1 1 1 1
12 0 0 1 1 1 1
12 0 0 1 1 1 1
12 0 0 1 1 1 1
12 0 0 1 1 1 1
12 0 0 1 1 1 1
#INFO-GEN
Namespace(bayType=5, francisco=True, meanPort=3, seed=6927, stdPort=1.2414811390692533, target40=23, targetCapacity=69, targetHC=51, targetIMO=33, targetPorts=6, targetReefer=87, targetRelease=44, targetWeight=75)
