6 104 100 12 120 1 10
#POD
1 2 3 4 5 6
#LOCATIONS
1
#CONTAINERS_TOLOAD
0 0 0 11100.73 2.59 20 2 0 1 0
0 0 0 14180.39 2.59 20 1 0 1 0
0 0 0 5125.60 2.59 20 2 0 1 0
0 0 0 11030.67 2.59 20 5 0 1 0
0 0 0 11289.50 2.59 20 1 0 1 2
0 0 0 12442.49 2.59 20 1 0 1 2
0 0 0 5816.38 2.59 20 3 0 1 0
0 0 0 16537.96 2.59 20 3 0 1 0
0 0 0 3465.12 2.59 20 2 0 1 0
0 0 0 15546.06 2.59 20 3 0 1 0
0 0 0 4707.81 2.59 20 1 0 1 0
0 0 0 16622.06 2.59 20 5 0 1 0
0 0 0 3679.32 2.59 20 3 0 1 0
0 0 0 16512.46 2.59 20 1 0 1 0
0 0 0 3598.30 2.59 20 4 0 1 0
0 0 0 13456.68 2.59 20 3 0 1 0
0 0 0 7337.46 2.59 20 3 0 1 0
0 0 0 15406.60 2.59 20 2 0 1 0
0 0 0 4410.57 2.59 20 3 0 1 0
0 0 0 10512.17 2.59 20 2 0 1 0
0 0 0 10579.39 2.59 20 2 0 1 0
0 0 0 14423.86 2.59 20 3 0 1 0
0 0 0 5523.67 2.59 20 3 0 1 0
0 0 0 10627.25 2.59 20 2 0 1 0
0 0 0 13765.83 2.59 20 5 0 1 0
0 0 0 5433.14 2.59 20 3 0 1 0
0 0 0 9992.70 2.59 20 4 0 1 0
0 0 0 16119.90 2.59 20 3 0 1 0
0 0 0 3550.56 2.59 20 1 0 1 0
0 0 0 16199.17 2.59 20 1 0 1 0
0 0 0 4188.00 2.59 20 1 0 1 0
0 0 0 15977.25 2.59 20 3 0 1 0
0 0 0 4725.67 2.59 20 2 0 1 0
0 0 0 11295.08 2.59 20 2 0 1 0
0 0 0 12546.01 2.59 20 4 0 1 0
0 0 0 6404.53 2.59 20 3 0 1 0
0 0 0 11186.35 2.59 20 3 0 1 0
0 0 0 9004.68 2.59 20 3 0 1 0
0 0 0 12707.80 2.59 20 3 0 1 0
0 0 0 9333.44 2.59 20 1 0 1 0
0 0 0 9451.81 2.59 20 2 0 1 4
0 0 0 11644.84 2.59 20 2 0 1 4
0 0 0 6708.73 2.59 20 3 0 1 0
0 0 0 13511.65 2.59 20 2 0 1 0
0 0 0 9482.36 2.59 20 3 0 1 1
0 0 0 9479.46 2.59 20 4 0 1 1
0 0 0 9441.48 2.59 20 4 0 1 0
0 0 0 9517.46 2.59 20 5 0 1 0
0 0 0 9188.81 2.59 20 3 0 1 1
0 0 0 10605.49 2.59 20 3 0 1 1
0 0 0 13462.50 2.59 20 3 0 1 0
0 0 0 7988.71 2.59 20 2 0 1 0
0 0 0 11926.63 2.59 20 1 0 1 0
0 0 0 8210.19 2.59 20 2 0 1 0
0 0 0 13436.97 2.59 20 2 1 1 0
0 0 0 5959.58 2.59 20 1 1 1 0
0 0 0 9895.79 2.59 20 1 1 1 0
0 0 0 12385.02 2.59 20 3 1 1 0
0 0 0 7316.34 2.59 20 2 1 1 0
0 0 0 13178.93 2.59 20 2 1 1 0
0 0 0 7758.58 2.59 20 1 1 1 0
0 0 0 10165.47 2.59 20 4 1 1 0
0 0 0 9536.91 2.59 20 6 1 1 0
0 0 0 12735.64 2.59 20 3 1 1 0
0 0 0 8734.18 2.59 20 1 1 1 0
0 0 0 11136.75 2.59 20 5 1 1 0
0 0 0 9359.24 2.59 20 3 1 1 0
0 0 0 9062.01 2.59 20 5 1 1 0
0 0 0 14410.53 2.59 20 3 1 1 0
0 0 0 5623.44 2.59 20 1 1 1 0
0 0 0 10107.97 2.90 40 3 0 1 0
0 0 0 12879.62 2.90 40 3 0 1 0
0 0 0 7099.39 2.59 40 2 0 1 0
0 0 0 12296.19 2.59 40 1 0 1 0
0 0 0 10851.99 2.90 40 2 0 1 0
0 0 0 8702.39 2.59 40 1 0 1 0
0 0 0 11431.71 2.59 20 3 0 1 0
0 0 0 9638.85 2.59 20 3 0 1 0
0 0 0 8472.12 2.59 20 2 0 1 0
0 0 0 10681.14 2.59 20 3 0 1 0
0 0 0 8981.09 2.59 20 4 0 1 0
0 0 0 12790.61 2.59 20 2 0 1 0
0 0 0 9670.95 2.59 20 4 0 1 0
0 0 0 7878.08 2.59 20 1 0 1 0
0 0 0 9687.93 2.90 40 3 0 1 0
0 0 0 12832.83 2.90 40 1 0 1 0
0 0 0 8260.74 2.90 40 2 0 1 0
0 0 0 8556.64 2.59 40 2 0 1 0
0 0 0 10359.99 2.59 40 4 0 1 0
0 0 0 12910.46 2.90 40 3 0 1 0
0 0 0 6974.94 2.59 40 3 0 1 2
0 0 0 12318.70 2.59 40 2 0 1 0
0 0 0 12608.15 2.90 40 2 0 1 0
0 0 0 7607.91 2.90 40 3 0 1 0
0 0 0 12128.90 2.59 40 3 0 1 0
0 0 0 7808.08 2.90 40 4 0 1 0
0 0 0 11589.15 2.90 40 4 0 1 0
0 0 0 7544.32 2.90 40 2 0 1 0
0 0 0 9904.37 2.59 40 4 0 1 0
0 0 0 14506.59 2.90 40 1 0 1 0
0 0 0 5126.14 2.90 40 5 0 1 0
0 0 0 14084.33 2.59 40 3 0 1 0
0 0 0 5997.38 2.90 40 2 0 1 0
0 0 0 10016.26 2.90 40 1 0 1 0
#CONTAINERS_LOADED
5 1 1 7500.00 2.59 20 4 1 1 4
5 1 -1 7500.00 2.59 20 1 1 1 4
5 2 1 7500.00 2.59 20 3 1 1 0
5 2 -1 7500.00 2.59 20 1 1 1 0
5 3 1 7500.00 2.59 20 1 1 1 0
5 3 -1 7500.00 2.59 20 4 1 1 0
5 4 1 7500.00 2.59 20 2 1 1 0
5 4 -1 7500.00 2.59 20 2 1 1 0
5 5 1 7500.00 2.59 20 3 1 1 0
5 5 -1 7500.00 2.59 20 3 1 1 0
5 6 1 7500.00 2.59 20 4 1 1 4
5 6 -1 7500.00 2.59 20 2 1 1 4
5 7 1 7500.00 2.59 20 3 1 1 0
5 7 -1 7500.00 2.59 20 5 1 1 0
5 8 1 7500.00 2.59 20 2 1 1 4
5 8 -1 7500.00 2.59 20 2 1 1 4
5 9 1 7500.00 2.59 20 2 1 1 0
5 9 -1 7500.00 2.59 20 1 1 1 0
5 10 1 7500.00 2.59 20 3 1 1 0
5 10 -1 7500.00 2.59 20 5 1 1 0
6 1 1 7500.00 2.59 20 3 1 1 0
6 1 -1 7500.00 2.59 20 3 1 1 0
6 2 1 7500.00 2.59 20 1 1 1 0
6 2 -1 7500.00 2.59 20 4 1 1 0
6 3 1 7500.00 2.59 20 3 1 1 0
6 3 -1 7500.00 2.59 20 2 1 1 0
6 4 1 7500.00 2.59 20 5 1 1 0
6 4 -1 7500.00 2.59 20 2 1 1 0
6 5 1 7500.00 2.59 20 2 1 1 0
6 5 -1 7500.00 2.59 20 5 1 1 0
6 6 1 7500.00 2.59 20 2 1 1 0
6 6 -1 7500.00 2.59 20 2 1 1 0
6 7 1 7500.00 2.59 20 1 1 1 0
6 7 -1 7500.00 2.59 20 1 1 1 0
6 8 1 7500.00 2.59 20 3 1 1 0
6 8 -1 7500.00 2.59 20 2 1 1 0
6 9 1 7500.00 2.59 20 3 1 1 0
6 9 -1 7500.00 2.59 20 2 1 1 0
6 10 1 7500.00 2.59 20 3 1 1 0
6 10 -1 7500.00 2.59 20 2 1 1 0
7 1 1 7500.00 2.59 20 5 1 1 0
7 1 -1 7500.00 2.59 20 4 1 1 0
7 2 1 7500.00 2.59 20 4 1 1 1
7 2 -1 7500.00 2.59 20 3 1 1 1
7 3 1 7500.00 2.59 20 2 1 1 0
7 3 -1 7500.00 2.59 20 4 1 1 0
7 4 1 7500.00 2.59 20 6 1 1 0
7 4 -1 7500.00 2.59 20 4 1 1 0
7 5 1 7500.00 2.59 20 2 1 1 4
7 5 -1 7500.00 2.59 20 2 1 1 4
7 6 1 7500.00 2.59 20 3 1 1 4
7 6 -1 7500.00 2.59 20 2 1 1 4
7 7 1 7500.00 2.59 20 3 1 1 4
7 7 -1 7500.00 2.59 20 4 1 1 4
7 8 1 7500.00 2.59 20 4 1 1 1
7 8 -1 7500.00 2.59 20 2 1 1 1
7 9 1 7500.00 2.59 20 5 1 1 0
7 9 -1 7500.00 2.59 20 2 1 1 0
7 10 1 7500.00 2.59 20 2 1 1 0
7 10 -1 7500.00 2.59 20 4 1 1 0
8 1 1 7500.00 2.59 20 3 1 1 0
8 1 -1 7500.00 2.59 20 2 1 1 0
8 2 1 7500.00 2.59 20 4 1 1 0
8 2 -1 7500.00 2.59 20 2 1 1 0
8 3 1 7500.00 2.59 20 1 1 1 0
8 3 -1 7500.00 2.59 20 3 1 1 0
8 4 1 7500.00 2.59 20 3 1 1 0
8 4 -1 7500.00 2.59 20 1 1 1 0
8 5 1 7500.00 2.59 20 2 1 1 0
8 5 -1 7500.00 2.59 20 2 1 1 0
8 6 1 7500.00 2.59 20 2 1 1 0
8 6 -1 7500.00 2.59 20 2 1 1 0
8 7 1 7500.00 2.59 20 3 1 1 0
8 7 -1 7500.00 2.59 20 3 1 1 0
8 8 1 7500.00 2.59 20 1 1 1 0
8 8 -1 7500.00 2.59 20 3 1 1 0
8 9 1 7500.00 2.59 20 2 1 1 0
8 9 -1 7500.00 2.59 20 4 1 1 0
8 10 1 7500.00 2.59 20 4 1 1 0
8 10 -1 7500.00 2.59 20 3 1 1 0
9 1 1 7500.00 2.59 20 2 1 1 0
9 1 -1 7500.00 2.59 20 3 1 1 0
9 2 1 7500.00 2.59 20 1 1 1 1
9 2 -1 7500.00 2.59 20 3 1 1 1
9 3 1 7500.00 2.59 20 1 1 1 0
9 3 -1 7500.00 2.59 20 3 1 1 0
9 4 1 7500.00 2.59 20 4 1 1 0
9 4 -1 7500.00 2.59 20 1 1 1 0
9 5 1 7500.00 2.59 20 5 1 1 1
9 5 -1 7500.00 2.59 20 2 1 1 1
9 6 1 7500.00 2.59 20 2 1 1 0
9 6 -1 7500.00 2.59 20 1 1 1 0
9 7 1 7500.00 2.59 20 2 1 1 0
9 7 -1 7500.00 2.59 20 2 1 1 0
9 8 1 7500.00 2.59 20 3 1 1 4
9 8 -1 7500.00 2.59 20 2 1 1 4
9 9 1 7500.00 2.59 20 3 1 1 0
9 9 -1 7500.00 2.59 20 3 1 1 0
9 10 1 7500.00 2.59 20 3 1 1 0
9 10 -1 7500.00 2.59 20 2 1 1 0
#STACKS
150000.00 25.90 1
150000.00 25.90 1
150000.00 25.90 1
150000.00 25.90 1
150000.00 25.90 1
150000.00 25.90 1
150000.00 25.90 1
150000.00 25.90 1
150000.00 25.90 1
150000.00 25.90 1
150000.00 25.90 1
150000.00 25.90 1
#CELLS
1 0 0 1 1 1 1
1 0 0 1 1 1 1
1 0 0 1 1 1 1
1 0 0 1 1 1 1
1 0 0 1 1 1 1
1 0 0 1 1 1 1
1 0 0 1 1 1 1
1 0 0 1 1 1 1
1 0 0 1 1 1 1
1 0 0 1 1 1 1
2 0 0 1 1 1 1
2 0 0 1 1 1 1
2 0 0 1 1 1 1
2 0 0 1 1 1 1
2 0 0 1 1 1 1
2 0 0 1 1 1 1
2 0 0 1 1 1 1
2 0 0 1 1 1 1
2 0 0 1 1 1 1
2 0 0 1 1 1 1
3 0 0 1 1 1 1
3 0 0 1 1 1 1
3 0 0 1 1 1 1
3 0 0 1 1 1 1
3 0 0 1 1 1 1
3 0 0 1 1 1 1
3 0 0 1 1 1 1
3 0 0 1 1 1 1
3 0 0 1 1 1 1
3 0 0 1 1 1 1
4 1 1 1 1 1 1
4 1 1 1 1 1 1
4 1 1 1 1 1 1
4 1 1 1 1 1 1
4 1 1 1 1 1 1
4 1 1 1 1 1 1
4 1 1 1 1 1 1
4 1 1 1 1 1 1
4 1 1 1 1 1 1
4 1 1 1 1 1 1
5 1 1 1 1 1 1
5 1 1 1 1 1 1
5 1 1 1 1 1 1
5 1 1 1 1 1 1
5 1 1 1 1 1 1
5 1 1 1 1 1 1
5 1 1 1 1 1 1
5 1 1 1 1 1 1
5 1 1 1 1 1 1
5 1 1 1 1 1 1
6 1 1 1 1 1 1
6 1 1 1 1 1 1
6 1 1 1 1 1 1
6 1 1 1 1 1 1
6 1 1 1 1 1 1
6 1 1 1 1 1 1
6 1 1 1 1 1 1
6 1 1 1 1 1 1
6 1 1 1 1 1 1
6 1 1 1 1 1 1
7 1 1 1 1 1 1
7 1 1 1 1 1 1
7 1 1 1 1 1 1
7 1 1 1 1 1 1
7 1 1 1 1 1 1
7 1 1 1 1 1 1
7 1 1 1 1 1 1
7 1 1 1 1 1 1
7 1 1 1 1 1 1
7 1 1 1 1 1 1
8 1 1 1 1 1 1
8 1 1 1 1 1 1
8 1 1 1 1 1 1
8 1 1 1 1 1 1
8 1 1 1 1 1 1
8 1 1 1 1 1 1
8 1 1 1 1 1 1
8 1 1 1 1 1 1
8 1 1 1 1 1 1
8 1 1 1 1 1 1
9 1 1 1 1 1 1
9 1 1 1 1 1 1
9 1 1 1 1 1 1
9 1 1 1 1 1 1
9 1 1 1 1 1 1
9 1 1 1 1 1 1
9 1 1 1 1 1 1
9 1 1 1 1 1 1
9 1 1 1 1 1 1
9 1 1 1 1 1 1
10 0 0 1 1 1 1
10 0 0 1 1 1 1
10 0 0 1 1 1 1
10 0 0 1 1 1 1
10 0 0 1 1 1 1
10 0 0 1 1 1 1
10 0 0 1 1 1 1
10 0 0 1 1 1 1
10 0 0 1 1 1 1
10 0 0 1 1 1 1
11 0 0 1 1 1 1
11 0 0 1 1 1 1
11 0 0 1 1 1 1
11 0 0 1 1 1 1
11 0 0 1 1 1 1
11 0 0 1 1 1 1
11 0 0 1 1 1 1
11 0 0 1 1 1 1
11 0 0 1 1 1 1
11 0 0 1 1 1 1
12 0 0 1 1 1 1
12 0 0 1 1 1 1
12 0 0 1 1 1 1
12 0 0 1 1 1 1
12 0 0 1 1 1 1
12 0 0 1 1 1 1
12 0 0 1 1 1 1
12 0 0 1 1 1 1
12 0 0 1 1 1 1
12 0 0 1 1 1 1
#INFO-GEN
Namespace(bayType=5, francisco=True, meanPort=3, seed=6927, stdPort=1.2414811390692533, target40=23, targetCapacity=96, targetHC=51, targetIMO=33, targetPorts=6, targetReefer=87, targetRelease=44, targetWeight=100)
