28 36 120 12 120 1 10
#POD
1 2 3 4 5 6 7 8 9 10 11 12 13 14 15 16 17 18 19 20 21 22 23 24 25 26 27 28
#LOCATIONS
1
#CONTAINERS_TOLOAD
0 0 0 28700.15 2.59 20 22 0 1 0
0 0 0 13449.06 2.59 20 23 0 1 0
0 0 0 24681.29 2.59 20 18 0 1 0
0 0 0 11830.81 2.59 20 23 0 1 0
0 0 0 16284.61 2.59 20 21 0 1 0
0 0 0 19368.65 2.59 20 6 0 1 0
0 0 0 26490.21 2.59 20 17 0 1 0
0 0 0 14283.46 2.59 20 22 0 1 0
0 0 0 23339.52 2.59 20 20 0 1 0
0 0 0 10888.35 2.59 20 27 0 1 0
0 0 0 25057.93 2.59 20 16 0 1 0
0 0 0 15345.41 2.59 20 11 0 1 0
0 0 0 18696.37 2.59 20 19 0 1 0
0 0 0 23484.24 2.59 20 27 0 1 0
0 0 0 14912.15 2.59 20 8 0 1 0
0 0 0 13796.15 2.59 20 12 0 1 0
0 0 0 18778.15 2.59 20 24 0 1 0
0 0 0 28638.90 2.59 20 25 0 1 0
0 0 0 12353.26 2.59 40 9 0 1 0
0 0 0 15524.87 2.59 40 8 0 1 0
0 0 0 21420.08 2.59 20 18 0 1 0
0 0 0 23648.52 2.59 20 21 0 1 0
0 0 0 12251.08 2.59 20 24 0 1 0
0 0 0 22982.51 2.59 20 3 0 1 0
0 0 0 21123.59 2.59 20 21 0 1 0
0 0 0 11371.02 2.59 20 6 0 1 0
0 0 0 27823.78 2.59 20 22 0 1 0
0 0 0 9870.89 2.59 20 4 0 1 0
0 0 0 25546.97 2.59 20 27 0 1 0
0 0 0 14293.41 2.59 20 4 0 1 0
0 0 0 20307.09 2.59 20 16 0 1 0
0 0 0 17365.59 2.59 20 1 0 1 0
0 0 0 17777.88 2.59 20 7 0 1 0
0 0 0 16892.73 2.59 20 6 0 1 0
0 0 0 19432.95 2.59 20 9 0 1 0
0 0 0 16988.39 2.59 20 13 0 1 0
#CONTAINERS_LOADED
4 1 1 7500.00 2.59 20 6 1 1 0
4 1 -1 7500.00 2.59 20 20 1 1 0
4 2 1 7500.00 2.59 20 17 1 1 0
4 2 -1 7500.00 2.59 20 14 1 1 0
4 3 1 7500.00 2.59 20 17 1 1 0
4 3 -1 7500.00 2.59 20 19 1 1 0
4 4 1 7500.00 2.59 20 15 1 1 0
4 4 -1 7500.00 2.59 20 24 1 1 0
4 5 1 7500.00 2.59 20 27 1 1 0
4 5 -1 7500.00 2.59 20 20 1 1 0
4 6 1 7500.00 2.59 20 20 1 1 0
4 6 -1 7500.00 2.59 20 28 1 1 0
4 7 1 7500.00 2.59 20 20 1 1 0
4 7 -1 7500.00 2.59 20 20 1 1 0
4 8 1 7500.00 2.59 20 16 1 1 0
4 8 -1 7500.00 2.59 20 2 1 1 0
4 9 1 7500.00 2.59 20 19 1 1 0
4 9 -1 7500.00 2.59 20 8 1 1 0
4 10 1 7500.00 2.59 20 19 1 1 0
4 10 -1 7500.00 2.59 20 23 1 1 0
5 1 1 7500.00 2.59 20 27 1 1 0
5 1 -1 7500.00 2.59 20 21 1 1 0
5 2 1 7500.00 2.59 20 5 1 1 0
5 2 -1 7500.00 2.59 20 14 1 1 0
5 3 1 7500.00 2.59 20 3 1 1 0
5 3 -1 7500.00 2.59 20 21 1 1 0
5 4 1 7500.00 2.59 20 9 1 1 0
5 4 -1 7500.00 2.59 20 19 1 1 0
5 5 1 7500.00 2.59 20 26 1 1 0
5 5 -1 7500.00 2.59 20 20 1 1 0
5 6 1 7500.00 2.59 20 13 1 1 0
5 6 -1 7500.00 2.59 20 7 1 1 0
5 7 1 7500.00 2.59 20 11 1 1 0
5 7 -1 7500.00 2.59 20 10 1 1 0
5 8 1 7500.00 2.59 20 18 1 1 0
5 8 -1 7500.00 2.59 20 5 1 1 0
5 9 1 7500.00 2.59 20 10 1 1 0
5 9 -1 7500.00 2.59 20 12 1 1 0
5 10 1 7500.00 2.59 20 7 1 1 0
5 10 -1 7500.00 2.59 20 5 1 1 0
6 1 1 7500.00 2.59 20 26 1 1 0
6 1 -1 7500.00 2.59 20 26 1 1 0
6 2 1 7500.00 2.59 20 23 1 1 0
6 2 -1 7500.00 2.59 20 15 1 1 0
6 3 1 7500.00 2.59 20 2 1 1 0
6 3 -1 7500.00 2.59 20 27 1 1 0
6 4 1 7500.00 2.59 20 2 1 1 0
6 4 -1 7500.00 2.59 20 18 1 1 0
6 5 1 7500.00 2.59 20 9 1 1 0
6 5 -1 7500.00 2.59 20 4 1 1 0
6 6 1 7500.00 2.59 20 1 1 1 0
6 6 -1 7500.00 2.59 20 23 1 1 0
6 7 1 7500.00 2.59 20 18 1 1 0
6 7 -1 7500.00 2.59 20 25 1 1 0
6 8 1 7500.00 2.59 20 12 1 1 0
6 8 -1 7500.00 2.59 20 27 1 1 0
6 9 1 7500.00 2.59 20 28 1 1 0
6 9 -1 7500.00 2.59 20 14 1 1 0
6 10 1 7500.00 2.59 20 5 1 1 0
6 10 -1 7500.00 2.59 20 8 1 1 0
7 1 1 7500.00 2.59 20 24 1 1 0
7 1 -1 7500.00 2.59 20 7 1 1 0
7 2 1 7500.00 2.59 20 5 1 1 0
7 2 -1 7500.00 2.59 20 26 1 1 0
7 3 1 7500.00 2.59 20 22 1 1 0
7 3 -1 7500.00 2.59 20 23 1 1 0
7 4 1 7500.00 2.59 20 19 1 1 0
7 4 -1 7500.00 2.59 20 12 1 1 0
7 5 1 7500.00 2.59 20 4 1 1 0
7 5 -1 7500.00 2.59 20 16 1 1 0
7 6 1 7500.00 2.59 20 3 1 1 0
7 6 -1 7500.00 2.59 20 7 1 1 0
7 7 1 7500.00 2.59 20 23 1 1 0
7 7 -1 7500.00 2.59 20 2 1 1 0
7 8 1 7500.00 2.59 20 5 1 1 0
7 8 -1 7500.00 2.59 20 9 1 1 0
7 9 1 7500.00 2.59 20 8 1 1 0
7 9 -1 7500.00 2.59 20 13 1 1 0
7 10 1 7500.00 2.59 20 27 1 1 1
7 10 -1 7500.00 2.59 20 7 1 1 1
8 1 1 7500.00 2.59 20 23 1 1 0
8 1 -1 7500.00 2.59 20 22 1 1 0
8 2 1 7500.00 2.59 20 21 1 1 0
8 2 -1 7500.00 2.59 20 1 1 1 0
8 3 1 7500.00 2.59 20 20 1 1 0
8 3 -1 7500.00 2.59 20 12 1 1 0
8 4 1 7500.00 2.59 20 13 1 1 0
8 4 -1 7500.00 2.59 20 12 1 1 0
8 5 1 7500.00 2.59 20 7 1 1 0
8 5 -1 7500.00 2.59 20 8 1 1 0
8 6 1 7500.00 2.59 20 22 1 1 0
8 6 -1 7500.00 2.59 20 25 1 1 0
8 7 1 7500.00 2.59 20 22 1 1 0
8 7 -1 7500.00 2.59 20 13 1 1 0
8 8 1 7500.00 2.59 20 23 1 1 0
8 8 -1 7500.00 2.59 20 22 1 1 0
8 9 1 7500.00 2.59 20 9 1 1 0
8 9 -1 7500.00 2.59 20 26 1 1 0
8 10 1 7500.00 2.59 20 24 1 1 0
8 10 -1 7500.00 2.59 20 2 1 1 0
9 1 1 7500.00 2.59 20 14 1 1 0
9 1 -1 7500.00 2.59 20 10 1 1 0
9 2 1 7500.00 2.59 20 20 1 1 0
9 2 -1 7500.00 2.59 20 15 1 1 0
9 3 1 7500.00 2.59 20 26 1 1 0
9 3 -1 7500.00 2.59 20 8 1 1 0
9 4 1 7500.00 2.59 20 17 1 1 0
9 4 -1 7500.00 2.59 20 4 1 1 0
9 5 1 7500.00 2.59 20 24 1 1 0
9 5 -1 7500.00 2.59 20 23 1 1 0
9 6 1 7500.00 2.59 20 2 1 1 0
9 6 -1 7500.00 2.59 20 23 1 1 0
9 7 1 7500.00 2.59 20 10 1 1 0
9 7 -1 7500.00 2.59 20 18 1 1 0
9 8 1 7500.00 2.59 20 26 1 1 0
9 8 -1 7500.00 2.59 20 5 1 1 0
9 9 1 7500.00 2.59 20 22 1 1 0
9 9 -1 7500.00 2.59 20 28 1 1 0
9 10 1 7500.00 2.59 20 16 1 1 0
9 10 -1 7500.00 2.59 20 21 1 1 0
#STACKS
150000.00 25.90 1
150000.00 25.90 1
150000.00 25.90 1
150000.00 25.90 1
150000.00 25.90 1
150000.00 25.90 1
150000.00 25.90 1
150000.00 25.90 1
150000.00 25.90 1
150000.00 25.90 1
150000.00 25.90 1
150000.00 25.90 1
#CELLS
1 0 0 1 1 1 1
1 0 0 1 1 1 1
1 0 0 1 1 1 1
1 0 0 1 1 1 1
1 0 0 1 1 1 1
1 0 0 1 1 1 1
1 0 0 1 1 1 1
1 0 0 1 1 1 1
1 0 0 1 1 1 1
1 0 0 1 1 1 1
2 0 0 1 1 1 1
2 0 0 1 1 1 1
2 0 0 1 1 1 1
2 0 0 1 1 1 1
2 0 0 1 1 1 1
2 0 0 1 1 1 1
2 0 0 1 1 1 1
2 0 0 1 1 1 1
2 0 0 1 1 1 1
2 0 0 1 1 1 1
3 0 0 1 1 1 1
3 0 0 1 1 1 1
3 0 0 1 1 1 1
3 0 0 1 1 1 1
3 0 0 1 1 1 1
3 0 0 1 1 1 1
3 0 0 1 1 1 1
3 0 0 1 1 1 1
3 0 0 1 1 1 1
3 0 0 1 1 1 1
4 1 1 1 1 1 1
4 1 1 1 1 1 1
4 1 1 1 1 1 1
4 1 1 1 1 1 1
4 1 1 1 1 1 1
4 1 1 1 1 1 1
4 1 1 1 1 1 1
4 1 1 1 1 1 1
4 1 1 1 1 1 1
4 1 1 1 1 1 1
5 1 1 1 1 1 1
5 1 1 1 1 1 1
5 1 1 1 1 1 1
5 1 1 1 1 1 1
5 1 1 1 1 1 1
5 1 1 1 1 1 1
5 1 1 1 1 1 1
5 1 1 1 1 1 1
5 1 1 1 1 1 1
5 1 1 1 1 1 1
6 1 1 1 1 1 1
6 1 1 1 1 1 1
6 1 1 1 1 1 1
6 1 1 1 1 1 1
6 1 1 1 1 1 1
6 1 1 1 1 1 1
6 1 1 1 1 1 1
6 1 1 1 1 1 1
6 1 1 1 1 1 1
6 1 1 1 1 1 1
7 1 1 1 1 1 1
7 1 1 1 1 1 1
7 1 1 1 1 1 1
7 1 1 1 1 1 1
7 1 1 1 1 1 1
7 1 1 1 1 1 1
7 1 1 1 1 1 1
7 1 1 1 1 1 1
7 1 1 1 1 1 1
7 1 1 1 1 1 1
8 1 1 1 1 1 1
8 1 1 1 1 1 1
8 1 1 1 1 1 1
8 1 1 1 1 1 1
8 1 1 1 1 1 1
8 1 1 1 1 1 1
8 1 1 1 1 1 1
8 1 1 1 1 1 1
8 1 1 1 1 1 1
8 1 1 1 1 1 1
9 1 1 1 1 1 1
9 1 1 1 1 1 1
9 1 1 1 1 1 1
9 1 1 1 1 1 1
9 1 1 1 1 1 1
9 1 1 1 1 1 1
9 1 1 1 1 1 1
9 1 1 1 1 1 1
9 1 1 1 1 1 1
9 1 1 1 1 1 1
10 0 0 1 1 1 1
10 0 0 1 1 1 1
10 0 0 1 1 1 1
10 0 0 1 1 1 1
10 0 0 1 1 1 1
10 0 0 1 1 1 1
10 0 0 1 1 1 1
10 0 0 1 1 1 1
10 0 0 1 1 1 1
10 0 0 1 1 1 1
11 0 0 1 1 1 1
11 0 0 1 1 1 1
11 0 0 1 1 1 1
11 0 0 1 1 1 1
11 0 0 1 1 1 1
11 0 0 1 1 1 1
11 0 0 1 1 1 1
11 0 0 1 1 1 1
11 0 0 1 1 1 1
11 0 0 1 1 1 1
12 0 0 1 1 1 1
12 0 0 1 1 1 1
12 0 0 1 1 1 1
12 0 0 1 1 1 1
12 0 0 1 1 1 1
12 0 0 1 1 1 1
12 0 0 1 1 1 1
12 0 0 1 1 1 1
12 0 0 1 1 1 1
12 0 0 1 1 1 1
#INFO-GEN
Namespace(bayType=5, francisco=True, meanPort=15, seed=4527, stdPort=23.56233744134304, target40=3, targetCapacity=66, targetHC=52, targetIMO=5, targetPorts=28, targetReefer=21, targetRelease=77, targetWeight=75)
