23 12 34 5 40 1 8
#POD
4 5 6 7 8 10 11 12 13 14 15 16 17 19 20 21 22 23 24 25 26 27 28
#LOCATIONS
1
#CONTAINERS_TOLOAD
0 0 0 11086.84 2.59 20 27 0 1 0
0 0 0 11900.77 2.59 20 12 0 1 0
0 0 0 7850.02 2.59 20 21 0 1 0
0 0 0 12480.92 2.59 20 15 0 1 0
0 0 0 7657.22 2.59 20 23 0 1 1
0 0 0 9040.02 2.59 20 8 0 1 1
0 0 0 10011.89 2.59 20 15 0 1 4
0 0 0 12492.84 2.59 20 22 0 1 4
0 0 0 8017.69 2.59 20 14 0 1 0
0 0 0 11126.14 2.59 20 10 0 1 0
0 0 0 7063.47 2.59 20 25 0 1 2
0 0 0 8716.18 2.59 20 17 0 1 2
#CONTAINERS_LOADED
2 4 1 7500.00 2.59 20 27 1 1 0
2 4 -1 7500.00 2.59 20 10 0 1 0
2 5 1 7500.00 2.59 20 27 1 1 0
2 5 -1 7500.00 2.59 20 15 0 1 0
2 6 1 7500.00 2.59 20 20 0 1 0
2 6 -1 7500.00 2.59 20 19 0 1 0
2 7 1 7500.00 2.59 20 6 0 1 0
2 7 -1 7500.00 2.59 20 25 0 1 0
2 8 1 7500.00 2.59 20 16 0 1 0
2 8 -1 7500.00 2.59 20 17 0 1 0
3 1 1 7500.00 2.59 20 13 1 1 0
3 1 -1 7500.00 2.59 20 22 0 1 0
3 2 1 7500.00 2.59 20 21 1 1 4
3 2 -1 7500.00 2.59 20 23 0 1 4
3 3 1 7500.00 2.59 20 23 1 1 4
3 3 -1 7500.00 2.59 20 27 0 1 4
3 4 1 7500.00 2.59 20 17 1 1 0
3 4 -1 7500.00 2.59 20 16 0 1 0
3 5 1 7500.00 2.59 20 7 1 1 1
3 5 -1 7500.00 2.59 20 23 0 1 1
3 6 1 7500.00 2.59 20 26 0 1 1
3 6 -1 7500.00 2.59 20 28 0 1 1
3 7 1 7500.00 2.59 20 11 0 1 1
3 7 -1 7500.00 2.59 20 24 0 1 1
3 8 1 7500.00 2.59 20 23 0 1 1
3 8 -1 7500.00 2.59 20 4 0 1 1
4 4 1 7500.00 2.59 20 14 1 1 0
4 4 -1 7500.00 2.59 20 5 0 1 0
4 5 1 7500.00 2.59 20 19 1 1 0
4 5 -1 7500.00 2.59 20 11 0 1 0
4 6 1 7500.00 2.59 20 17 0 1 0
4 6 -1 7500.00 2.59 20 24 0 1 0
4 7 1 7500.00 2.59 20 20 0 1 0
4 7 -1 7500.00 2.59 20 13 0 1 0
#STACKS
60000.00 10.36 1
75000.00 12.95 1
120000.00 20.72 1
75000.00 12.95 1
60000.00 10.36 1
#CELLS
1 0 0 0 0 0 1
1 0 0 0 0 0 1
1 0 0 0 0 0 1
1 0 0 0 0 0 1
1 0 0 1 1 1 1
1 0 0 1 1 1 1
1 0 0 1 1 1 1
1 0 0 1 1 1 1
2 0 0 0 0 0 1
2 0 0 0 0 0 1
2 0 0 0 0 0 1
2 0 1 1 1 1 1
2 0 1 1 1 1 1
2 0 0 1 1 1 1
2 0 0 1 1 1 1
2 0 0 1 1 1 1
3 0 1 1 1 1 1
3 0 1 1 1 1 1
3 0 1 1 1 1 1
3 0 1 1 1 1 1
3 0 1 1 1 1 1
3 0 0 1 1 1 1
3 0 0 1 1 1 1
3 0 0 1 1 1 1
4 0 0 0 0 0 1
4 0 0 0 0 0 1
4 0 0 0 0 0 1
4 0 1 1 1 1 1
4 0 1 1 1 1 1
4 0 0 1 1 1 1
4 0 0 1 1 1 1
4 0 0 1 1 1 1
5 0 0 0 0 0 1
5 0 0 0 0 0 1
5 0 0 0 0 0 1
5 0 0 0 0 0 1
5 0 0 1 1 1 1
5 0 0 1 1 1 1
5 0 0 1 1 1 1
5 0 0 1 1 1 1
#INFO-GEN
Namespace(bayType=1, francisco=True, meanPort=27, seed=1234, stdPort=16.720144472591628, target40=0, targetCapacity=90, targetHC=40, targetIMO=67, targetPorts=28, targetReefer=44, targetRelease=78, targetWeight=87)
