7 23 10 5 40 1 8
#POD
1 2 3 4 5 6 7
#LOCATIONS
1
#CONTAINERS_TOLOAD
0 0 0 7211.99 2.59 20 5 0 1 0
0 0 0 9903.94 2.59 20 4 0 1 0
0 0 0 3812.08 2.59 20 4 0 1 0
0 0 0 6790.78 2.59 20 5 0 1 0
0 0 0 9653.22 2.59 20 3 0 1 0
0 0 0 3991.65 2.59 20 3 0 1 0
0 0 0 9211.61 2.59 20 3 0 1 0
0 0 0 4816.98 2.59 20 2 0 1 0
0 0 0 7587.41 2.59 20 1 0 1 0
0 0 0 7247.21 2.59 20 1 0 1 0
0 0 0 5841.15 2.59 20 4 1 1 0
0 0 0 8359.09 2.59 20 2 0 1 0
0 0 0 5467.61 2.59 20 5 0 1 1
0 0 0 6892.90 2.59 20 7 0 1 1
0 0 0 6229.42 2.59 20 3 0 1 0
0 0 0 8851.11 2.59 20 7 0 1 0
0 0 0 4640.82 2.59 20 2 0 1 0
0 0 0 7334.14 2.59 20 5 0 1 0
0 0 0 7401.49 2.59 40 7 0 1 0
0 0 0 7002.89 2.59 40 3 0 1 0
0 0 0 5990.91 2.90 40 3 0 1 0
0 0 0 8814.03 2.59 40 6 0 1 0
0 0 0 4428.58 2.59 40 6 0 1 0
#CONTAINERS_LOADED
3 1 1 7500.00 2.59 20 5 1 1 0
3 1 -1 7500.00 2.59 20 6 0 1 0
3 2 1 7500.00 2.59 20 5 1 1 0
3 2 -1 7500.00 2.59 20 4 0 1 0
3 3 1 7500.00 2.59 20 4 1 1 0
3 3 -1 7500.00 2.59 20 5 0 1 0
3 4 1 7500.00 2.59 20 2 1 1 0
3 4 -1 7500.00 2.59 20 6 0 1 0
3 5 1 7500.00 2.59 20 4 1 1 0
3 5 -1 7500.00 2.59 20 5 0 1 0
#STACKS
60000.00 10.36 1
75000.00 12.95 1
120000.00 20.72 1
75000.00 12.95 1
60000.00 10.36 1
#CELLS
1 0 0 0 0 0 1
1 0 0 0 0 0 1
1 0 0 0 0 0 1
1 0 0 0 0 0 1
1 0 0 1 1 1 1
1 0 0 1 1 1 1
1 0 0 1 1 1 1
1 0 0 1 1 1 1
2 0 0 0 0 0 1
2 0 0 0 0 0 1
2 0 0 0 0 0 1
2 0 1 1 1 1 1
2 0 1 1 1 1 1
2 0 0 1 1 1 1
2 0 0 1 1 1 1
2 0 0 1 1 1 1
3 0 1 1 1 1 1
3 0 1 1 1 1 1
3 0 1 1 1 1 1
3 0 1 1 1 1 1
3 0 1 1 1 1 1
3 0 0 1 1 1 1
3 0 0 1 1 1 1
3 0 0 1 1 1 1
4 0 0 0 0 0 1
4 0 0 0 0 0 1
4 0 0 0 0 0 1
4 0 1 1 1 1 1
4 0 1 1 1 1 1
4 0 0 1 1 1 1
4 0 0 1 1 1 1
4 0 0 1 1 1 1
5 0 0 0 0 0 1
5 0 0 0 0 0 1
5 0 0 0 0 0 1
5 0 0 0 0 0 1
5 0 0 1 1 1 1
5 0 0 1 1 1 1
5 0 0 1 1 1 1
5 0 0 1 1 1 1
#INFO-GEN
Namespace(bayType=1, francisco=True, meanPort=6, seed=2344, stdPort=5.201965974440161, target40=31, targetCapacity=74, targetHC=21, targetIMO=18, targetPorts=7, targetReefer=30, targetRelease=30, targetWeight=50)
