16 14 27 5 40 1 8
#POD
2 4 6 8 9 10 11 12 13 14 15 16 17 18 19 24
#LOCATIONS
1
#CONTAINERS_TOLOAD
0 0 0 12206.68 2.59 20 11 0 1 2
0 0 0 5924.93 2.59 20 12 0 1 2
0 0 0 7970.63 2.59 20 24 0 1 2
0 0 0 12955.60 2.59 20 17 0 1 2
0 0 0 4892.75 2.59 20 14 0 1 2
0 0 0 11517.48 2.59 20 14 0 1 2
0 0 0 4951.70 2.59 20 11 0 1 2
0 0 0 10072.66 2.59 20 4 0 1 2
0 0 0 8016.84 2.90 40 6 0 1 0
0 0 0 8490.08 2.59 40 9 0 1 0
0 0 0 8667.91 2.59 40 12 0 1 0
0 0 0 11284.32 2.59 40 11 0 1 0
0 0 0 5754.10 2.59 40 12 0 1 3
0 0 0 7736.33 2.90 40 15 0 1 3
#CONTAINERS_LOADED
2 4 1 7500.00 2.59 20 8 1 1 0
2 4 -1 7500.00 2.59 20 17 0 1 0
2 5 1 7500.00 2.59 20 16 1 1 0
2 5 -1 7500.00 2.59 20 8 0 1 0
2 6 1 7500.00 2.59 20 10 0 1 0
2 6 -1 7500.00 2.59 20 16 0 1 0
2 7 1 7500.00 2.59 20 12 0 1 0
2 7 -1 7500.00 2.59 20 14 0 1 0
2 8 1 7500.00 2.59 20 19 0 1 0
2 8 -1 7500.00 2.59 20 4 0 1 0
3 1 1 7500.00 2.59 20 9 1 1 4
3 1 -1 7500.00 2.59 20 2 0 1 4
3 2 1 7500.00 2.59 20 9 1 1 0
3 2 -1 7500.00 2.59 20 15 0 1 0
3 3 1 7500.00 2.59 20 9 1 1 0
3 3 -1 7500.00 2.59 20 15 0 1 0
3 4 1 7500.00 2.59 20 12 1 1 0
3 4 -1 7500.00 2.59 20 13 0 1 0
3 5 1 7500.00 2.59 20 18 1 1 1
3 5 -1 7500.00 2.59 20 2 0 1 1
3 6 1 7500.00 2.59 20 6 0 1 4
3 6 -1 7500.00 2.59 20 4 0 1 4
3 7 1 7500.00 2.59 20 6 0 1 0
3 7 -1 7500.00 2.59 20 16 0 1 0
3 8 0 15000.00 2.59 40 12 0 1 1
4 4 0 15000.00 2.59 40 8 1 1 0
4 5 0 15000.00 2.59 40 11 1 1 0
#STACKS
60000.00 10.36 1
75000.00 12.95 1
120000.00 20.72 1
75000.00 12.95 1
60000.00 10.36 1
#CELLS
1 0 0 0 0 0 1
1 0 0 0 0 0 1
1 0 0 0 0 0 1
1 0 0 0 0 0 1
1 0 0 1 1 1 1
1 0 0 1 1 1 1
1 0 0 1 1 1 1
1 0 0 1 1 1 1
2 0 0 0 0 0 1
2 0 0 0 0 0 1
2 0 0 0 0 0 1
2 0 1 1 1 1 1
2 0 1 1 1 1 1
2 0 0 1 1 1 1
2 0 0 1 1 1 1
2 0 0 1 1 1 1
3 0 1 1 1 1 1
3 0 1 1 1 1 1
3 0 1 1 1 1 1
3 0 1 1 1 1 1
3 0 1 1 1 1 1
3 0 0 1 1 1 1
3 0 0 1 1 1 1
3 0 0 1 1 1 1
4 0 0 0 0 0 1
4 0 0 0 0 0 1
4 0 0 0 0 0 1
4 0 1 1 1 1 1
4 0 1 1 1 1 1
4 0 0 1 1 1 1
4 0 0 1 1 1 1
4 0 0 1 1 1 1
5 0 0 0 0 0 1
5 0 0 0 0 0 1
5 0 0 0 0 0 1
5 0 0 0 0 0 1
5 0 0 1 1 1 1
5 0 0 1 1 1 1
5 0 0 1 1 1 1
5 0 0 1 1 1 1
#INFO-GEN
Namespace(bayType=1, francisco=True, meanPort=13, seed=3456, stdPort=5.199924608022632, target40=38, targetCapacity=98, targetHC=10, targetIMO=78, targetPorts=26, targetReefer=79, targetRelease=64, targetWeight=73)
