17 13 25 5 40 1 8
#POD
1 2 3 5 6 7 9 10 11 12 13 15 16 17 19 20 21
#LOCATIONS
1
#CONTAINERS_TOLOAD
0 0 0 17864.12 2.59 20 1 0 1 0
0 0 0 7722.28 2.59 20 5 0 1 0
0 0 0 11025.04 2.59 20 13 0 1 4
0 0 0 19073.25 2.59 20 11 0 1 4
0 0 0 6055.83 2.59 20 9 0 1 1
0 0 0 16751.40 2.59 20 13 0 1 1
0 0 0 6151.00 2.59 20 11 0 1 1
0 0 0 14418.75 2.59 20 15 0 1 1
0 0 0 11099.66 2.59 40 20 0 1 0
0 0 0 11863.69 2.59 40 11 0 1 0
0 0 0 12150.79 2.90 40 15 0 1 0
0 0 0 16374.97 2.59 40 12 0 1 0
0 0 0 6047.23 2.59 40 20 0 1 4
#CONTAINERS_LOADED
2 4 1 7500.00 2.59 20 10 1 1 0
2 4 -1 7500.00 2.59 20 17 0 1 0
2 5 1 7500.00 2.59 20 6 1 1 0
2 5 -1 7500.00 2.59 20 16 0 1 0
2 6 1 7500.00 2.59 20 15 0 1 0
2 6 -1 7500.00 2.59 20 6 0 1 0
2 7 1 7500.00 2.59 20 5 0 1 0
2 7 -1 7500.00 2.59 20 3 0 1 0
2 8 1 7500.00 2.59 20 19 0 1 0
2 8 -1 7500.00 2.59 20 21 0 1 0
3 1 1 7500.00 2.59 20 11 1 1 4
3 1 -1 7500.00 2.59 20 15 0 1 4
3 2 1 7500.00 2.59 20 9 1 1 0
3 2 -1 7500.00 2.59 20 9 0 1 0
3 3 1 7500.00 2.59 20 5 1 1 4
3 3 -1 7500.00 2.59 20 2 0 1 4
3 4 1 7500.00 2.59 20 17 1 1 4
3 4 -1 7500.00 2.59 20 21 0 1 4
3 5 1 7500.00 2.59 20 7 1 1 0
3 5 -1 7500.00 2.59 20 11 0 1 0
3 6 1 7500.00 2.59 20 12 0 1 1
3 6 -1 7500.00 2.59 20 17 0 1 1
3 7 0 15000.00 2.59 40 11 0 1 0
3 8 0 15000.00 2.59 40 15 0 1 0
4 4 0 15000.00 2.59 40 10 1 1 0
#STACKS
60000.00 10.36 1
75000.00 12.95 1
120000.00 20.72 1
75000.00 12.95 1
60000.00 10.36 1
#CELLS
1 0 0 0 0 0 1
1 0 0 0 0 0 1
1 0 0 0 0 0 1
1 0 0 0 0 0 1
1 0 0 1 1 1 1
1 0 0 1 1 1 1
1 0 0 1 1 1 1
1 0 0 1 1 1 1
2 0 0 0 0 0 1
2 0 0 0 0 0 1
2 0 0 0 0 0 1
2 0 1 1 1 1 1
2 0 1 1 1 1 1
2 0 0 1 1 1 1
2 0 0 1 1 1 1
2 0 0 1 1 1 1
3 0 1 1 1 1 1
3 0 1 1 1 1 1
3 0 1 1 1 1 1
3 0 1 1 1 1 1
3 0 1 1 1 1 1
3 0 0 1 1 1 1
3 0 0 1 1 1 1
3 0 0 1 1 1 1
4 0 0 0 0 0 1
4 0 0 0 0 0 1
4 0 0 0 0 0 1
4 0 1 1 1 1 1
4 0 1 1 1 1 1
4 0 0 1 1 1 1
4 0 0 1 1 1 1
4 0 0 1 1 1 1
5 0 0 0 0 0 1
5 0 0 0 0 0 1
5 0 0 0 0 0 1
5 0 0 0 0 0 1
5 0 0 1 1 1 1
5 0 0 1 1 1 1
5 0 0 1 1 1 1
5 0 0 1 1 1 1
#INFO-GEN
Namespace(bayType=1, francisco=True, meanPort=13, seed=3456, stdPort=5.199924608022632, target40=38, targetCapacity=92, targetHC=40, targetIMO=78, targetPorts=26, targetReefer=79, targetRelease=64, targetWeight=87)
