17 13 22 5 40 1 8
#POD
1 2 3 5 6 7 9 10 11 12 13 15 16 17 19 20 21
#LOCATIONS
1
#CONTAINERS_TOLOAD
0 0 0 20897.41 2.59 20 1 0 1 0
0 0 0 8685.95 2.59 20 5 0 1 0
0 0 0 12662.70 2.59 20 13 0 1 1
0 0 0 22353.28 2.59 20 11 0 1 1
0 0 0 6679.42 2.59 20 9 0 1 1
0 0 0 19557.62 2.59 20 13 0 1 1
0 0 0 6794.02 2.59 20 11 0 1 0
0 0 0 16748.96 2.59 20 15 0 1 0
0 0 0 12752.54 2.59 40 20 0 1 0
0 0 0 13672.49 2.90 40 11 0 1 0
0 0 0 14018.17 2.90 40 15 0 1 0
0 0 0 19104.37 2.59 40 12 0 1 0
0 0 0 6669.07 2.59 40 20 1 1 0
#CONTAINERS_LOADED
2 4 1 7500.00 2.59 20 10 1 1 0
2 4 -1 7500.00 2.59 20 17 0 1 0
2 5 1 7500.00 2.59 20 6 1 1 0
2 5 -1 7500.00 2.59 20 16 0 1 0
2 6 1 7500.00 2.59 20 15 0 1 0
2 6 -1 7500.00 2.59 20 6 0 1 0
2 7 1 7500.00 2.59 20 5 0 1 0
2 7 -1 7500.00 2.59 20 3 0 1 0
3 1 1 7500.00 2.59 20 19 1 1 4
3 1 -1 7500.00 2.59 20 21 0 1 4
3 2 1 7500.00 2.59 20 11 1 1 1
3 2 -1 7500.00 2.59 20 15 0 1 1
3 3 1 7500.00 2.59 20 9 1 1 0
3 3 -1 7500.00 2.59 20 9 0 1 0
3 4 1 7500.00 2.59 20 5 1 1 4
3 4 -1 7500.00 2.59 20 2 0 1 4
3 5 1 7500.00 2.59 20 17 1 1 1
3 5 -1 7500.00 2.59 20 21 0 1 1
3 6 1 7500.00 2.59 20 7 0 1 0
3 6 -1 7500.00 2.59 20 11 0 1 0
3 7 0 15000.00 2.59 40 12 0 1 1
3 8 0 15000.00 2.59 40 17 0 1 0
#STACKS
60000.00 10.36 1
75000.00 12.95 1
120000.00 20.72 1
75000.00 12.95 1
60000.00 10.36 1
#CELLS
1 0 0 0 0 0 1
1 0 0 0 0 0 1
1 0 0 0 0 0 1
1 0 0 0 0 0 1
1 0 0 1 1 1 1
1 0 0 1 1 1 1
1 0 0 1 1 1 1
1 0 0 1 1 1 1
2 0 0 0 0 0 1
2 0 0 0 0 0 1
2 0 0 0 0 0 1
2 0 1 1 1 1 1
2 0 1 1 1 1 1
2 0 0 1 1 1 1
2 0 0 1 1 1 1
2 0 0 1 1 1 1
3 0 1 1 1 1 1
3 0 1 1 1 1 1
3 0 1 1 1 1 1
3 0 1 1 1 1 1
3 0 1 1 1 1 1
3 0 0 1 1 1 1
3 0 0 1 1 1 1
3 0 0 1 1 1 1
4 0 0 0 0 0 1
4 0 0 0 0 0 1
4 0 0 0 0 0 1
4 0 1 1 1 1 1
4 0 1 1 1 1 1
4 0 0 1 1 1 1
4 0 0 1 1 1 1
4 0 0 1 1 1 1
5 0 0 0 0 0 1
5 0 0 0 0 0 1
5 0 0 0 0 0 1
5 0 0 0 0 0 1
5 0 0 1 1 1 1
5 0 0 1 1 1 1
5 0 0 1 1 1 1
5 0 0 1 1 1 1
#INFO-GEN
Namespace(bayType=1, francisco=True, meanPort=13, seed=3456, stdPort=5.199924608022632, target40=38, targetCapacity=83, targetHC=50, targetIMO=78, targetPorts=26, targetReefer=79, targetRelease=64, targetWeight=86)
