11 26 10 5 40 1 8
#POD
1 2 3 4 5 6 7 8 9 10 11
#LOCATIONS
1
#CONTAINERS_TOLOAD
0 0 0 9132.40 2.59 20 11 0 1 1
0 0 0 13051.72 2.59 20 4 0 1 1
0 0 0 4182.34 2.59 20 8 0 1 1
0 0 0 8519.14 2.59 20 4 0 1 1
0 0 0 12686.69 2.59 20 2 0 1 1
0 0 0 4443.79 2.59 20 1 0 1 1
0 0 0 12043.72 2.59 20 11 0 1 0
0 0 0 5645.41 2.59 20 1 0 1 0
0 0 0 9678.99 2.59 20 10 0 1 0
0 0 0 9183.68 2.59 20 2 0 1 0
0 0 0 7136.54 2.59 20 10 0 1 0
0 0 0 10802.51 2.59 20 2 0 1 0
0 0 0 6592.69 2.59 20 4 0 1 0
0 0 0 8667.82 2.59 20 4 0 1 0
0 0 0 7701.85 2.59 20 5 1 1 0
0 0 0 11518.86 2.59 20 7 0 1 0
0 0 0 5388.93 2.59 40 2 0 1 1
0 0 0 9310.24 2.59 20 1 0 1 4
0 0 0 9408.30 2.59 20 3 0 1 4
0 0 0 8827.97 2.59 20 9 0 1 4
0 0 0 7354.59 2.59 20 3 0 1 4
0 0 0 11464.88 2.59 40 10 0 1 0
0 0 0 6566.33 2.59 40 6 0 1 0
0 0 0 8386.00 2.59 40 2 0 1 0
0 0 0 11499.04 2.59 40 1 0 1 0
0 0 0 4431.56 2.59 40 3 0 1 0
#CONTAINERS_LOADED
3 1 1 7500.00 2.59 20 11 1 1 4
3 1 -1 7500.00 2.59 20 5 0 1 4
3 2 1 7500.00 2.59 20 7 1 1 1
3 2 -1 7500.00 2.59 20 1 0 1 1
3 3 1 7500.00 2.59 20 9 1 1 4
3 3 -1 7500.00 2.59 20 8 0 1 4
3 4 1 7500.00 2.59 20 6 1 1 1
3 4 -1 7500.00 2.59 20 4 0 1 1
3 5 1 7500.00 2.59 20 1 1 1 0
3 5 -1 7500.00 2.59 20 10 0 1 0
#STACKS
60000.00 10.36 1
75000.00 12.95 1
120000.00 20.72 1
75000.00 12.95 1
60000.00 10.36 1
#CELLS
1 0 0 0 0 0 1
1 0 0 0 0 0 1
1 0 0 0 0 0 1
1 0 0 0 0 0 1
1 0 0 1 1 1 1
1 0 0 1 1 1 1
1 0 0 1 1 1 1
1 0 0 1 1 1 1
2 0 0 0 0 0 1
2 0 0 0 0 0 1
2 0 0 0 0 0 1
2 0 1 1 1 1 1
2 0 1 1 1 1 1
2 0 0 1 1 1 1
2 0 0 1 1 1 1
2 0 0 1 1 1 1
3 0 1 1 1 1 1
3 0 1 1 1 1 1
3 0 1 1 1 1 1
3 0 1 1 1 1 1
3 0 1 1 1 1 1
3 0 0 1 1 1 1
3 0 0 1 1 1 1
3 0 0 1 1 1 1
4 0 0 0 0 0 1
4 0 0 0 0 0 1
4 0 0 0 0 0 1
4 0 1 1 1 1 1
4 0 1 1 1 1 1
4 0 0 1 1 1 1
4 0 0 1 1 1 1
4 0 0 1 1 1 1
5 0 0 0 0 0 1
5 0 0 0 0 0 1
5 0 0 0 0 0 1
5 0 0 0 0 0 1
5 0 0 1 1 1 1
5 0 0 1 1 1 1
5 0 0 1 1 1 1
5 0 0 1 1 1 1
#INFO-GEN
Namespace(bayType=1, francisco=True, meanPort=3, seed=2344, stdPort=9.060412580630677, target40=31, targetCapacity=82, targetHC=0, targetIMO=70, targetPorts=11, targetReefer=30, targetRelease=30, targetWeight=71)
