11 24 10 5 40 1 8
#POD
1 2 3 4 5 6 7 8 9 10 11
#LOCATIONS
1
#CONTAINERS_TOLOAD
0 0 0 9917.43 2.59 20 11 0 1 1
0 0 0 14338.47 2.59 20 4 0 1 1
0 0 0 4333.69 2.59 20 8 0 1 1
0 0 0 9225.66 2.59 20 4 0 1 1
0 0 0 13926.72 2.59 20 2 0 1 0
0 0 0 4628.61 2.59 20 1 0 1 0
0 0 0 13201.44 2.59 20 11 0 1 0
0 0 0 5984.05 2.59 20 1 0 1 0
0 0 0 10533.99 2.59 20 10 0 1 0
0 0 0 9975.27 2.59 20 2 0 1 0
0 0 0 7666.07 2.59 20 10 0 1 0
0 0 0 11801.33 2.59 20 2 0 1 0
0 0 0 7052.60 2.59 20 4 1 1 0
0 0 0 9393.38 2.59 20 4 0 1 0
0 0 0 8303.74 2.59 40 5 0 1 1
0 0 0 12609.39 2.59 20 7 0 1 4
0 0 0 5694.74 2.59 20 2 0 1 4
0 0 0 10118.04 2.59 20 1 0 1 4
0 0 0 10228.65 2.59 20 3 0 1 4
0 0 0 9574.02 2.59 40 9 0 1 0
0 0 0 7912.03 2.59 40 3 0 1 0
0 0 0 12548.50 2.59 40 10 0 1 0
0 0 0 7022.87 2.59 40 6 0 1 0
0 0 0 7641.32 2.90 40 2 0 1 0
#CONTAINERS_LOADED
3 1 1 7500.00 2.59 20 1 1 1 4
3 1 -1 7500.00 2.59 20 3 0 1 4
3 2 1 7500.00 2.59 20 11 1 1 1
3 2 -1 7500.00 2.59 20 5 0 1 1
3 3 1 7500.00 2.59 20 7 1 1 4
3 3 -1 7500.00 2.59 20 1 0 1 4
3 4 1 7500.00 2.59 20 9 1 1 1
3 4 -1 7500.00 2.59 20 8 0 1 1
3 5 1 7500.00 2.59 20 6 1 1 4
3 5 -1 7500.00 2.59 20 4 0 1 4
#STACKS
60000.00 10.36 1
75000.00 12.95 1
120000.00 20.72 1
75000.00 12.95 1
60000.00 10.36 1
#CELLS
1 0 0 0 0 0 1
1 0 0 0 0 0 1
1 0 0 0 0 0 1
1 0 0 0 0 0 1
1 0 0 1 1 1 1
1 0 0 1 1 1 1
1 0 0 1 1 1 1
1 0 0 1 1 1 1
2 0 0 0 0 0 1
2 0 0 0 0 0 1
2 0 0 0 0 0 1
2 0 1 1 1 1 1
2 0 1 1 1 1 1
2 0 0 1 1 1 1
2 0 0 1 1 1 1
2 0 0 1 1 1 1
3 0 1 1 1 1 1
3 0 1 1 1 1 1
3 0 1 1 1 1 1
3 0 1 1 1 1 1
3 0 1 1 1 1 1
3 0 0 1 1 1 1
3 0 0 1 1 1 1
3 0 0 1 1 1 1
4 0 0 0 0 0 1
4 0 0 0 0 0 1
4 0 0 0 0 0 1
4 0 1 1 1 1 1
4 0 1 1 1 1 1
4 0 0 1 1 1 1
4 0 0 1 1 1 1
4 0 0 1 1 1 1
5 0 0 0 0 0 1
5 0 0 0 0 0 1
5 0 0 0 0 0 1
5 0 0 0 0 0 1
5 0 0 1 1 1 1
5 0 0 1 1 1 1
5 0 0 1 1 1 1
5 0 0 1 1 1 1
#INFO-GEN
Namespace(bayType=1, francisco=True, meanPort=3, seed=2344, stdPort=9.060412580630677, target40=31, targetCapacity=78, targetHC=10, targetIMO=70, targetPorts=11, targetReefer=30, targetRelease=30, targetWeight=71)
