11 28 10 5 40 1 8
#POD
1 2 3 4 5 6 7 8 9 10 11
#LOCATIONS
1
#CONTAINERS_TOLOAD
0 0 0 8337.52 2.59 20 11 0 1 1
0 0 0 11748.82 2.59 20 4 0 1 1
0 0 0 4029.08 2.59 20 8 0 1 4
0 0 0 7803.75 2.59 20 4 0 1 4
0 0 0 11431.11 2.59 20 2 0 1 4
0 0 0 4256.65 2.59 20 1 0 1 4
0 0 0 10871.48 2.59 20 11 0 1 1
0 0 0 5302.51 2.59 20 1 0 1 1
0 0 0 8813.26 2.59 20 10 0 1 0
0 0 0 8382.16 2.59 20 2 0 1 0
0 0 0 6600.36 2.59 20 10 0 1 0
0 0 0 9791.15 2.59 20 2 0 1 0
0 0 0 6127.01 2.59 20 4 0 1 0
0 0 0 7933.16 2.59 20 4 0 1 0
0 0 0 7092.39 2.59 20 5 0 1 0
0 0 0 10414.65 2.59 20 7 0 1 0
0 0 0 5079.28 2.59 20 2 1 1 0
0 0 0 8492.31 2.59 20 1 0 1 0
0 0 0 8577.66 2.59 40 3 0 1 0
0 0 0 8072.55 2.59 20 9 0 1 0
0 0 0 6790.15 2.59 20 3 0 1 0
0 0 0 10367.67 2.59 20 10 0 1 1
0 0 0 6104.07 2.59 20 6 0 1 1
0 0 0 7687.87 2.59 40 2 0 1 0
0 0 0 10397.40 2.59 40 1 0 1 0
0 0 0 4834.30 2.59 40 3 0 1 0
0 0 0 10082.62 2.90 40 11 0 1 0
0 0 0 5079.08 2.59 40 5 0 1 0
#CONTAINERS_LOADED
3 1 1 7500.00 2.59 20 7 1 1 1
3 1 -1 7500.00 2.59 20 1 0 1 1
3 2 1 7500.00 2.59 20 9 1 1 4
3 2 -1 7500.00 2.59 20 8 0 1 4
3 3 1 7500.00 2.59 20 6 1 1 1
3 3 -1 7500.00 2.59 20 4 0 1 1
3 4 1 7500.00 2.59 20 1 1 1 4
3 4 -1 7500.00 2.59 20 10 0 1 4
3 5 1 7500.00 2.59 20 4 1 1 4
3 5 -1 7500.00 2.59 20 11 0 1 4
#STACKS
60000.00 10.36 1
75000.00 12.95 1
120000.00 20.72 1
75000.00 12.95 1
60000.00 10.36 1
#CELLS
1 0 0 0 0 0 1
1 0 0 0 0 0 1
1 0 0 0 0 0 1
1 0 0 0 0 0 1
1 0 0 1 1 1 1
1 0 0 1 1 1 1
1 0 0 1 1 1 1
1 0 0 1 1 1 1
2 0 0 0 0 0 1
2 0 0 0 0 0 1
2 0 0 0 0 0 1
2 0 1 1 1 1 1
2 0 1 1 1 1 1
2 0 0 1 1 1 1
2 0 0 1 1 1 1
2 0 0 1 1 1 1
3 0 1 1 1 1 1
3 0 1 1 1 1 1
3 0 1 1 1 1 1
3 0 1 1 1 1 1
3 0 1 1 1 1 1
3 0 0 1 1 1 1
3 0 0 1 1 1 1
3 0 0 1 1 1 1
4 0 0 0 0 0 1
4 0 0 0 0 0 1
4 0 0 0 0 0 1
4 0 1 1 1 1 1
4 0 1 1 1 1 1
4 0 0 1 1 1 1
4 0 0 1 1 1 1
4 0 0 1 1 1 1
5 0 0 0 0 0 1
5 0 0 0 0 0 1
5 0 0 0 0 0 1
5 0 0 0 0 0 1
5 0 0 1 1 1 1
5 0 0 1 1 1 1
5 0 0 1 1 1 1
5 0 0 1 1 1 1
#INFO-GEN
Namespace(bayType=1, francisco=True, meanPort=3, seed=2344, stdPort=9.060412580630677, target40=31, targetCapacity=85, targetHC=20, targetIMO=70, targetPorts=11, targetReefer=30, targetRelease=30, targetWeight=70)
