11 29 14 5 40 1 8
#POD
1 2 3 4 5 6 7 8 9 10 11
#LOCATIONS
1
#CONTAINERS_TOLOAD
0 0 0 7354.32 2.59 20 1 0 1 1
0 0 0 10137.24 2.59 20 9 0 1 1
0 0 0 3839.52 2.59 20 9 0 1 4
0 0 0 6918.88 2.59 20 9 0 1 4
0 0 0 9878.05 2.59 20 8 0 1 1
0 0 0 4025.17 2.59 20 1 0 1 1
0 0 0 9421.51 2.59 20 5 0 1 1
0 0 0 4878.38 2.59 20 7 0 1 1
0 0 0 7742.43 2.59 20 7 0 1 0
0 0 0 7390.74 2.59 20 5 0 1 0
0 0 0 5937.16 2.59 20 2 0 1 0
0 0 0 8540.19 2.59 20 5 0 1 0
0 0 0 5551.00 2.59 20 9 0 1 0
0 0 0 7024.45 2.59 20 3 0 1 0
0 0 0 6338.55 2.59 20 4 0 1 0
0 0 0 9048.83 2.59 20 2 0 1 0
0 0 0 4696.26 2.59 20 9 1 1 0
0 0 0 7480.60 2.59 20 3 0 1 0
0 0 0 7550.23 2.59 20 2 0 1 2
0 0 0 7138.16 2.59 20 11 0 1 2
0 0 0 6091.98 2.59 40 1 0 1 0
0 0 0 9010.50 2.90 40 11 0 1 0
0 0 0 5532.28 2.90 40 9 0 1 0
0 0 0 6824.34 2.59 40 4 0 1 0
0 0 0 9034.76 2.59 20 2 0 1 0
0 0 0 4496.41 2.59 20 7 0 1 0
0 0 0 8777.97 2.90 40 11 0 1 4
0 0 0 5330.53 2.59 40 9 0 1 4
0 0 0 6342.57 2.59 40 7 0 1 4
#CONTAINERS_LOADED
3 1 1 7500.00 2.59 20 7 1 1 2
3 1 -1 7500.00 2.59 20 3 0 1 2
3 2 1 7500.00 2.59 20 6 1 1 2
3 2 -1 7500.00 2.59 20 7 0 1 2
3 3 1 7500.00 2.59 20 7 1 1 0
3 3 -1 7500.00 2.59 20 8 0 1 0
3 4 1 7500.00 2.59 20 5 1 1 2
3 4 -1 7500.00 2.59 20 1 0 1 2
3 5 1 7500.00 2.59 20 7 1 1 2
3 5 -1 7500.00 2.59 20 4 0 1 2
3 6 1 7500.00 2.59 20 9 0 1 2
3 6 -1 7500.00 2.59 20 3 0 1 2
3 7 1 7500.00 2.59 20 5 0 1 2
3 7 -1 7500.00 2.59 20 10 0 1 2
#STACKS
60000.00 10.36 1
75000.00 12.95 1
120000.00 20.72 1
75000.00 12.95 1
60000.00 10.36 1
#CELLS
1 0 0 0 0 0 1
1 0 0 0 0 0 1
1 0 0 0 0 0 1
1 0 0 0 0 0 1
1 0 0 1 1 1 1
1 0 0 1 1 1 1
1 0 0 1 1 1 1
1 0 0 1 1 1 1
2 0 0 0 0 0 1
2 0 0 0 0 0 1
2 0 0 0 0 0 1
2 0 1 1 1 1 1
2 0 1 1 1 1 1
2 0 0 1 1 1 1
2 0 0 1 1 1 1
2 0 0 1 1 1 1
3 0 1 1 1 1 1
3 0 1 1 1 1 1
3 0 1 1 1 1 1
3 0 1 1 1 1 1
3 0 1 1 1 1 1
3 0 0 1 1 1 1
3 0 0 1 1 1 1
3 0 0 1 1 1 1
4 0 0 0 0 0 1
4 0 0 0 0 0 1
4 0 0 0 0 0 1
4 0 1 1 1 1 1
4 0 1 1 1 1 1
4 0 0 1 1 1 1
4 0 0 1 1 1 1
4 0 0 1 1 1 1
5 0 0 0 0 0 1
5 0 0 0 0 0 1
5 0 0 0 0 0 1
5 0 0 0 0 0 1
5 0 0 1 1 1 1
5 0 0 1 1 1 1
5 0 0 1 1 1 1
5 0 0 1 1 1 1
#INFO-GEN
Namespace(bayType=1, francisco=True, meanPort=3, seed=2344, stdPort=9.060412580630677, target40=31, targetCapacity=98, targetHC=40, targetIMO=70, targetPorts=11, targetReefer=30, targetRelease=30, targetWeight=71)
