6 18 8 5 40 1 8
#POD
1 2 3 4 5 6
#LOCATIONS
1
#CONTAINERS_TOLOAD
0 0 0 14769.92 2.59 20 3 0 1 0
0 0 0 22292.27 2.59 20 5 0 1 0
0 0 0 5269.26 2.59 20 3 0 1 0
0 0 0 13592.89 2.59 20 2 0 1 0
0 0 0 21591.67 2.59 20 2 0 1 0
0 0 0 5771.06 2.59 20 6 0 1 0
0 0 0 20357.62 2.59 20 2 0 1 0
0 0 0 8077.33 2.59 20 6 0 1 0
0 0 0 15818.98 2.59 20 5 1 1 0
0 0 0 14868.34 2.59 20 2 0 1 0
0 0 0 10939.26 2.59 40 5 0 1 0
0 0 0 17975.36 2.90 40 2 0 1 0
0 0 0 9895.45 2.59 20 1 0 1 0
0 0 0 13878.25 2.59 20 3 0 1 0
0 0 0 12024.25 2.59 20 4 0 1 0
0 0 0 19350.25 2.59 20 2 0 1 0
0 0 0 7585.07 2.59 40 2 0 1 0
0 0 0 13442.74 2.59 40 3 0 1 0
#CONTAINERS_LOADED
3 1 1 7500.00 2.59 20 3 1 1 3
3 1 -1 7500.00 2.59 20 5 0 1 3
3 2 1 7500.00 2.59 20 2 1 1 3
3 2 -1 7500.00 2.59 20 4 0 1 3
3 3 1 7500.00 2.59 20 5 1 1 0
3 3 -1 7500.00 2.59 20 2 0 1 0
3 4 1 7500.00 2.59 20 3 1 1 0
3 4 -1 7500.00 2.59 20 2 0 1 0
#STACKS
60000.00 10.36 1
75000.00 12.95 1
120000.00 20.72 1
75000.00 12.95 1
60000.00 10.36 1
#CELLS
1 0 0 0 0 0 1
1 0 0 0 0 0 1
1 0 0 0 0 0 1
1 0 0 0 0 0 1
1 0 0 1 1 1 1
1 0 0 1 1 1 1
1 0 0 1 1 1 1
1 0 0 1 1 1 1
2 0 0 0 0 0 1
2 0 0 0 0 0 1
2 0 0 0 0 0 1
2 0 1 1 1 1 1
2 0 1 1 1 1 1
2 0 0 1 1 1 1
2 0 0 1 1 1 1
2 0 0 1 1 1 1
3 0 1 1 1 1 1
3 0 1 1 1 1 1
3 0 1 1 1 1 1
3 0 1 1 1 1 1
3 0 1 1 1 1 1
3 0 0 1 1 1 1
3 0 0 1 1 1 1
3 0 0 1 1 1 1
4 0 0 0 0 0 1
4 0 0 0 0 0 1
4 0 0 0 0 0 1
4 0 1 1 1 1 1
4 0 1 1 1 1 1
4 0 0 1 1 1 1
4 0 0 1 1 1 1
4 0 0 1 1 1 1
5 0 0 0 0 0 1
5 0 0 0 0 0 1
5 0 0 0 0 0 1
5 0 0 0 0 0 1
5 0 0 1 1 1 1
5 0 0 1 1 1 1
5 0 0 1 1 1 1
5 0 0 1 1 1 1
#INFO-GEN
Namespace(bayType=1, francisco=True, meanPort=6, seed=2344, stdPort=5.201965974440161, target40=31, targetCapacity=61, targetHC=21, targetIMO=18, targetPorts=7, targetReefer=30, targetRelease=30, targetWeight=75)
