11 24 10 5 40 1 8
#POD
1 2 3 4 5 6 7 8 9 10 11
#LOCATIONS
1
#CONTAINERS_TOLOAD
0 0 0 11786.38 2.59 20 11 0 1 1
0 0 0 17401.90 2.59 20 4 0 1 1
0 0 0 4694.03 2.59 20 8 0 1 1
0 0 0 10907.72 2.59 20 4 0 1 1
0 0 0 16878.90 2.59 20 2 0 1 0
0 0 0 5068.63 2.59 20 1 0 1 0
0 0 0 15957.67 2.59 20 11 0 1 0
0 0 0 6790.29 2.59 20 1 0 1 0
0 0 0 12569.52 2.59 20 10 0 1 0
0 0 0 11859.86 2.59 20 2 0 1 0
0 0 0 8926.75 2.59 20 10 0 1 0
0 0 0 14179.28 2.59 20 2 0 1 0
0 0 0 8147.53 2.59 20 4 1 1 0
0 0 0 11120.74 2.59 20 4 0 1 0
0 0 0 9736.71 2.59 40 5 0 1 1
0 0 0 15205.65 2.59 20 7 0 1 4
0 0 0 6422.81 2.59 20 2 0 1 4
0 0 0 12041.19 2.59 20 1 0 1 4
0 0 0 12181.69 2.59 20 3 0 1 4
0 0 0 11350.19 2.59 40 9 0 1 0
0 0 0 9239.17 2.59 40 3 0 1 0
0 0 0 15128.31 2.59 40 10 0 1 0
0 0 0 8109.77 2.90 40 6 0 1 0
0 0 0 8895.31 2.90 40 2 0 1 0
#CONTAINERS_LOADED
3 1 1 7500.00 2.59 20 1 1 1 4
3 1 -1 7500.00 2.59 20 3 0 1 4
3 2 1 7500.00 2.59 20 11 1 1 1
3 2 -1 7500.00 2.59 20 5 0 1 1
3 3 1 7500.00 2.59 20 7 1 1 4
3 3 -1 7500.00 2.59 20 1 0 1 4
3 4 1 7500.00 2.59 20 9 1 1 1
3 4 -1 7500.00 2.59 20 8 0 1 1
3 5 1 7500.00 2.59 20 6 1 1 4
3 5 -1 7500.00 2.59 20 4 0 1 4
#STACKS
60000.00 10.36 1
75000.00 12.95 1
120000.00 20.72 1
75000.00 12.95 1
60000.00 10.36 1
#CELLS
1 0 0 0 0 0 1
1 0 0 0 0 0 1
1 0 0 0 0 0 1
1 0 0 0 0 0 1
1 0 0 1 1 1 1
1 0 0 1 1 1 1
1 0 0 1 1 1 1
1 0 0 1 1 1 1
2 0 0 0 0 0 1
2 0 0 0 0 0 1
2 0 0 0 0 0 1
2 0 1 1 1 1 1
2 0 1 1 1 1 1
2 0 0 1 1 1 1
2 0 0 1 1 1 1
2 0 0 1 1 1 1
3 0 1 1 1 1 1
3 0 1 1 1 1 1
3 0 1 1 1 1 1
3 0 1 1 1 1 1
3 0 1 1 1 1 1
3 0 0 1 1 1 1
3 0 0 1 1 1 1
3 0 0 1 1 1 1
4 0 0 0 0 0 1
4 0 0 0 0 0 1
4 0 0 0 0 0 1
4 0 1 1 1 1 1
4 0 1 1 1 1 1
4 0 0 1 1 1 1
4 0 0 1 1 1 1
4 0 0 1 1 1 1
5 0 0 0 0 0 1
5 0 0 0 0 0 1
5 0 0 0 0 0 1
5 0 0 0 0 0 1
5 0 0 1 1 1 1
5 0 0 1 1 1 1
5 0 0 1 1 1 1
5 0 0 1 1 1 1
#INFO-GEN
Namespace(bayType=1, francisco=True, meanPort=3, seed=2344, stdPort=9.060412580630677, target40=31, targetCapacity=79, targetHC=50, targetIMO=70, targetPorts=11, targetReefer=30, targetRelease=30, targetWeight=84)
