20 18 14 5 40 1 8
#POD
1 2 3 4 5 7 8 9 10 11 12 13 14 15 16 17 19 21 25 26
#LOCATIONS
1
#CONTAINERS_TOLOAD
0 0 0 15661.38 2.59 20 4 0 1 0
0 0 0 20474.88 2.59 20 10 0 1 0
0 0 0 6322.30 2.59 20 1 0 1 0
0 0 0 15551.88 2.59 20 10 0 1 0
0 0 0 15956.43 2.59 20 9 0 1 0
0 0 0 17758.55 2.59 20 13 0 1 0
0 0 0 7401.98 2.59 20 16 1 1 0
0 0 0 24159.73 2.59 20 5 0 1 0
0 0 0 3726.97 2.59 20 25 1 1 0
0 0 0 22609.41 2.59 20 4 0 1 0
0 0 0 5669.30 2.59 20 8 0 1 0
0 0 0 24291.19 2.59 20 7 0 1 0
0 0 0 4061.77 2.59 40 26 0 1 0
0 0 0 24119.88 2.59 40 14 0 1 0
0 0 0 3935.14 2.59 40 11 0 1 0
0 0 0 19343.72 2.59 40 5 0 1 0
0 0 0 9779.42 2.59 20 5 1 1 0
0 0 0 12814.07 2.59 20 4 0 1 0
#CONTAINERS_LOADED
3 1 1 7500.00 2.59 20 5 1 1 0
3 1 -1 7500.00 2.59 20 13 0 1 0
3 2 1 7500.00 2.59 20 7 1 1 0
3 2 -1 7500.00 2.59 20 3 0 1 0
3 3 1 7500.00 2.59 20 8 1 1 0
3 3 -1 7500.00 2.59 20 12 0 1 0
3 4 1 7500.00 2.59 20 17 1 1 0
3 4 -1 7500.00 2.59 20 3 0 1 0
3 5 1 7500.00 2.59 20 19 1 1 0
3 5 -1 7500.00 2.59 20 15 0 1 0
3 6 1 7500.00 2.59 20 2 0 1 0
3 6 -1 7500.00 2.59 20 14 0 1 0
3 7 1 7500.00 2.59 20 21 0 1 0
3 7 -1 7500.00 2.59 20 4 0 1 0
#STACKS
60000.00 10.36 1
75000.00 12.95 1
120000.00 20.72 1
75000.00 12.95 1
60000.00 10.36 1
#CELLS
1 0 0 0 0 0 1
1 0 0 0 0 0 1
1 0 0 0 0 0 1
1 0 0 0 0 0 1
1 0 0 1 1 1 1
1 0 0 1 1 1 1
1 0 0 1 1 1 1
1 0 0 1 1 1 1
2 0 0 0 0 0 1
2 0 0 0 0 0 1
2 0 0 0 0 0 1
2 0 1 1 1 1 1
2 0 1 1 1 1 1
2 0 0 1 1 1 1
2 0 0 1 1 1 1
2 0 0 1 1 1 1
3 0 1 1 1 1 1
3 0 1 1 1 1 1
3 0 1 1 1 1 1
3 0 1 1 1 1 1
3 0 1 1 1 1 1
3 0 0 1 1 1 1
3 0 0 1 1 1 1
3 0 0 1 1 1 1
4 0 0 0 0 0 1
4 0 0 0 0 0 1
4 0 0 0 0 0 1
4 0 1 1 1 1 1
4 0 1 1 1 1 1
4 0 0 1 1 1 1
4 0 0 1 1 1 1
4 0 0 1 1 1 1
5 0 0 0 0 0 1
5 0 0 0 0 0 1
5 0 0 0 0 0 1
5 0 0 0 0 0 1
5 0 0 1 1 1 1
5 0 0 1 1 1 1
5 0 0 1 1 1 1
5 0 0 1 1 1 1
#INFO-GEN
Namespace(bayType=1, francisco=True, meanPort=5, seed=6927, stdPort=13.322726086521277, target40=23, targetCapacity=72, targetHC=0, targetIMO=4, targetPorts=26, targetReefer=87, targetRelease=44, targetWeight=89)
