23 20 14 5 40 1 8
#POD
1 2 3 4 5 6 7 8 9 10 11 12 13 14 15 16 17 18 19 20 21 25 26
#LOCATIONS
1
#CONTAINERS_TOLOAD
0 0 0 12264.01 2.59 20 1 0 1 0
0 0 0 15785.92 2.59 20 10 0 1 0
0 0 0 5430.85 2.59 20 9 0 1 0
0 0 0 12183.89 2.59 20 13 0 1 0
0 0 0 12479.88 2.59 20 16 0 1 0
0 0 0 13798.45 2.59 20 5 0 1 0
0 0 0 6220.82 2.59 20 25 0 1 0
0 0 0 18482.03 2.59 20 4 0 1 0
0 0 0 3531.91 2.59 20 8 1 1 0
0 0 0 17347.70 2.59 20 7 0 1 0
0 0 0 4953.06 2.59 20 26 1 1 0
0 0 0 18578.21 2.59 20 14 0 1 0
0 0 0 3776.87 2.59 20 11 0 1 0
0 0 0 18452.87 2.59 20 5 0 1 0
0 0 0 3684.21 2.59 40 5 0 1 0
0 0 0 14958.28 2.59 40 4 0 1 0
0 0 0 7960.33 2.59 40 5 0 1 0
0 0 0 17188.22 2.59 40 13 0 1 0
0 0 0 4613.14 2.59 20 7 1 1 0
0 0 0 10609.35 2.59 20 3 0 1 0
#CONTAINERS_LOADED
3 1 1 7500.00 2.59 20 8 1 1 0
3 1 -1 7500.00 2.59 20 12 0 1 0
3 2 1 7500.00 2.59 20 17 1 1 0
3 2 -1 7500.00 2.59 20 3 0 1 0
3 3 1 7500.00 2.59 20 19 1 1 0
3 3 -1 7500.00 2.59 20 15 0 1 0
3 4 1 7500.00 2.59 20 2 1 1 0
3 4 -1 7500.00 2.59 20 14 0 1 0
3 5 1 7500.00 2.59 20 21 1 1 0
3 5 -1 7500.00 2.59 20 4 0 1 0
3 6 1 7500.00 2.59 20 4 0 1 0
3 6 -1 7500.00 2.59 20 18 0 1 0
3 7 1 7500.00 2.59 20 20 0 1 0
3 7 -1 7500.00 2.59 20 6 0 1 0
#STACKS
60000.00 10.36 1
75000.00 12.95 1
120000.00 20.72 1
75000.00 12.95 1
60000.00 10.36 1
#CELLS
1 0 0 0 0 0 1
1 0 0 0 0 0 1
1 0 0 0 0 0 1
1 0 0 0 0 0 1
1 0 0 1 1 1 1
1 0 0 1 1 1 1
1 0 0 1 1 1 1
1 0 0 1 1 1 1
2 0 0 0 0 0 1
2 0 0 0 0 0 1
2 0 0 0 0 0 1
2 0 1 1 1 1 1
2 0 1 1 1 1 1
2 0 0 1 1 1 1
2 0 0 1 1 1 1
2 0 0 1 1 1 1
3 0 1 1 1 1 1
3 0 1 1 1 1 1
3 0 1 1 1 1 1
3 0 1 1 1 1 1
3 0 1 1 1 1 1
3 0 0 1 1 1 1
3 0 0 1 1 1 1
3 0 0 1 1 1 1
4 0 0 0 0 0 1
4 0 0 0 0 0 1
4 0 0 0 0 0 1
4 0 1 1 1 1 1
4 0 1 1 1 1 1
4 0 0 1 1 1 1
4 0 0 1 1 1 1
4 0 0 1 1 1 1
5 0 0 0 0 0 1
5 0 0 0 0 0 1
5 0 0 0 0 0 1
5 0 0 0 0 0 1
5 0 0 1 1 1 1
5 0 0 1 1 1 1
5 0 0 1 1 1 1
5 0 0 1 1 1 1
#INFO-GEN
Namespace(bayType=1, francisco=True, meanPort=5, seed=6927, stdPort=13.322726086521277, target40=23, targetCapacity=76, targetHC=20, targetIMO=4, targetPorts=26, targetReefer=87, targetRelease=44, targetWeight=78)
