16 23 18 5 40 1 8
#POD
1 2 3 4 5 6 7 8 9 11 13 16 18 19 24 25
#LOCATIONS
1
#CONTAINERS_TOLOAD
0 0 0 9446.56 2.59 20 16 0 1 0
0 0 0 11897.36 2.59 20 3 0 1 0
0 0 0 4691.56 2.59 20 8 0 1 0
0 0 0 9390.81 2.59 20 9 0 1 0
0 0 0 9596.78 2.59 20 1 0 1 4
0 0 0 10514.34 2.59 20 19 0 1 4
0 0 0 5241.28 2.59 20 13 0 1 0
0 0 0 13773.51 2.59 20 7 0 1 0
0 0 0 3370.14 2.59 20 4 0 1 0
0 0 0 12984.16 2.59 20 1 0 1 0
0 0 0 4359.08 2.59 20 6 0 1 0
0 0 0 13840.44 2.59 20 25 0 1 0
0 0 0 3540.60 2.59 20 24 0 1 0
0 0 0 13753.22 2.59 20 8 0 1 0
0 0 0 3476.13 2.59 20 5 1 1 0
0 0 0 11321.43 2.59 20 11 0 1 0
0 0 0 6451.75 2.90 40 4 0 1 0
0 0 0 12873.18 2.90 40 5 0 1 0
0 0 0 4122.54 2.90 40 4 0 1 0
0 0 0 8978.19 2.59 40 5 0 1 0
0 0 0 9031.68 2.59 20 7 1 1 0
0 0 0 12091.12 2.59 20 16 0 1 0
0 0 0 4135.15 2.90 40 9 0 1 3
#CONTAINERS_LOADED
2 4 1 7500.00 2.59 20 2 1 1 0
2 4 -1 7500.00 2.59 20 9 0 1 0
3 1 1 7500.00 2.59 20 13 1 1 0
3 1 -1 7500.00 2.59 20 11 0 1 0
3 2 1 7500.00 2.59 20 6 1 1 0
3 2 -1 7500.00 2.59 20 2 0 1 0
3 3 1 7500.00 2.59 20 4 1 1 0
3 3 -1 7500.00 2.59 20 4 0 1 0
3 4 1 7500.00 2.59 20 9 1 1 0
3 4 -1 7500.00 2.59 20 13 0 1 0
3 5 1 7500.00 2.59 20 16 1 1 0
3 5 -1 7500.00 2.59 20 7 0 1 0
3 6 1 7500.00 2.59 20 2 0 1 0
3 6 -1 7500.00 2.59 20 7 0 1 0
3 7 1 7500.00 2.59 20 18 0 1 0
3 7 -1 7500.00 2.59 20 2 0 1 0
3 8 1 7500.00 2.59 20 3 0 1 0
3 8 -1 7500.00 2.59 20 11 0 1 0
#STACKS
60000.00 10.36 1
75000.00 12.95 1
120000.00 20.72 1
75000.00 12.95 1
60000.00 10.36 1
#CELLS
1 0 0 0 0 0 1
1 0 0 0 0 0 1
1 0 0 0 0 0 1
1 0 0 0 0 0 1
1 0 0 1 1 1 1
1 0 0 1 1 1 1
1 0 0 1 1 1 1
1 0 0 1 1 1 1
2 0 0 0 0 0 1
2 0 0 0 0 0 1
2 0 0 0 0 0 1
2 0 1 1 1 1 1
2 0 1 1 1 1 1
2 0 0 1 1 1 1
2 0 0 1 1 1 1
2 0 0 1 1 1 1
3 0 1 1 1 1 1
3 0 1 1 1 1 1
3 0 1 1 1 1 1
3 0 1 1 1 1 1
3 0 1 1 1 1 1
3 0 0 1 1 1 1
3 0 0 1 1 1 1
3 0 0 1 1 1 1
4 0 0 0 0 0 1
4 0 0 0 0 0 1
4 0 0 0 0 0 1
4 0 1 1 1 1 1
4 0 1 1 1 1 1
4 0 0 1 1 1 1
4 0 0 1 1 1 1
4 0 0 1 1 1 1
5 0 0 0 0 0 1
5 0 0 0 0 0 1
5 0 0 0 0 0 1
5 0 0 0 0 0 1
5 0 0 1 1 1 1
5 0 0 1 1 1 1
5 0 0 1 1 1 1
5 0 0 1 1 1 1
#INFO-GEN
Namespace(bayType=1, francisco=True, meanPort=5, seed=6927, stdPort=13.322726086521277, target40=23, targetCapacity=91, targetHC=40, targetIMO=4, targetPorts=26, targetReefer=87, targetRelease=44, targetWeight=78)
