22 12 32 5 40 1 8
#POD
2 4 5 6 7 8 10 11 12 13 14 15 16 17 18 19 20 21 22 24 25 26
#LOCATIONS
1
#CONTAINERS_TOLOAD
0 0 0 18075.66 2.59 20 7 0 1 4
0 0 0 4665.29 2.59 20 20 0 1 4
0 0 0 17177.86 2.59 20 16 0 1 0
0 0 0 4846.94 2.59 20 12 0 1 0
0 0 0 11003.28 2.59 20 25 0 1 4
0 0 0 11397.29 2.59 20 11 0 1 4
0 0 0 15637.62 2.59 20 15 0 1 0
0 0 0 6999.72 2.59 20 5 0 1 0
0 0 0 14820.80 2.59 20 14 0 1 0
0 0 0 6086.02 2.59 20 26 0 1 0
0 0 0 15553.55 2.59 20 8 0 1 0
0 0 0 5735.97 2.59 20 19 0 1 0
#CONTAINERS_LOADED
2 4 1 7500.00 2.59 20 2 1 1 0
2 4 -1 7500.00 2.59 20 25 0 1 0
2 5 1 7500.00 2.59 20 10 1 1 0
2 5 -1 7500.00 2.59 20 13 0 1 0
2 6 1 7500.00 2.59 20 24 0 1 0
2 6 -1 7500.00 2.59 20 21 0 1 0
2 7 1 7500.00 2.59 20 26 0 1 0
2 7 -1 7500.00 2.59 20 19 0 1 0
2 8 1 7500.00 2.59 20 22 0 1 0
2 8 -1 7500.00 2.59 20 20 0 1 0
3 1 1 7500.00 2.59 20 20 1 1 1
3 1 -1 7500.00 2.59 20 26 0 1 1
3 2 1 7500.00 2.59 20 13 1 1 1
3 2 -1 7500.00 2.59 20 17 0 1 1
3 3 1 7500.00 2.59 20 19 1 1 4
3 3 -1 7500.00 2.59 20 13 0 1 4
3 4 1 7500.00 2.59 20 13 1 1 1
3 4 -1 7500.00 2.59 20 7 0 1 1
3 5 1 7500.00 2.59 20 17 1 1 4
3 5 -1 7500.00 2.59 20 18 0 1 4
3 6 1 7500.00 2.59 20 12 0 1 1
3 6 -1 7500.00 2.59 20 11 0 1 1
3 7 1 7500.00 2.59 20 24 0 1 1
3 7 -1 7500.00 2.59 20 15 0 1 1
3 8 1 7500.00 2.59 20 19 0 1 4
3 8 -1 7500.00 2.59 20 11 0 1 4
4 4 1 7500.00 2.59 20 4 1 1 0
4 4 -1 7500.00 2.59 20 19 0 1 0
4 5 1 7500.00 2.59 20 20 1 1 0
4 5 -1 7500.00 2.59 20 22 0 1 0
4 6 1 7500.00 2.59 20 6 0 1 0
4 6 -1 7500.00 2.59 20 19 0 1 0
#STACKS
60000.00 10.36 1
75000.00 12.95 1
120000.00 20.72 1
75000.00 12.95 1
60000.00 10.36 1
#CELLS
1 0 0 0 0 0 1
1 0 0 0 0 0 1
1 0 0 0 0 0 1
1 0 0 0 0 0 1
1 0 0 1 1 1 1
1 0 0 1 1 1 1
1 0 0 1 1 1 1
1 0 0 1 1 1 1
2 0 0 0 0 0 1
2 0 0 0 0 0 1
2 0 0 0 0 0 1
2 0 1 1 1 1 1
2 0 1 1 1 1 1
2 0 0 1 1 1 1
2 0 0 1 1 1 1
2 0 0 1 1 1 1
3 0 1 1 1 1 1
3 0 1 1 1 1 1
3 0 1 1 1 1 1
3 0 1 1 1 1 1
3 0 1 1 1 1 1
3 0 0 1 1 1 1
3 0 0 1 1 1 1
3 0 0 1 1 1 1
4 0 0 0 0 0 1
4 0 0 0 0 0 1
4 0 0 0 0 0 1
4 0 1 1 1 1 1
4 0 1 1 1 1 1
4 0 0 1 1 1 1
4 0 0 1 1 1 1
4 0 0 1 1 1 1
5 0 0 0 0 0 1
5 0 0 0 0 0 1
5 0 0 0 0 0 1
5 0 0 0 0 0 1
5 0 0 1 1 1 1
5 0 0 1 1 1 1
5 0 0 1 1 1 1
5 0 0 1 1 1 1
#INFO-GEN
Namespace(bayType=1, francisco=True, meanPort=24, seed=4527, stdPort=13.556894137474838, target40=3, targetCapacity=85, targetHC=10, targetIMO=84, targetPorts=26, targetReefer=21, targetRelease=77, targetWeight=88)
