1 114 0 10 90 1 9
#POD
4 
#LOCATIONS
42 
#CONTAINERS_TOLOAD
0 0 0 20800.00 2.59 20 4 0 42 0
0 0 0 12400.00 2.59 40 4 0 42 0
0 0 0 7500.00 2.59 20 4 0 42 0
0 0 0 22399.00 2.90 40 4 0 42 0
0 0 0 17690.00 2.59 20 4 0 42 0
0 0 0 18399.00 2.59 20 4 0 42 0
0 0 0 12699.00 2.59 40 4 0 42 0
0 0 0 19000.00 2.90 40 4 0 42 0
0 0 0 17120.00 2.90 40 4 0 42 0
0 0 0 20355.00 2.59 20 4 0 42 0
0 0 0 20199.00 2.59 20 4 0 42 0
0 0 0 8000.00 2.59 20 4 0 42 0
0 0 0 29500.00 2.59 20 4 0 42 0
0 0 0 18300.00 2.59 20 4 0 42 0
0 0 0 7200.00 2.59 20 4 0 42 0
0 0 0 8400.00 2.59 20 4 0 42 0
0 0 0 29500.00 2.59 20 4 0 42 0
0 0 0 15000.00 2.59 40 4 0 42 0
0 0 0 13500.00 2.59 20 4 0 42 0
0 0 0 20699.00 2.59 20 4 0 42 0
0 0 0 15000.00 2.90 40 4 0 42 0
0 0 0 14000.00 2.59 40 4 0 42 0
0 0 0 6000.00 2.59 20 4 0 42 0
0 0 0 17199.00 2.90 40 4 0 42 0
0 0 0 15350.00 2.59 20 4 0 42 0
0 0 0 6200.00 2.59 20 4 0 42 0
0 0 0 12199.00 2.59 20 4 0 42 0
0 0 0 26300.00 2.59 20 4 0 42 0
0 0 0 7500.00 2.59 20 4 0 42 0
0 0 0 20980.00 2.59 20 4 0 42 0
0 0 0 20699.00 2.59 20 4 0 42 0
0 0 0 9300.00 2.59 20 4 0 42 0
0 0 0 13000.00 2.90 40 4 0 42 0
0 0 0 20800.00 2.59 20 4 0 42 0
0 0 0 6000.00 2.59 20 4 0 42 0
0 0 0 6000.00 2.59 20 4 0 42 0
0 0 0 14800.00 2.59 20 4 0 42 0
0 0 0 18300.00 2.59 20 4 0 42 0
0 0 0 15400.00 2.59 20 4 0 42 0
0 0 0 14099.00 2.90 40 4 0 42 0
0 0 0 23199.00 2.59 40 4 0 42 0
0 0 0 17560.00 2.90 40 4 0 42 0
0 0 0 29600.00 2.59 20 4 0 42 0
0 0 0 22000.00 2.59 20 4 0 42 0
0 0 0 15199.00 2.59 20 4 0 42 0
0 0 0 14000.00 2.59 40 4 0 42 0
0 0 0 7700.00 2.59 20 4 0 42 0
0 0 0 18300.00 2.59 20 4 0 42 0
0 0 0 10099.00 2.59 20 4 0 42 0
0 0 0 18000.00 2.90 40 4 0 42 0
0 0 0 15599.00 2.59 20 4 0 42 0
0 0 0 23000.00 2.59 40 4 0 42 0
0 0 0 14800.00 2.59 40 4 0 42 0
0 0 0 12650.00 2.59 20 4 0 42 0
0 0 0 18199.00 2.59 20 4 0 42 0
0 0 0 18000.00 2.59 40 4 0 42 0
0 0 0 16199.00 2.90 40 4 0 42 0
0 0 0 5900.00 2.59 20 4 0 42 0
0 0 0 17940.00 2.90 40 4 0 42 0
0 0 0 15000.00 2.90 40 4 0 42 0
0 0 0 16000.00 2.59 40 4 0 42 0
0 0 0 7000.00 2.59 20 4 0 42 0
0 0 0 12800.00 2.90 40 4 0 42 0
0 0 0 15699.00 2.59 20 4 0 42 0
0 0 0 27300.00 2.90 40 4 0 42 0
0 0 0 18199.00 2.59 20 4 0 42 0
0 0 0 20699.00 2.59 20 4 0 42 0
0 0 0 13500.00 2.90 40 4 0 42 0
0 0 0 17500.00 2.90 40 4 0 42 0
0 0 0 6000.00 2.59 20 4 0 42 0
0 0 0 17940.00 2.90 40 4 0 42 0
0 0 0 15599.00 2.90 40 4 0 42 0
0 0 0 23699.00 2.59 20 4 0 42 0
0 0 0 14900.00 2.59 20 4 0 42 0
0 0 0 14500.00 2.59 40 4 0 42 0
0 0 0 11500.00 2.59 20 4 0 42 0
0 0 0 12199.00 2.59 20 4 0 42 0
0 0 0 18000.00 2.90 40 4 0 42 0
0 0 0 12000.00 2.59 20 4 0 42 0
0 0 0 15500.00 2.59 20 4 0 42 0
0 0 0 13000.00 2.59 40 4 0 42 0
0 0 0 22000.00 2.90 40 4 0 42 0
0 0 0 18360.00 2.59 20 4 0 42 0
0 0 0 27199.00 2.59 40 4 0 42 0
0 0 0 18000.00 2.59 40 4 0 42 0
0 0 0 13599.00 2.90 40 4 0 42 0
0 0 0 15599.00 2.59 20 4 0 42 0
0 0 0 20199.00 2.59 20 4 0 42 0
0 0 0 27140.00 2.59 40 4 0 42 0
0 0 0 21600.00 2.59 20 4 0 42 0
0 0 0 20800.00 2.59 20 4 0 42 0
0 0 0 24320.00 2.59 40 4 0 42 0
0 0 0 25260.00 2.59 40 4 0 42 0
0 0 0 11500.00 2.59 40 4 0 42 0
0 0 0 15000.00 2.90 40 4 0 42 0
0 0 0 13599.00 2.90 40 4 0 42 0
0 0 0 20355.00 2.59 20 4 0 42 0
0 0 0 19600.00 2.90 40 4 0 42 0
0 0 0 8000.00 2.59 20 4 0 42 0
0 0 0 18199.00 2.59 20 4 0 42 0
0 0 0 13000.00 2.59 40 4 0 42 0
0 0 0 20199.00 2.59 20 4 0 42 0
0 0 0 25280.00 2.59 20 4 0 42 0
0 0 0 28000.00 2.59 40 4 0 42 0
0 0 0 20199.00 2.59 20 4 0 42 0
0 0 0 7099.00 2.59 20 4 0 42 0
0 0 0 20699.00 2.59 20 4 0 42 0
0 0 0 12000.00 2.59 40 4 0 42 0
0 0 0 10742.00 2.59 20 4 0 42 0
0 0 0 19000.00 2.90 40 4 0 42 0
0 0 0 7299.00 2.59 20 4 0 42 0
0 0 0 17600.00 2.90 40 4 0 42 0
0 0 0 17000.00 2.90 40 4 0 42 0
0 0 0 9000.00 2.59 20 4 0 42 0
#CONTAINERS_LOADED 
#STACKS
384000.000000 21.590000 42
432000.000000 24.180000 42
432000.000000 24.180000 42
432000.000000 24.180000 42
432000.000000 24.180000 42
432000.000000 24.180000 42
432000.000000 24.180000 42
432000.000000 24.180000 42
432000.000000 24.180000 42
384000.000000 21.590000 42
#CELLS
1 0 0 0 0 0 0
1 0 0 1 1 1 42
1 0 0 1 1 1 42
1 0 0 1 1 1 42
1 0 0 1 1 1 42
1 0 0 1 1 1 42
1 0 0 1 1 1 42
1 0 0 1 1 1 42
1 0 0 1 1 1 42
2 0 0 1 1 1 42
2 0 0 1 1 1 42
2 0 0 1 1 1 42
2 0 0 1 1 1 42
2 0 0 1 1 1 42
2 0 0 1 1 1 42
2 0 0 1 1 1 42
2 0 0 1 1 1 42
2 0 0 1 1 1 42
3 0 0 1 1 1 42
3 0 0 1 1 1 42
3 0 0 1 1 1 42
3 0 0 1 1 1 42
3 0 0 1 1 1 42
3 0 0 1 1 1 42
3 0 0 1 1 1 42
3 0 0 1 1 1 42
3 0 0 1 1 1 42
4 0 0 1 1 1 42
4 0 0 1 1 1 42
4 0 0 1 1 1 42
4 0 0 1 1 1 42
4 0 0 1 1 1 42
4 0 0 1 1 1 42
4 0 0 1 1 1 42
4 0 0 1 1 1 42
4 0 0 1 1 1 42
5 0 0 1 1 1 42
5 0 0 1 1 1 42
5 0 0 1 1 1 42
5 0 0 1 1 1 42
5 0 0 1 1 1 42
5 0 0 1 1 1 42
5 0 0 1 1 1 42
5 0 0 1 1 1 42
5 0 0 1 1 1 42
6 0 0 1 1 1 42
6 0 0 1 1 1 42
6 0 0 1 1 1 42
6 0 0 1 1 1 42
6 0 0 1 1 1 42
6 0 0 1 1 1 42
6 0 0 1 1 1 42
6 0 0 1 1 1 42
6 0 0 1 1 1 42
7 0 0 1 1 1 42
7 0 0 1 1 1 42
7 0 0 1 1 1 42
7 0 0 1 1 1 42
7 0 0 1 1 1 42
7 0 0 1 1 1 42
7 0 0 1 1 1 42
7 0 0 1 1 1 42
7 0 0 1 1 1 42
8 0 0 1 1 1 42
8 0 0 1 1 1 42
8 0 0 1 1 1 42
8 0 0 1 1 1 42
8 0 0 1 1 1 42
8 0 0 1 1 1 42
8 0 0 1 1 1 42
8 0 0 1 1 1 42
8 0 0 1 1 1 42
9 0 0 1 1 1 42
9 0 0 1 1 1 42
9 0 0 1 1 1 42
9 0 0 1 1 1 42
9 0 0 1 1 1 42
9 0 0 1 1 1 42
9 0 0 1 1 1 42
9 0 0 1 1 1 42
9 0 0 1 1 1 42
10 0 0 0 0 0 0
10 0 0 1 1 1 42
10 0 0 1 1 1 42
10 0 0 1 1 1 42
10 0 0 1 1 1 42
10 0 0 1 1 1 42
10 0 0 1 1 1 42
10 0 0 1 1 1 42
10 0 0 1 1 1 42
#SOLUTION-AFT
 63  94  22  0  4  56  0  0  0  0 
 37  108  46  2  65  85  33  24  0  48 
 74  58  113  7  47  52  68  69  0  83 
 25  23  9  101  99  41  96  42  40  6 
 87  26  62  81  114  92  86  112  21  11 
 64  1  111  8  32  93  75  71  60  105 
 100  91  103  110  109  89  53  59  95  97 
 66  90  13  98  79  84  18  50  72  31 
 0  44  17  82  54  104  61  78  57  0 
#SOLUTION-FWD
 63  94  22  0  4  56  0  0  0  0 
 19  108  46  2  65  85  33  24  0  38 
 45  35  113  7  29  52  68  69  0  14 
 39  36  9  101  12  41  96  42  40  102 
 80  70  106  81  16  92  86  112  21  88 
 51  20  15  8  49  93  75  71  60  10 
 5  34  3  110  76  89  53  59  95  107 
 55  30  28  98  77  84  18  50  72  67 
 0  73  43  82  27  104  61  78  57  0 
#INFO
cap20: 66  cap40: 48  reefer: 0  HC: 27  capacity: 92.045455 TEU: 176