1 20 0 5 45 1 9
#POD
5 
#LOCATIONS
3 
#CONTAINERS_TOLOAD
0 0 0 27800.00 2.59 20 5 0 3 0
0 0 0 27600.00 2.59 20 5 0 3 0
0 0 0 27767.00 2.59 20 5 0 3 0
0 0 0 27687.00 2.59 20 5 0 3 0
0 0 0 27667.00 2.59 20 5 0 3 0
0 0 0 27730.00 2.59 20 5 0 3 0
0 0 0 27697.00 2.59 20 5 0 3 0
0 0 0 27807.00 2.59 20 5 0 3 0
0 0 0 27680.00 2.59 20 5 0 3 0
0 0 0 27667.00 2.59 20 5 0 3 0
0 0 0 27700.00 2.59 20 5 0 3 0
0 0 0 27737.00 2.59 20 5 0 3 0
0 0 0 27807.00 2.59 20 5 0 3 0
0 0 0 27700.00 2.59 20 5 0 3 0
0 0 0 27707.00 2.59 20 5 0 3 0
0 0 0 27757.00 2.59 20 5 0 3 0
0 0 0 27757.00 2.59 20 5 0 3 0
0 0 0 27700.00 2.59 20 5 0 3 0
0 0 0 27700.00 2.59 20 5 0 3 0
0 0 0 27607.00 2.59 20 5 0 3 0
#CONTAINERS_LOADED 
#STACKS
108000.000000 2.900000 3
162000.000000 5.840000 3
270000.000000 14.600000 3
162000.000000 5.840000 3
108000.000000 2.900000 3
#CELLS
1 0 0 0 0 0 0
1 0 0 0 0 0 0
1 0 0 0 0 0 0
1 0 0 0 0 0 0
1 0 0 0 0 0 0
1 0 0 0 0 0 0
1 0 0 0 0 0 0
1 0 0 1 1 1 3
1 0 0 0 0 0 0
2 0 0 0 0 0 0
2 0 0 0 0 0 0
2 0 0 0 0 0 0
2 0 0 0 0 0 0
2 0 0 0 0 0 0
2 0 0 0 0 0 0
2 0 0 1 1 1 3
2 0 0 1 1 1 3
2 0 0 0 0 0 0
3 0 0 0 0 0 0
3 0 0 0 0 0 0
3 0 0 0 0 0 0
3 0 0 1 1 1 3
3 0 0 1 1 1 3
3 0 0 1 1 1 3
3 0 0 1 1 1 3
3 0 0 1 1 1 3
3 0 0 0 0 0 0
4 0 0 0 0 0 0
4 0 0 0 0 0 0
4 0 0 0 0 0 0
4 0 0 0 0 0 0
4 0 0 0 0 0 0
4 0 0 0 0 0 0
4 0 0 1 1 1 3
4 0 0 1 1 1 3
4 0 0 0 0 0 0
5 0 0 0 0 0 0
5 0 0 0 0 0 0
5 0 0 0 0 0 0
5 0 0 0 0 0 0
5 0 0 0 0 0 0
5 0 0 0 0 0 0
5 0 0 0 0 0 0
5 0 0 1 1 1 3
5 0 0 0 0 0 0
#SOLUTION-AFT
 0  0  0  0  0 
 2  9  0  18  5 
 0  14  19  13  0 
 0  0  6  0  0 
 0  0  16  0  0 
 0  0  1  0  0 
 0  0  0  0  0 
 0  0  0  0  0 
 0  0  0  0  0 
#SOLUTION-FWD
 0  0  0  0  0 
 20  4  0  11  10 
 0  7  15  8  0 
 0  0  12  0  0 
 0  0  17  0  0 
 0  0  3  0  0 
 0  0  0  0  0 
 0  0  0  0  0 
 0  0  0  0  0 
#INFO
cap20: 20  cap40: 0  reefer: 0  HC: 0  capacity: 90.909091 TEU: 22