1 41 0 5 45 1 9
#POD
7 
#LOCATIONS
14 
#CONTAINERS_TOLOAD
0 0 0 3700.00 2.59 40 7 0 14 0
0 0 0 3700.00 2.59 40 7 0 14 0
0 0 0 3700.00 2.59 40 7 0 14 0
0 0 0 3700.00 2.59 40 7 0 14 0
0 0 0 3700.00 2.59 40 7 0 14 0
0 0 0 25670.00 2.59 40 7 0 14 0
0 0 0 3700.00 2.59 40 7 0 14 0
0 0 0 3700.00 2.59 40 7 0 14 0
0 0 0 3700.00 2.59 40 7 0 14 0
0 0 0 3700.00 2.59 40 7 0 14 0
0 0 0 25750.00 2.59 40 7 0 14 0
0 0 0 3700.00 2.59 40 7 0 14 0
0 0 0 3700.00 2.59 40 7 0 14 0
0 0 0 3700.00 2.59 40 7 0 14 0
0 0 0 3700.00 2.59 40 7 0 14 0
0 0 0 3700.00 2.59 40 7 0 14 0
0 0 0 3700.00 2.59 40 7 0 14 0
0 0 0 3700.00 2.59 40 7 0 14 0
0 0 0 3700.00 2.59 40 7 0 14 0
0 0 0 3700.00 2.59 40 7 0 14 0
0 0 0 3700.00 2.59 40 7 0 14 0
0 0 0 3700.00 2.59 40 7 0 14 0
0 0 0 3700.00 2.59 40 7 0 14 0
0 0 0 3700.00 2.59 40 7 0 14 0
0 0 0 3700.00 2.59 40 7 0 14 0
0 0 0 3700.00 2.59 40 7 0 14 0
0 0 0 3700.00 2.59 40 7 0 14 0
0 0 0 3700.00 2.59 40 7 0 14 0
0 0 0 3700.00 2.59 40 7 0 14 0
0 0 0 3700.00 2.59 40 7 0 14 0
0 0 0 3700.00 2.59 40 7 0 14 0
0 0 0 3700.00 2.59 40 7 0 14 0
0 0 0 3700.00 2.59 40 7 0 14 0
0 0 0 3700.00 2.59 40 7 0 14 0
0 0 0 3700.00 2.59 40 7 0 14 0
0 0 0 25800.00 2.59 40 7 0 14 0
0 0 0 25720.00 2.59 40 7 0 14 0
0 0 0 25800.00 2.59 40 7 0 14 0
0 0 0 25750.00 2.59 40 7 0 14 0
0 0 0 25750.00 2.59 40 7 0 14 0
0 0 0 25670.00 2.59 40 7 0 14 0
#CONTAINERS_LOADED 
#STACKS
270000.000000 20.450000 14
270000.000000 23.450000 14
270000.000000 23.450000 14
270000.000000 23.450000 14
270000.000000 20.450000 14
#CELLS
1 0 0 0 0 0 0
1 0 0 1 1 1 14
1 0 0 1 1 1 14
1 0 0 1 1 1 14
1 0 0 1 1 1 14
1 0 0 1 1 1 14
1 0 0 1 1 1 14
1 0 0 1 1 1 14
1 0 0 0 0 0 0
2 0 0 1 1 1 14
2 0 0 1 1 1 14
2 0 0 1 1 1 14
2 0 0 1 1 1 14
2 0 0 1 1 1 14
2 0 0 1 1 1 14
2 0 0 1 1 1 14
2 0 0 1 1 1 14
2 0 0 1 1 1 14
3 0 0 1 1 1 14
3 0 0 1 1 1 14
3 0 0 1 1 1 14
3 0 0 1 1 1 14
3 0 0 1 1 1 14
3 0 0 1 1 1 14
3 0 0 1 1 1 14
3 0 0 1 1 1 14
3 0 0 1 1 1 14
4 0 0 1 1 1 14
4 0 0 1 1 1 14
4 0 0 1 1 1 14
4 0 0 1 1 1 14
4 0 0 1 1 1 14
4 0 0 1 1 1 14
4 0 0 1 1 1 14
4 0 0 1 1 1 14
4 0 0 1 1 1 14
5 0 0 0 0 0 0
5 0 0 1 1 1 14
5 0 0 1 1 1 14
5 0 0 1 1 1 14
5 0 0 1 1 1 14
5 0 0 1 1 1 14
5 0 0 1 1 1 14
5 0 0 1 1 1 14
5 0 0 0 0 0 0
#SOLUTION-AFT
 0  5  34  16  0 
 15  32  19  31  17 
 23  27  2  8  21 
 35  33  18  26  22 
 4  30  14  3  41 
 28  24  7  20  37 
 29  13  9  25  11 
 6  12  36  10  39 
 0  1  38  40  0 
#SOLUTION-FWD
 0  5  34  16  0 
 15  32  19  31  17 
 23  27  2  8  21 
 35  33  18  26  22 
 4  30  14  3  41 
 28  24  7  20  37 
 29  13  9  25  11 
 6  12  36  10  39 
 0  1  38  40  0 
#INFO
cap20: 0  cap40: 41  reefer: 0  HC: 0  capacity: 100.000000 TEU: 82