2 34 0 8 64 1 8
#POD
4 7 
#LOCATIONS
46 
#CONTAINERS_TOLOAD
0 0 0 8300.00 2.59 40 4 0 46 0
0 0 0 13860.00 2.90 40 7 0 46 0
0 0 0 10680.00 2.59 40 4 0 46 0
0 0 0 21500.00 2.59 40 7 0 46 0
0 0 0 7560.00 2.59 40 4 0 46 0
0 0 0 7520.00 2.59 40 4 0 46 0
0 0 0 9210.00 2.59 40 4 0 46 0
0 0 0 10200.00 2.59 40 4 0 46 0
0 0 0 7600.00 2.59 40 4 0 46 0
0 0 0 9440.00 2.59 40 4 0 46 0
0 0 0 10080.00 2.59 40 4 0 46 0
0 0 0 9050.00 2.59 40 4 0 46 0
0 0 0 9200.00 2.59 40 4 0 46 0
0 0 0 9560.00 2.90 40 7 0 46 0
0 0 0 5111.00 2.59 40 4 0 46 0
0 0 0 7820.00 2.59 40 4 0 46 0
0 0 0 9570.00 2.59 40 4 0 46 0
0 0 0 9120.00 2.59 40 4 0 46 0
0 0 0 7600.00 2.59 40 4 0 46 0
0 0 0 10270.00 2.59 40 4 0 46 0
0 0 0 9740.00 2.59 40 4 0 46 0
0 0 0 7270.00 2.59 40 4 0 46 0
0 0 0 21500.00 2.59 40 7 0 46 0
0 0 0 7620.00 2.59 40 4 0 46 0
0 0 0 9140.00 2.59 40 4 0 46 0
0 0 0 7100.00 2.59 40 4 0 46 0
0 0 0 8530.00 2.59 40 4 0 46 0
0 0 0 9060.00 2.59 40 4 0 46 0
0 0 0 7500.00 2.59 40 4 0 46 0
0 0 0 9300.00 2.90 40 7 0 46 0
0 0 0 10000.00 2.59 40 4 0 46 0
0 0 0 9820.00 2.59 40 4 0 46 0
0 0 0 8180.00 2.59 40 4 0 46 0
0 0 0 7520.00 2.59 40 4 0 46 0
#CONTAINERS_LOADED 
#STACKS
252800.000000 18.500000 46
249600.000000 21.100000 46
249600.000000 21.100000 46
249600.000000 21.100000 46
249600.000000 21.100000 46
249600.000000 21.100000 46
249600.000000 21.100000 46
252800.000000 18.500000 46
#CELLS
1 0 0 0 0 0 0
1 0 0 1 1 1 46
1 0 0 1 1 1 46
1 0 0 1 1 1 46
1 0 0 1 1 1 46
1 0 0 1 1 1 46
1 0 0 1 1 1 46
1 0 0 0 0 1 46
2 0 0 1 1 1 46
2 0 0 1 1 1 46
2 0 0 1 1 1 46
2 0 0 1 1 1 46
2 0 0 1 1 1 46
2 0 0 1 1 1 46
2 0 0 1 1 1 46
2 0 0 0 0 1 46
3 0 0 1 1 1 46
3 0 0 1 1 1 46
3 0 0 1 1 1 46
3 0 0 1 1 1 46
3 0 0 1 1 1 46
3 0 0 1 1 1 46
3 0 0 1 1 1 46
3 0 0 0 0 1 46
4 0 0 1 1 1 46
4 0 0 1 1 1 46
4 0 0 1 1 1 46
4 0 0 1 1 1 46
4 0 0 1 1 1 46
4 0 0 1 1 1 46
4 0 0 1 1 1 46
4 0 0 0 0 1 46
5 0 0 1 1 1 46
5 0 0 1 1 1 46
5 0 0 1 1 1 46
5 0 0 1 1 1 46
5 0 0 1 1 1 46
5 0 0 1 1 1 46
5 0 0 1 1 1 46
5 0 0 0 0 1 46
6 0 0 1 1 1 46
6 0 0 1 1 1 46
6 0 0 1 1 1 46
6 0 0 1 1 1 46
6 0 0 1 1 1 46
6 0 0 1 1 1 46
6 0 0 1 1 1 46
6 0 0 0 0 1 46
7 0 0 1 1 1 46
7 0 0 1 1 1 46
7 0 0 1 1 1 46
7 0 0 1 1 1 46
7 0 0 1 1 1 46
7 0 0 1 1 1 46
7 0 0 1 1 1 46
7 0 0 0 0 1 46
8 0 0 0 0 0 0
8 0 0 1 1 1 46
8 0 0 1 1 1 46
8 0 0 1 1 1 46
8 0 0 1 1 1 46
8 0 0 1 1 1 46
8 0 0 1 1 1 46
8 0 0 0 0 1 46
#SOLUTION-AFT
 15  9  28  0  0  0  0  0 
 26  19  18  0  0  0  0  0 
 22  24  25  32  0  0  0  30 
 29  16  13  31  0  0  0  14 
 34  33  7  11  0  0  0  2 
 6  1  10  8  0  0  0  23 
 5  27  17  20  0  0  0  4 
 0  12  21  3  0  0  0  0 
#SOLUTION-FWD
 15  9  28  0  0  0  0  0 
 26  19  18  0  0  0  0  0 
 22  24  25  32  0  0  0  30 
 29  16  13  31  0  0  0  14 
 34  33  7  11  0  0  0  2 
 6  1  10  8  0  0  0  23 
 5  27  17  20  0  0  0  4 
 0  12  21  3  0  0  0  0 
#INFO
cap20: 0  cap40: 34  reefer: 0  HC: 3  capacity: 54.838710 TEU: 124