1 45 0 4 36 1 9
#POD
7 
#LOCATIONS
44 
#CONTAINERS_TOLOAD
0 0 0 18500.00 2.59 40 7 0 44 0
0 0 0 16699.00 2.59 40 7 0 44 0
0 0 0 9367.00 2.59 20 7 0 44 0
0 0 0 10199.00 2.59 20 7 0 44 0
0 0 0 21600.00 2.59 40 7 0 44 0
0 0 0 22399.00 2.59 40 7 0 44 0
0 0 0 9367.00 2.59 20 7 0 44 0
0 0 0 16899.00 2.59 40 7 0 44 0
0 0 0 19300.00 2.59 40 7 0 44 0
0 0 0 9367.00 2.59 20 7 0 44 0
0 0 0 17699.00 2.59 40 7 0 44 0
0 0 0 16699.00 2.59 40 7 0 44 0
0 0 0 9367.00 2.59 20 7 0 44 0
0 0 0 10500.00 2.59 20 7 0 44 0
0 0 0 9367.00 2.59 20 7 0 44 0
0 0 0 9367.00 2.59 20 7 0 44 0
0 0 0 9699.00 2.59 20 7 0 44 0
0 0 0 11199.00 2.59 20 7 0 44 0
0 0 0 17500.00 2.59 40 7 0 44 0
0 0 0 10000.00 2.59 20 7 0 44 0
0 0 0 22600.00 2.59 40 7 0 44 0
0 0 0 17699.00 2.59 40 7 0 44 0
0 0 0 21399.00 2.59 40 7 0 44 0
0 0 0 22199.00 2.59 40 7 0 44 0
0 0 0 22324.00 2.59 40 7 0 44 0
0 0 0 10199.00 2.59 20 7 0 44 0
0 0 0 9367.00 2.59 20 7 0 44 0
0 0 0 9367.00 2.59 20 7 0 44 0
0 0 0 9367.00 2.59 20 7 0 44 0
0 0 0 16800.00 2.59 40 7 0 44 0
0 0 0 9367.00 2.59 20 7 0 44 0
0 0 0 18699.00 2.59 40 7 0 44 0
0 0 0 22244.00 2.59 40 7 0 44 0
0 0 0 17300.00 2.59 40 7 0 44 0
0 0 0 18699.00 2.59 40 7 0 44 0
0 0 0 9367.00 2.59 20 7 0 44 0
0 0 0 23100.00 2.59 40 7 0 44 0
0 0 0 16699.00 2.59 40 7 0 44 0
0 0 0 23100.00 2.59 40 7 0 44 0
0 0 0 19000.00 2.59 40 7 0 44 0
0 0 0 9367.00 2.59 20 7 0 44 0
0 0 0 20100.00 2.59 40 7 0 44 0
0 0 0 23100.00 2.59 40 7 0 44 0
0 0 0 22699.00 2.59 40 7 0 44 0
0 0 0 23399.00 2.59 40 7 0 44 0
#CONTAINERS_LOADED 
#STACKS
270000.000000 23.490000 44
270000.000000 23.490000 44
270000.000000 23.490000 44
270000.000000 23.490000 44
#CELLS
1 0 0 1 1 1 44
1 0 0 1 1 1 44
1 0 0 1 1 1 44
1 0 0 1 1 1 44
1 0 0 1 1 1 44
1 0 0 1 1 1 44
1 0 0 1 1 1 44
1 0 0 1 1 1 44
1 0 0 0 0 1 44
2 0 0 1 1 1 44
2 0 0 1 1 1 44
2 0 0 1 1 1 44
2 0 0 1 1 1 44
2 0 0 1 1 1 44
2 0 0 1 1 1 44
2 0 0 1 1 1 44
2 0 0 1 1 1 44
2 0 0 0 0 1 44
3 0 0 1 1 1 44
3 0 0 1 1 1 44
3 0 0 1 1 1 44
3 0 0 1 1 1 44
3 0 0 1 1 1 44
3 0 0 1 1 1 44
3 0 0 1 1 1 44
3 0 0 1 1 1 44
3 0 0 0 0 1 44
4 0 0 1 1 1 44
4 0 0 1 1 1 44
4 0 0 1 1 1 44
4 0 0 1 1 1 44
4 0 0 1 1 1 44
4 0 0 1 1 1 44
4 0 0 1 1 1 44
4 0 0 1 1 1 44
4 0 0 0 0 1 44
#SOLUTION-AFT
 2  35  33  38 
 12  40  25  30 
 7  9  6  8 
 36  42  21  34 
 3  23  44  19 
 16  5  39  22 
 13  24  37  11 
 15  4  43  1 
 17  14  45  32 
#SOLUTION-FWD
 2  35  33  38 
 12  40  25  30 
 41  9  6  8 
 28  42  21  34 
 27  23  44  19 
 31  5  39  22 
 10  24  37  11 
 29  26  43  1 
 20  18  45  32 
#INFO
cap20: 18  cap40: 27  reefer: 0  HC: 0  capacity: 100.000000 TEU: 72