2 5 0 5 65 1 13
#POD
3 6 
#LOCATIONS
29 
#CONTAINERS_TOLOAD
0 0 0 18900.00 2.90 40 6 0 29 0
0 0 0 18930.00 2.90 40 6 0 29 0
0 0 0 28550.00 2.90 40 6 1 29 0
0 0 0 28340.00 2.90 40 3 1 29 0
0 0 0 16400.00 2.90 40 3 1 29 0
#CONTAINERS_LOADED 
#STACKS
178000.000000 34.110000 29
178000.000000 34.110000 29
178000.000000 34.110000 29
178000.000000 34.110000 29
178000.000000 34.110000 29
#CELLS
1 0 0 1 1 1 29
1 0 1 1 1 1 29
1 0 1 1 1 1 29
1 0 1 1 1 1 29
1 0 1 1 1 1 29
1 1 0 0 0 1 29
1 1 0 0 0 1 29
1 0 0 0 0 1 29
1 0 0 0 0 1 29
1 1 0 0 0 1 29
1 1 0 0 0 1 29
1 0 0 0 0 1 29
1 0 0 0 0 1 29
2 0 0 1 1 1 29
2 0 1 1 1 1 29
2 0 1 1 1 1 29
2 0 1 1 1 1 29
2 0 1 1 1 1 29
2 1 0 0 0 1 29
2 1 0 0 0 1 29
2 0 0 0 0 1 29
2 0 0 0 0 1 29
2 1 0 0 0 1 29
2 1 0 0 0 1 29
2 0 0 0 0 1 29
2 0 0 0 0 1 29
3 0 0 1 1 1 29
3 0 1 1 1 1 29
3 0 1 1 1 1 29
3 0 1 1 1 1 29
3 0 1 1 1 1 29
3 1 0 0 0 1 29
3 1 0 0 0 1 29
3 0 0 0 0 1 29
3 0 0 0 0 1 29
3 1 0 0 0 1 29
3 1 0 0 0 1 29
3 0 0 0 0 1 29
3 0 0 0 0 1 29
4 0 0 1 1 1 29
4 0 1 1 1 1 29
4 0 1 1 1 1 29
4 0 1 1 1 1 29
4 0 1 1 1 1 29
4 1 0 0 0 1 29
4 1 0 0 0 1 29
4 0 0 0 0 1 29
4 0 0 0 0 1 29
4 1 0 0 0 1 29
4 1 0 0 0 1 29
4 0 0 0 0 1 29
4 0 0 0 0 1 29
5 0 0 1 1 1 29
5 0 1 1 1 1 29
5 0 1 1 1 1 29
5 0 1 1 1 1 29
5 0 1 1 1 1 29
5 1 0 0 0 1 29
5 1 0 0 0 1 29
5 0 0 0 0 1 29
5 0 0 0 0 1 29
5 1 0 0 0 1 29
5 1 0 0 0 1 29
5 0 0 0 0 1 29
5 0 0 0 0 1 29
#SOLUTION-AFT
 0  0  0  0  0 
 0  0  0  0  0 
 0  0  0  0  0 
 0  0  0  0  0 
 0  0  0  0  0 
 0  0  0  0  0 
 0  0  0  0  0 
 0  0  0  0  0 
 0  0  5  0  0 
 0  0  4  0  0 
 0  0  1  0  0 
 0  0  3  0  0 
 0  0  2  0  0 
#SOLUTION-FWD
 0  0  0  0  0 
 0  0  0  0  0 
 0  0  0  0  0 
 0  0  0  0  0 
 0  0  0  0  0 
 0  0  0  0  0 
 0  0  0  0  0 
 0  0  0  0  0 
 0  0  5  0  0 
 0  0  4  0  0 
 0  0  1  0  0 
 0  0  3  0  0 
 0  0  2  0  0 
#INFO
cap20: 0  cap40: 5  reefer: 3  HC: 5  capacity: 7.692308 TEU: 130