1 8 0 10 90 1 9
#POD
7 
#LOCATIONS
51 
#CONTAINERS_TOLOAD
0 0 0 19275.00 2.90 40 7 1 51 0
0 0 0 19850.00 2.90 40 7 1 51 0
0 0 0 13160.00 2.59 40 7 0 51 0
0 0 0 11700.00 2.59 40 7 0 51 0
0 0 0 13150.00 2.59 40 7 0 51 0
0 0 0 11800.00 2.59 40 7 0 51 0
0 0 0 19400.00 2.90 40 7 1 51 0
0 0 0 11480.00 2.59 40 7 0 51 0
#CONTAINERS_LOADED 
#STACKS
270000.000000 20.450000 51
270000.000000 23.450000 51
270000.000000 23.450000 51
270000.000000 23.450000 51
270000.000000 23.450000 51
270000.000000 23.450000 51
270000.000000 23.450000 51
270000.000000 23.450000 51
270000.000000 23.450000 51
270000.000000 20.450000 51
#CELLS
1 0 0 0 0 0 0
1 0 0 0 0 1 51
1 0 1 0 0 1 51
1 0 1 0 0 1 51
1 0 1 0 0 1 51
1 0 0 0 0 1 51
1 0 0 0 0 1 51
1 0 0 0 0 1 51
1 0 0 0 0 0 0
2 0 1 0 0 1 51
2 0 1 0 0 1 51
2 0 1 0 0 1 51
2 0 1 0 0 1 51
2 0 1 0 0 1 51
2 0 1 0 0 1 51
2 0 0 0 0 1 51
2 0 0 0 0 1 51
2 0 0 0 0 1 51
3 0 1 0 0 1 51
3 0 1 0 0 1 51
3 0 1 0 0 1 51
3 0 1 0 0 1 51
3 0 1 0 0 1 51
3 0 1 0 0 1 51
3 0 0 0 0 1 51
3 0 0 0 0 1 51
3 0 0 0 0 1 51
4 0 1 0 0 1 51
4 0 1 0 0 1 51
4 0 1 0 0 1 51
4 0 1 0 0 1 51
4 0 1 0 0 1 51
4 0 1 0 0 1 51
4 0 0 0 0 1 51
4 0 0 0 0 1 51
4 0 0 0 0 1 51
5 0 1 0 0 1 51
5 0 1 0 0 1 51
5 0 1 0 0 1 51
5 0 1 0 0 1 51
5 0 1 0 0 1 51
5 0 1 0 0 1 51
5 0 0 0 0 1 51
5 0 0 0 0 1 51
5 0 0 0 0 1 51
6 0 1 0 0 1 51
6 0 1 0 0 1 51
6 0 1 0 0 1 51
6 0 1 0 0 1 51
6 0 1 0 0 1 51
6 0 1 0 0 1 51
6 0 0 0 0 1 51
6 0 0 0 0 1 51
6 0 0 0 0 1 51
7 0 1 0 0 1 51
7 0 1 0 0 1 51
7 0 1 0 0 1 51
7 0 1 0 0 1 51
7 0 1 0 0 1 51
7 0 1 0 0 1 51
7 0 0 0 0 1 51
7 0 0 0 0 1 51
7 0 0 0 0 1 51
8 0 1 0 0 1 51
8 0 1 0 0 1 51
8 0 1 0 0 1 51
8 0 1 0 0 1 51
8 0 1 0 0 1 51
8 0 1 0 0 1 51
8 0 0 0 0 1 51
8 0 0 0 0 1 51
8 0 0 0 0 1 51
9 0 1 0 0 1 51
9 0 1 0 0 1 51
9 0 1 0 0 1 51
9 0 1 0 0 1 51
9 0 1 0 0 1 51
9 0 1 0 0 1 51
9 0 0 0 0 1 51
9 0 0 0 0 1 51
9 0 0 0 0 1 51
10 0 0 0 0 0 0
10 0 0 0 0 1 51
10 0 1 0 0 1 51
10 0 1 0 0 1 51
10 0 1 0 0 1 51
10 0 0 0 0 1 51
10 0 0 0 0 1 51
10 0 0 0 0 1 51
10 0 0 0 0 0 0
#SOLUTION-AFT
 0  0  0  0  0  0  0  0  0  0 
 0  0  0  0  8  0  0  0  0  0 
 0  0  0  0  4  0  0  0  0  0 
 0  0  0  0  6  0  0  0  0  0 
 0  0  0  0  5  0  0  0  0  0 
 0  0  0  0  3  0  0  0  0  0 
 0  0  0  0  1  0  0  0  0  0 
 0  0  0  0  7  0  0  0  0  0 
 0  0  0  0  2  0  0  0  0  0 
#SOLUTION-FWD
 0  0  0  0  0  0  0  0  0  0 
 0  0  0  0  8  0  0  0  0  0 
 0  0  0  0  4  0  0  0  0  0 
 0  0  0  0  6  0  0  0  0  0 
 0  0  0  0  5  0  0  0  0  0 
 0  0  0  0  3  0  0  0  0  0 
 0  0  0  0  1  0  0  0  0  0 
 0  0  0  0  7  0  0  0  0  0 
 0  0  0  0  2  0  0  0  0  0 
#INFO
cap20: 0  cap40: 8  reefer: 3  HC: 3  capacity: 9.302326 TEU: 172