1 26 0 3 21 1 7
#POD
3 
#LOCATIONS
29 
#CONTAINERS_TOLOAD
0 0 0 23100.00 2.90 40 3 0 29 0
0 0 0 13900.00 2.59 40 3 0 29 0
0 0 0 19004.00 2.90 40 3 0 29 0
0 0 0 9400.00 2.59 20 3 0 29 0
0 0 0 9000.00 2.59 20 3 0 29 0
0 0 0 9300.00 2.59 20 3 0 29 0
0 0 0 10599.00 2.59 20 3 0 29 0
0 0 0 17500.00 2.90 40 3 0 29 0
0 0 0 14300.00 2.59 40 3 0 29 0
0 0 0 16199.00 2.90 40 3 0 29 0
0 0 0 10699.00 2.59 20 3 0 29 0
0 0 0 22500.00 2.90 40 3 0 29 0
0 0 0 17300.00 2.90 40 3 0 29 0
0 0 0 19699.00 2.90 40 3 0 29 0
0 0 0 9000.00 2.59 20 3 0 29 0
0 0 0 9000.00 2.59 20 3 0 29 0
0 0 0 9000.00 2.59 20 3 0 29 0
0 0 0 18300.00 2.90 40 3 0 29 0
0 0 0 13599.00 2.59 40 3 0 29 0
0 0 0 9400.00 2.59 20 3 0 29 0
0 0 0 14000.00 2.59 40 3 0 29 0
0 0 0 21899.00 2.90 40 3 0 29 0
0 0 0 9000.00 2.59 20 3 0 29 0
0 0 0 13000.00 2.59 40 3 0 29 0
0 0 0 13000.00 2.59 40 3 0 29 0
0 0 0 13000.00 2.59 40 3 0 29 0
#CONTAINERS_LOADED 
#STACKS
280000.000000 19.240000 29
280000.000000 19.240000 29
280000.000000 19.240000 29
#CELLS
1 0 1 1 1 1 29
1 0 1 1 1 1 29
1 0 1 1 1 1 29
1 0 1 1 1 1 29
1 0 1 1 1 1 29
1 0 0 1 1 1 29
1 0 0 1 1 1 29
2 0 1 1 1 1 29
2 0 1 1 1 1 29
2 0 1 1 1 1 29
2 0 1 1 1 1 29
2 0 1 1 1 1 29
2 0 0 1 1 1 29
2 0 0 1 1 1 29
3 0 1 1 1 1 29
3 0 1 1 1 1 29
3 0 1 1 1 1 29
3 0 1 1 1 1 29
3 0 1 1 1 1 29
3 0 0 1 1 1 29
3 0 0 1 1 1 29
#SOLUTION-AFT
 10  2  24 
 13  21  25 
 8  9  26 
 16  12  19 
 17  1  18 
 6  3  14 
 20  11  22 
#SOLUTION-FWD
 10  2  24 
 13  21  25 
 8  9  26 
 15  12  19 
 23  1  18 
 5  3  14 
 4  7  22 
#INFO
cap20: 10  cap40: 16  reefer: 0  HC: 9  capacity: 100.000000 TEU: 42