1 105 0 8 64 1 8
#POD
5 
#LOCATIONS
23 
#CONTAINERS_TOLOAD
0 0 0 27300.00 2.59 20 5 0 23 0
0 0 0 19004.00 2.90 40 5 0 23 0
0 0 0 21615.00 2.59 20 5 0 23 0
0 0 0 29449.00 2.59 20 5 0 23 0
0 0 0 12170.00 2.59 20 5 0 23 0
0 0 0 17810.00 2.59 20 5 0 23 0
0 0 0 13800.00 2.59 20 5 0 23 0
0 0 0 12300.00 2.59 20 5 0 23 0
0 0 0 27300.00 2.59 20 5 0 23 0
0 0 0 12230.00 2.59 20 5 0 23 0
0 0 0 3920.00 2.59 20 5 0 23 0
0 0 0 22060.00 2.59 20 5 0 23 0
0 0 0 21525.00 2.59 20 5 0 23 0
0 0 0 13270.00 2.59 20 5 0 23 0
0 0 0 10323.00 2.59 20 5 0 23 0
0 0 0 27870.00 2.90 40 5 0 23 0
0 0 0 9780.00 2.59 20 5 0 23 0
0 0 0 17180.00 2.59 20 5 0 23 0
0 0 0 4404.00 2.59 20 5 0 23 0
0 0 0 17004.00 2.59 20 5 0 23 0
0 0 0 4484.00 2.59 20 5 0 23 0
0 0 0 19840.00 2.59 20 5 1 23 0
0 0 0 12300.00 2.59 20 5 0 23 0
0 0 0 20846.00 2.90 40 5 0 23 0
0 0 0 23840.00 2.90 40 5 0 23 0
0 0 0 16415.00 2.59 20 5 0 23 0
0 0 0 14920.00 2.59 20 5 0 23 0
0 0 0 13960.00 2.59 20 5 0 23 0
0 0 0 27300.00 2.59 20 5 0 23 0
0 0 0 6029.00 2.59 20 5 0 23 0
0 0 0 19633.00 2.90 40 5 0 23 0
0 0 0 12170.00 2.59 20 5 0 23 0
0 0 0 21795.00 2.59 20 5 0 23 0
0 0 0 17630.00 2.59 20 5 0 23 0
0 0 0 12960.00 2.59 20 5 0 23 0
0 0 0 28189.00 2.59 20 5 0 23 0
0 0 0 12300.00 2.59 20 5 0 23 0
0 0 0 7280.00 2.59 20 5 0 23 0
0 0 0 13960.00 2.59 20 5 0 23 0
0 0 0 7204.00 2.59 40 5 0 23 0
0 0 0 27490.00 2.59 20 5 0 23 0
0 0 0 17644.00 2.59 20 5 0 23 0
0 0 0 2707.00 2.59 20 5 0 23 0
0 0 0 15818.00 2.59 20 5 0 23 0
0 0 0 17810.00 2.59 20 5 0 23 0
0 0 0 3700.00 2.59 20 5 0 23 0
0 0 0 12220.00 2.59 20 5 0 23 0
0 0 0 7140.00 2.59 20 5 0 23 0
0 0 0 12300.00 2.59 20 5 0 23 0
0 0 0 12230.00 2.59 20 5 0 23 0
0 0 0 27300.00 2.59 20 5 0 23 0
0 0 0 13810.00 2.59 20 5 0 23 0
0 0 0 18183.00 2.59 20 5 0 23 0
0 0 0 13854.00 2.59 20 5 0 23 0
0 0 0 21535.00 2.59 20 5 0 23 0
0 0 0 3918.00 2.59 20 5 0 23 0
0 0 0 12300.00 2.59 20 5 0 23 0
0 0 0 6290.00 2.59 20 5 0 23 0
0 0 0 29580.00 2.90 40 5 0 23 0
0 0 0 12280.00 2.59 20 5 0 23 0
0 0 0 10170.00 2.59 20 5 0 23 0
0 0 0 26660.00 2.90 40 5 0 23 0
0 0 0 12300.00 2.59 20 5 0 23 0
0 0 0 12170.00 2.59 20 5 0 23 0
0 0 0 14280.00 2.59 20 5 0 23 0
0 0 0 27300.00 2.59 20 5 0 23 0
0 0 0 29379.00 2.59 20 5 0 23 0
0 0 0 12150.00 2.59 20 5 0 23 0
0 0 0 7706.00 2.59 20 5 0 23 0
0 0 0 14686.00 2.59 20 5 0 23 0
0 0 0 14270.00 2.59 20 5 0 23 0
0 0 0 14820.00 2.59 20 5 0 23 0
0 0 0 12170.00 2.59 20 5 0 23 0
0 0 0 12170.00 2.59 20 5 0 23 0
0 0 0 13810.00 2.59 20 5 0 23 0
0 0 0 17434.00 2.59 20 5 0 23 0
0 0 0 4740.00 2.59 20 5 0 23 0
0 0 0 9961.00 2.59 20 5 0 23 0
0 0 0 14852.00 2.59 20 5 0 23 0
0 0 0 8644.00 2.59 20 5 0 23 0
0 0 0 12230.00 2.59 20 5 0 23 0
0 0 0 14920.00 2.59 20 5 0 23 0
0 0 0 12833.00 2.59 20 5 0 23 0
0 0 0 9500.00 2.59 20 5 0 23 0
0 0 0 7064.00 2.59 40 5 0 23 0
0 0 0 15430.00 2.59 20 5 0 23 0
0 0 0 5230.00 2.59 20 5 0 23 0
0 0 0 12880.00 2.59 20 5 0 23 0
0 0 0 28189.00 2.59 20 5 0 23 0
0 0 0 17145.00 2.59 20 5 0 23 0
0 0 0 8910.00 2.59 20 5 0 23 0
0 0 0 12230.00 2.59 20 5 0 23 0
0 0 0 3670.00 2.59 20 5 0 23 0
0 0 0 14920.00 2.59 20 5 0 23 0
0 0 0 12280.00 2.59 20 5 0 23 0
0 0 0 21699.00 2.59 20 5 0 23 0
0 0 0 4116.00 2.59 20 5 0 23 0
0 0 0 21599.00 2.59 20 5 0 23 0
0 0 0 4203.00 2.59 20 5 0 23 0
0 0 0 12395.00 2.59 20 5 0 23 0
0 0 0 27490.00 2.59 20 5 0 23 0
0 0 0 6442.00 2.59 20 5 0 23 0
0 0 0 5222.00 2.59 20 5 0 23 0
0 0 0 14992.00 2.59 20 5 0 23 0
0 0 0 5230.00 2.59 20 5 0 23 0
#CONTAINERS_LOADED 
#STACKS
340000.000000 16.100000 23
340000.000000 18.690000 23
340000.000000 21.280000 23
340000.000000 21.280000 23
340000.000000 21.280000 23
340000.000000 21.280000 23
340000.000000 18.690000 23
340000.000000 16.100000 23
#CELLS
1 0 0 0 0 0 0
1 0 0 0 0 0 0
1 0 0 1 1 1 23
1 0 0 1 1 1 23
1 0 0 1 1 1 23
1 0 0 1 1 1 23
1 0 0 1 1 1 23
1 0 0 1 1 1 23
2 0 0 0 0 0 0
2 0 1 1 1 1 23
2 0 1 1 1 1 23
2 0 1 1 1 1 23
2 0 1 1 1 1 23
2 0 1 1 1 1 23
2 0 0 1 1 1 23
2 0 0 1 1 1 23
3 0 1 1 1 1 23
3 0 1 1 1 1 23
3 0 1 1 1 1 23
3 0 1 1 1 1 23
3 0 1 1 1 1 23
3 0 1 1 1 1 23
3 0 0 1 1 1 23
3 0 0 0 0 1 23
4 0 0 1 1 1 23
4 0 1 1 1 1 23
4 0 1 1 1 1 23
4 0 1 1 1 1 23
4 0 1 1 1 1 23
4 0 1 1 1 1 23
4 0 0 1 1 1 23
4 0 0 0 0 1 23
5 0 0 1 1 1 23
5 0 1 1 1 1 23
5 0 1 1 1 1 23
5 0 1 1 1 1 23
5 0 1 1 1 1 23
5 0 1 1 1 1 23
5 0 0 1 1 1 23
5 0 0 0 0 1 23
6 0 1 1 1 1 23
6 0 1 1 1 1 23
6 0 1 1 1 1 23
6 0 1 1 1 1 23
6 0 1 1 1 1 23
6 0 1 1 1 1 23
6 0 0 1 1 1 23
6 0 0 0 0 1 23
7 0 0 0 0 0 0
7 0 1 1 1 1 23
7 0 1 1 1 1 23
7 0 1 1 1 1 23
7 0 1 1 1 1 23
7 0 1 1 1 1 23
7 0 0 1 1 1 23
7 0 0 1 1 1 23
8 0 0 0 0 0 0
8 0 0 0 0 0 0
8 0 0 1 1 1 23
8 0 0 1 1 1 23
8 0 0 1 1 1 23
8 0 0 1 1 1 23
8 0 0 1 1 1 23
8 0 0 1 1 1 23
#SOLUTION-AFT
 43  102  24  40  2  85  0  105 
 46  38  74  39  104  31  25  58 
 97  80  47  70  86  63  62  55 
 19  84  81  72  20  100  16  3 
 21  78  10  82  18  88  59  51 
 103  22  60  41  34  14  68  66 
 0  9  23  89  45  52  64  0 
 0  0  37  67  6  28  0  0 
#SOLUTION-FWD
 93  48  24  40  2  85  0  30 
 56  69  5  71  94  31  25  13 
 11  91  32  65  44  57  62  98 
 99  17  50  79  26  83  16  96 
 77  61  92  27  90  35  59  33 
 87  1  95  12  76  7  15  29 
 0  101  8  36  42  75  73  0 
 0  0  49  4  53  54  0  0 
#INFO
cap20: 96  cap40: 9  reefer: 1  HC: 7  capacity: 98.275862 TEU: 116