1 16 0 4 36 1 9
#POD
5 
#LOCATIONS
87 
#CONTAINERS_TOLOAD
0 0 0 17500.00 2.59 40 5 0 87 0
0 0 0 15000.00 2.59 40 5 0 87 0
0 0 0 17500.00 2.59 40 5 0 87 0
0 0 0 17500.00 2.59 40 5 0 87 0
0 0 0 17500.00 2.59 40 5 0 87 0
0 0 0 17500.00 2.59 40 5 0 87 0
0 0 0 17500.00 2.59 40 5 0 87 0
0 0 0 17500.00 2.59 40 5 0 87 0
0 0 0 15000.00 2.59 40 5 0 87 0
0 0 0 17500.00 2.59 40 5 0 87 0
0 0 0 17500.00 2.59 40 5 0 87 0
0 0 0 15000.00 2.59 40 5 0 87 0
0 0 0 16258.00 2.59 40 5 0 87 0
0 0 0 14241.00 2.59 40 5 0 87 0
0 0 0 15000.00 2.59 40 5 0 87 0
0 0 0 14241.00 2.59 40 5 0 87 0
#CONTAINERS_LOADED 
#STACKS
184000.000000 10.530000 87
184000.000000 10.530000 87
184000.000000 10.530000 87
184000.000000 10.530000 87
#CELLS
1 0 0 0 0 0 0
1 0 0 0 0 0 0
1 0 0 0 0 0 0
1 0 0 0 0 0 0
1 0 0 0 0 0 0
1 0 0 1 1 1 87
1 0 0 1 1 1 87
1 0 0 1 1 1 87
1 0 0 1 1 1 87
2 0 0 0 0 0 0
2 0 0 0 0 0 0
2 0 0 0 0 0 0
2 0 0 0 0 0 0
2 0 0 0 0 0 0
2 0 0 1 1 1 87
2 0 0 1 1 1 87
2 0 0 1 1 1 87
2 0 0 1 1 1 87
3 0 0 0 0 0 0
3 0 0 0 0 0 0
3 0 0 0 0 0 0
3 0 0 0 0 0 0
3 0 0 0 0 0 0
3 0 0 1 1 1 87
3 0 0 1 1 1 87
3 0 0 1 1 1 87
3 0 0 1 1 1 87
4 0 0 0 0 0 0
4 0 0 0 0 0 0
4 0 0 0 0 0 0
4 0 0 0 0 0 0
4 0 0 0 0 0 0
4 0 0 1 1 1 87
4 0 0 1 1 1 87
4 0 0 1 1 1 87
4 0 0 1 1 1 87
#SOLUTION-AFT
 16  7  10  12 
 14  8  11  15 
 9  4  1  13 
 2  5  3  6 
 0  0  0  0 
 0  0  0  0 
 0  0  0  0 
 0  0  0  0 
 0  0  0  0 
#SOLUTION-FWD
 16  7  10  12 
 14  8  11  15 
 9  4  1  13 
 2  5  3  6 
 0  0  0  0 
 0  0  0  0 
 0  0  0  0 
 0  0  0  0 
 0  0  0  0 
#INFO
cap20: 0  cap40: 16  reefer: 0  HC: 0  capacity: 100.000000 TEU: 32