1 15 0 8 56 1 7
#POD
2 
#LOCATIONS
30 
#CONTAINERS_TOLOAD
0 0 0 19004.00 2.90 40 2 1 30 0
0 0 0 20846.00 2.90 40 2 1 30 0
0 0 0 19633.00 2.90 40 2 1 30 0
0 0 0 21650.00 2.90 40 2 1 30 0
0 0 0 20916.00 2.90 40 2 1 30 0
0 0 0 20572.00 2.90 40 2 1 30 0
0 0 0 20147.00 2.90 40 2 1 30 0
0 0 0 21935.00 2.90 40 2 1 30 0
0 0 0 21696.00 2.90 40 2 1 30 0
0 0 0 21446.00 2.90 40 2 1 30 0
0 0 0 19570.00 2.90 40 2 1 30 0
0 0 0 21814.00 2.90 40 2 1 30 0
0 0 0 21328.00 2.90 40 2 1 30 0
0 0 0 20682.00 2.90 40 2 1 30 0
0 0 0 19996.00 2.90 40 2 1 30 0
#CONTAINERS_LOADED 
#STACKS
268000.000000 16.650000 30
280000.000000 19.240000 30
280000.000000 19.240000 30
280000.000000 19.240000 30
280000.000000 19.240000 30
280000.000000 19.240000 30
280000.000000 19.240000 30
268000.000000 16.650000 30
#CELLS
1 0 0 0 0 0 0
1 0 0 1 1 1 30
1 0 0 1 1 1 30
1 0 0 1 1 1 30
1 0 0 1 1 1 30
1 0 0 1 1 1 30
1 0 0 1 1 1 30
2 0 0 1 1 1 30
2 0 1 1 1 1 30
2 0 1 1 1 1 30
2 0 1 1 1 1 30
2 0 1 1 1 1 30
2 0 0 1 1 1 30
2 0 0 1 1 1 30
3 0 1 1 1 1 30
3 0 1 1 1 1 30
3 0 1 1 1 1 30
3 0 1 1 1 1 30
3 0 1 1 1 1 30
3 0 0 1 1 1 30
3 0 0 1 1 1 30
4 0 1 1 1 1 30
4 0 1 1 1 1 30
4 0 1 1 1 1 30
4 0 1 1 1 1 30
4 0 1 1 1 1 30
4 0 0 1 1 1 30
4 0 0 1 1 1 30
5 0 1 1 1 1 30
5 0 1 1 1 1 30
5 0 1 1 1 1 30
5 0 1 1 1 1 30
5 0 1 1 1 1 30
5 0 0 1 1 1 30
5 0 0 1 1 1 30
6 0 1 1 1 1 30
6 0 1 1 1 1 30
6 0 1 1 1 1 30
6 0 1 1 1 1 30
6 0 1 1 1 1 30
6 0 0 1 1 1 30
6 0 0 1 1 1 30
7 0 0 1 1 1 30
7 0 1 1 1 1 30
7 0 1 1 1 1 30
7 0 1 1 1 1 30
7 0 1 1 1 1 30
7 0 0 1 1 1 30
7 0 0 1 1 1 30
8 0 0 0 0 0 0
8 0 0 1 1 1 30
8 0 0 1 1 1 30
8 0 0 1 1 1 30
8 0 0 1 1 1 30
8 0 0 1 1 1 30
8 0 0 1 1 1 30
#SOLUTION-AFT
 0  0  0  0  0  0  0  0 
 0  0  0  0  0  0  0  0 
 0  0  14  0  8  9  0  0 
 0  0  10  0  1  13  0  0 
 0  0  11  0  4  12  0  0 
 0  0  7  0  2  15  0  0 
 0  0  5  0  3  6  0  0 
#SOLUTION-FWD
 0  0  0  0  0  0  0  0 
 0  0  0  0  0  0  0  0 
 0  0  14  0  8  9  0  0 
 0  0  10  0  1  13  0  0 
 0  0  11  0  4  12  0  0 
 0  0  7  0  2  15  0  0 
 0  0  5  0  3  6  0  0 
#INFO
cap20: 0  cap40: 15  reefer: 15  HC: 15  capacity: 27.777778 TEU: 108