2 123 0 10 90 1 9
#POD
4 5 
#LOCATIONS
31 
#CONTAINERS_TOLOAD
0 0 0 25210.00 2.59 20 5 0 31 0
0 0 0 25210.00 2.59 20 5 0 31 0
0 0 0 25210.00 2.59 20 5 0 31 0
0 0 0 5700.00 2.59 20 4 0 31 0
0 0 0 25210.00 2.59 20 5 0 31 0
0 0 0 25210.00 2.59 20 5 0 31 0
0 0 0 25210.00 2.59 20 5 0 31 0
0 0 0 25210.00 2.59 20 5 0 31 0
0 0 0 25210.00 2.59 20 5 0 31 0
0 0 0 12000.00 2.90 40 4 0 31 0
0 0 0 23600.00 2.59 20 5 0 31 0
0 0 0 5030.00 2.59 20 4 0 31 0
0 0 0 25210.00 2.59 20 5 0 31 0
0 0 0 25210.00 2.59 20 5 0 31 0
0 0 0 25210.00 2.59 20 5 0 31 0
0 0 0 23703.00 2.59 20 5 0 31 0
0 0 0 11982.00 2.90 40 4 0 31 0
0 0 0 25210.00 2.59 20 5 0 31 0
0 0 0 25210.00 2.59 20 5 0 31 0
0 0 0 25210.00 2.59 20 5 0 31 0
0 0 0 23660.00 2.59 20 5 0 31 0
0 0 0 25210.00 2.59 20 5 0 31 0
0 0 0 25597.00 2.59 20 5 0 31 0
0 0 0 25295.00 2.59 20 5 0 31 0
0 0 0 23540.00 2.59 20 5 0 31 0
0 0 0 6000.00 2.59 20 4 0 31 0
0 0 0 28790.00 2.59 20 5 0 31 0
0 0 0 25210.00 2.59 20 5 0 31 0
0 0 0 11334.00 2.90 40 4 0 31 0
0 0 0 25210.00 2.59 20 5 0 31 0
0 0 0 25210.00 2.59 20 5 0 31 0
0 0 0 25210.00 2.59 20 5 0 31 0
0 0 0 25210.00 2.59 20 5 0 31 0
0 0 0 25537.00 2.59 20 5 0 31 0
0 0 0 25205.00 2.59 20 5 0 31 0
0 0 0 11840.00 2.90 40 4 0 31 0
0 0 0 23600.00 2.59 20 5 0 31 0
0 0 0 25210.00 2.59 20 5 0 31 0
0 0 0 25210.00 2.59 20 5 0 31 0
0 0 0 25330.00 2.59 20 5 0 31 0
0 0 0 23703.00 2.59 20 5 0 31 0
0 0 0 25210.00 2.59 20 5 0 31 0
0 0 0 25210.00 2.59 20 5 0 31 0
0 0 0 25192.00 2.59 20 5 0 31 0
0 0 0 11982.00 2.90 40 4 0 31 0
0 0 0 25210.00 2.59 20 5 0 31 0
0 0 0 10600.00 2.90 40 4 0 31 0
0 0 0 25400.00 2.59 20 5 0 31 0
0 0 0 25210.00 2.59 20 5 0 31 0
0 0 0 12772.00 2.90 40 4 0 31 0
0 0 0 23643.00 2.59 20 5 0 31 0
0 0 0 25210.00 2.59 20 5 0 31 0
0 0 0 25210.00 2.59 20 5 0 31 0
0 0 0 25210.00 2.59 20 5 0 31 0
0 0 0 25210.00 2.59 20 5 0 31 0
0 0 0 25210.00 2.59 20 5 0 31 0
0 0 0 25300.00 2.59 20 5 0 31 0
0 0 0 25210.00 2.59 20 5 0 31 0
0 0 0 25210.00 2.59 20 5 0 31 0
0 0 0 25210.00 2.59 20 5 0 31 0
0 0 0 25210.00 2.59 20 5 0 31 0
0 0 0 25210.00 2.59 20 5 0 31 0
0 0 0 25210.00 2.59 20 5 0 31 0
0 0 0 25210.00 2.59 20 5 0 31 0
0 0 0 25517.00 2.59 20 5 0 31 0
0 0 0 25507.00 2.59 20 5 0 31 0
0 0 0 23673.00 2.59 20 5 0 31 0
0 0 0 23680.00 2.59 20 5 0 31 0
0 0 0 7500.00 2.59 20 5 0 31 0
0 0 0 10700.00 2.90 40 4 0 31 0
0 0 0 23530.00 2.59 20 5 0 31 0
0 0 0 11000.00 2.90 40 4 0 31 0
0 0 0 5100.00 2.59 20 4 0 31 0
0 0 0 25230.00 2.59 20 5 0 31 0
0 0 0 23703.00 2.59 20 5 0 31 0
0 0 0 5100.00 2.59 20 4 0 31 0
0 0 0 12000.00 2.90 40 4 0 31 0
0 0 0 11928.00 2.90 40 4 0 31 0
0 0 0 25295.00 2.59 20 5 0 31 0
0 0 0 10000.00 2.90 40 4 0 31 0
0 0 0 25567.00 2.59 20 5 0 31 0
0 0 0 25230.00 2.59 20 5 0 31 0
0 0 0 11274.00 2.90 40 4 0 31 0
0 0 0 25446.00 2.59 20 5 0 31 0
0 0 0 5000.00 2.59 20 4 0 31 0
0 0 0 25456.00 2.59 20 5 0 31 0
0 0 0 25440.00 2.59 20 5 0 31 0
0 0 0 11280.00 2.90 40 4 0 31 0
0 0 0 23700.00 2.59 20 5 0 31 0
0 0 0 25400.00 2.59 20 5 0 31 0
0 0 0 23700.00 2.59 20 5 0 31 0
0 0 0 25300.00 2.59 20 5 0 31 0
0 0 0 25170.00 2.59 20 5 0 31 0
0 0 0 23643.00 2.59 20 5 0 31 0
0 0 0 25193.00 2.59 20 5 0 31 0
0 0 0 25567.00 2.59 20 5 0 31 0
0 0 0 25170.00 2.59 20 5 0 31 0
0 0 0 25210.00 2.59 20 5 0 31 0
0 0 0 23653.00 2.59 20 5 0 31 0
0 0 0 25319.00 2.59 20 5 0 31 0
0 0 0 25200.00 2.59 20 5 0 31 0
0 0 0 11840.00 2.90 40 4 0 31 0
0 0 0 10400.00 2.90 40 4 0 31 0
0 0 0 25280.00 2.59 20 5 0 31 0
0 0 0 23643.00 2.59 20 5 0 31 0
0 0 0 25280.00 2.59 20 5 0 31 0
0 0 0 25280.00 2.59 20 5 0 31 0
0 0 0 23693.00 2.59 20 5 0 31 0
0 0 0 25280.00 2.59 20 5 0 31 0
0 0 0 23653.00 2.59 20 5 0 31 0
0 0 0 25210.00 2.59 20 5 0 31 0
0 0 0 25260.00 2.59 20 5 0 31 0
0 0 0 25255.00 2.59 20 5 0 31 0
0 0 0 9200.00 2.59 20 5 0 31 0
0 0 0 25210.00 2.59 20 5 0 31 0
0 0 0 25215.00 2.59 20 5 0 31 0
0 0 0 25500.00 2.59 20 5 0 31 0
0 0 0 25210.00 2.59 20 5 0 31 0
0 0 0 25280.00 2.59 20 5 0 31 0
0 0 0 25567.00 2.59 20 5 0 31 0
0 0 0 12000.00 2.90 40 4 0 31 0
0 0 0 25517.00 2.59 20 5 0 31 0
0 0 0 8400.00 2.59 20 5 0 31 0
#CONTAINERS_LOADED 
#STACKS
270000.000000 14.600000 31
270000.000000 20.450000 31
270000.000000 20.450000 31
270000.000000 23.450000 31
270000.000000 23.450000 31
270000.000000 23.450000 31
270000.000000 23.450000 31
270000.000000 20.450000 31
270000.000000 20.450000 31
270000.000000 14.600000 31
#CELLS
1 0 0 0 0 0 0
1 0 0 0 0 0 0
1 0 0 0 0 0 0
1 0 0 1 1 1 31
1 0 0 1 1 1 31
1 0 0 1 1 1 31
1 0 0 1 1 1 31
1 0 0 1 1 1 31
1 0 0 0 0 0 0
2 0 0 0 0 0 0
2 0 0 1 1 1 31
2 0 0 1 1 1 31
2 0 0 1 1 1 31
2 0 0 1 1 1 31
2 0 0 1 1 1 31
2 0 0 1 1 1 31
2 0 0 1 1 1 31
2 0 0 0 0 0 0
3 0 0 0 0 0 0
3 0 0 1 1 1 31
3 0 0 1 1 1 31
3 0 0 1 1 1 31
3 0 0 1 1 1 31
3 0 0 1 1 1 31
3 0 0 1 1 1 31
3 0 0 1 1 1 31
3 0 0 0 0 0 0
4 0 0 1 1 1 31
4 0 0 1 1 1 31
4 0 0 1 1 1 31
4 0 0 1 1 1 31
4 0 0 1 1 1 31
4 0 0 1 1 1 31
4 0 0 1 1 1 31
4 0 0 1 1 1 31
4 0 0 1 1 1 31
5 0 0 1 1 1 31
5 0 0 1 1 1 31
5 0 0 1 1 1 31
5 0 0 1 1 1 31
5 0 0 1 1 1 31
5 0 0 1 1 1 31
5 0 0 1 1 1 31
5 0 0 1 1 1 31
5 0 0 1 1 1 31
6 0 0 1 1 1 31
6 0 0 1 1 1 31
6 0 0 1 1 1 31
6 0 0 1 1 1 31
6 0 0 1 1 1 31
6 0 0 1 1 1 31
6 0 0 1 1 1 31
6 0 0 1 1 1 31
6 0 0 1 1 1 31
7 0 0 1 1 1 31
7 0 0 1 1 1 31
7 0 0 1 1 1 31
7 0 0 1 1 1 31
7 0 0 1 1 1 31
7 0 0 1 1 1 31
7 0 0 1 1 1 31
7 0 0 1 1 1 31
7 0 0 1 1 1 31
8 0 0 0 0 0 0
8 0 0 1 1 1 31
8 0 0 1 1 1 31
8 0 0 1 1 1 31
8 0 0 1 1 1 31
8 0 0 1 1 1 31
8 0 0 1 1 1 31
8 0 0 1 1 1 31
8 0 0 0 0 0 0
9 0 0 0 0 0 0
9 0 0 1 1 1 31
9 0 0 1 1 1 31
9 0 0 1 1 1 31
9 0 0 1 1 1 31
9 0 0 1 1 1 31
9 0 0 1 1 1 31
9 0 0 1 1 1 31
9 0 0 0 0 0 0
10 0 0 0 0 0 0
10 0 0 0 0 0 0
10 0 0 0 0 0 0
10 0 0 1 1 1 31
10 0 0 1 1 1 31
10 0 0 1 1 1 31
10 0 0 1 1 1 31
10 0 0 1 1 1 31
10 0 0 0 0 0 0
#SOLUTION-AFT
 0  0  0  0  0  0  0  0  0  0 
 93  80  70  29  17  10  36  83  47  113 
 98  103  72  76  45  121  102  88  12  119 
 115  101  63  4  77  50  78  15  64  106 
 116  46  62  69  114  21  25  19  2  107 
 74  33  18  84  94  67  11  13  1  27 
 0  39  3  117  105  89  59  9  49  0 
 0  92  40  65  81  91  14  90  8  0 
 0  0  0  34  23  16  56  0  0  0 
#SOLUTION-FWD
 0  0  0  0  0  0  0  0  0  0 
 97  80  70  29  17  10  36  83  47  112 
 44  103  72  73  45  121  102  88  85  104 
 118  95  53  26  77  50  78  54  58  109 
 111  35  31  123  37  110  71  42  52  24 
 82  38  5  87  51  68  6  43  61  79 
 0  28  30  86  99  108  20  55  60  0 
 0  57  100  66  96  75  7  48  22  0 
 0  0  0  122  120  41  32  0  0  0 
#INFO
cap20: 106  cap40: 17  reefer: 0  HC: 17  capacity: 94.594595 TEU: 148