1 12 0 5 45 1 9
#POD
3 
#LOCATIONS
18 
#CONTAINERS_TOLOAD
0 0 0 11937.00 2.59 40 3 0 18 0
0 0 0 11915.00 2.59 40 3 0 18 0
0 0 0 12107.00 2.90 40 3 0 18 0
0 0 0 11890.00 2.90 40 3 0 18 0
0 0 0 11937.00 2.59 40 3 0 18 0
0 0 0 11987.00 2.90 40 3 0 18 0
0 0 0 11000.00 2.90 40 3 0 18 0
0 0 0 11987.00 2.90 40 3 0 18 0
0 0 0 11987.00 2.90 40 3 0 18 0
0 0 0 11907.00 2.59 40 3 0 18 0
0 0 0 11000.00 2.90 40 3 0 18 0
0 0 0 11907.00 2.59 40 3 0 18 0
#CONTAINERS_LOADED 
#STACKS
270000.000000 20.450000 18
270000.000000 23.450000 18
270000.000000 23.450000 18
270000.000000 23.450000 18
270000.000000 20.450000 18
#CELLS
1 0 0 0 0 0 0
1 0 1 1 1 1 18
1 0 1 1 1 1 18
1 0 1 1 1 1 18
1 0 1 1 1 1 18
1 0 1 1 1 1 18
1 0 0 1 1 1 18
1 0 0 1 1 1 18
1 0 0 0 0 0 0
2 0 1 1 1 1 18
2 0 1 1 1 1 18
2 0 1 1 1 1 18
2 0 1 1 1 1 18
2 0 1 1 1 1 18
2 0 1 1 1 1 18
2 0 0 1 1 1 18
2 0 0 1 1 1 18
2 0 0 1 1 1 18
3 0 1 1 1 1 18
3 0 1 1 1 1 18
3 0 1 1 1 1 18
3 0 1 1 1 1 18
3 0 1 1 1 1 18
3 0 1 1 1 1 18
3 0 0 1 1 1 18
3 0 0 1 1 1 18
3 0 0 1 1 1 18
4 0 1 1 1 1 18
4 0 1 1 1 1 18
4 0 1 1 1 1 18
4 0 1 1 1 1 18
4 0 1 1 1 1 18
4 0 1 1 1 1 18
4 0 0 1 1 1 18
4 0 0 1 1 1 18
4 0 0 1 1 1 18
5 0 0 0 0 0 0
5 0 1 1 1 1 18
5 0 1 1 1 1 18
5 0 1 1 1 1 18
5 0 1 1 1 1 18
5 0 1 1 1 1 18
5 0 0 1 1 1 18
5 0 0 1 1 1 18
5 0 0 0 0 0 0
#SOLUTION-AFT
 0  0  0  0  0 
 0  0  0  10  0 
 0  0  0  12  0 
 0  0  0  2  0 
 0  0  0  5  7 
 0  0  0  1  11 
 0  0  0  6  4 
 0  0  0  9  8 
 0  0  0  3  0 
#SOLUTION-FWD
 0  0  0  0  0 
 0  0  0  10  0 
 0  0  0  12  0 
 0  0  0  2  0 
 0  0  0  5  7 
 0  0  0  1  11 
 0  0  0  6  4 
 0  0  0  9  8 
 0  0  0  3  0 
#INFO
cap20: 0  cap40: 12  reefer: 0  HC: 7  capacity: 29.268293 TEU: 82