1 37 0 4 36 1 9
#POD
4 
#LOCATIONS
34 
#CONTAINERS_TOLOAD
0 0 0 26920.00 2.59 40 4 0 34 0
0 0 0 19640.00 2.59 40 4 0 34 0
0 0 0 15940.00 2.90 40 4 0 34 0
0 0 0 16080.00 2.90 40 4 0 34 0
0 0 0 27700.00 2.90 40 4 0 34 0
0 0 0 18750.00 2.59 40 4 0 34 0
0 0 0 27880.00 2.90 40 4 0 34 0
0 0 0 26800.00 2.59 40 4 0 34 0
0 0 0 26740.00 2.59 40 4 0 34 0
0 0 0 26700.00 2.59 40 4 0 34 0
0 0 0 13650.00 2.59 40 4 0 34 0
0 0 0 15960.00 2.90 40 4 0 34 0
0 0 0 15700.00 2.59 40 4 0 34 0
0 0 0 23880.00 2.90 40 4 0 34 0
0 0 0 26780.00 2.59 40 4 0 34 0
0 0 0 26700.00 2.59 40 4 0 34 0
0 0 0 26280.00 2.59 20 4 0 34 0
0 0 0 26660.00 2.59 20 4 0 34 0
0 0 0 13650.00 2.59 40 4 0 34 0
0 0 0 26800.00 2.59 40 4 0 34 0
0 0 0 15700.00 2.59 40 4 0 34 0
0 0 0 28020.00 2.90 40 4 0 34 0
0 0 0 27840.00 2.90 40 4 0 34 0
0 0 0 26700.00 2.59 40 4 0 34 0
0 0 0 15700.00 2.59 40 4 0 34 0
0 0 0 26550.00 2.59 40 4 0 34 0
0 0 0 26760.00 2.59 20 4 0 34 0
0 0 0 26700.00 2.59 40 4 0 34 0
0 0 0 24552.00 2.59 20 4 0 34 0
0 0 0 26800.00 2.59 40 4 0 34 0
0 0 0 26800.00 2.59 40 4 0 34 0
0 0 0 27880.00 2.90 40 4 0 34 0
0 0 0 26700.00 2.59 40 4 0 34 0
0 0 0 13036.00 2.59 40 4 0 34 0
0 0 0 12230.00 2.59 40 4 0 34 0
0 0 0 26690.00 2.59 40 4 0 34 0
0 0 0 26800.00 2.59 40 4 0 34 0
#CONTAINERS_LOADED 
#STACKS
378000.000000 23.870000 34
378000.000000 23.870000 34
378000.000000 23.870000 34
378000.000000 23.870000 34
#CELLS
1 0 0 1 1 1 34
1 0 0 1 1 1 34
1 0 0 1 1 1 34
1 0 0 1 1 1 34
1 0 0 1 1 1 34
1 0 0 1 1 1 34
1 0 0 1 1 1 34
1 0 0 1 1 1 34
1 0 0 1 1 1 34
2 0 0 1 1 1 34
2 0 0 1 1 1 34
2 0 0 1 1 1 34
2 0 0 1 1 1 34
2 0 0 1 1 1 34
2 0 0 1 1 1 34
2 0 0 1 1 1 34
2 0 0 1 1 1 34
2 0 0 1 1 1 34
3 0 0 1 1 1 34
3 0 0 1 1 1 34
3 0 0 1 1 1 34
3 0 0 1 1 1 34
3 0 0 1 1 1 34
3 0 0 1 1 1 34
3 0 0 1 1 1 34
3 0 0 1 1 1 34
3 0 0 1 1 1 34
4 0 0 1 1 1 34
4 0 0 1 1 1 34
4 0 0 1 1 1 34
4 0 0 1 1 1 34
4 0 0 1 1 1 34
4 0 0 1 1 1 34
4 0 0 1 1 1 34
4 0 0 1 1 1 34
4 0 0 1 1 1 34
#SOLUTION-AFT
 35  0  33  2 
 34  12  9  26 
 19  4  15  36 
 11  14  37  10 
 13  5  8  28 
 25  23  20  24 
 21  32  30  16 
 3  7  31  29 
 6  22  1  18 
#SOLUTION-FWD
 35  0  33  2 
 34  12  9  26 
 19  4  15  36 
 11  14  37  10 
 13  5  8  28 
 25  23  20  24 
 21  32  30  16 
 3  7  31  17 
 6  22  1  27 
#INFO
cap20: 4  cap40: 33  reefer: 0  HC: 9  capacity: 97.222222 TEU: 72