2 25 0 5 45 1 9
#POD
7 9 
#LOCATIONS
6 
#CONTAINERS_TOLOAD
0 0 0 11388.00 2.59 40 7 0 6 0
0 0 0 13880.00 2.90 40 7 0 6 0
0 0 0 24670.00 2.90 40 9 0 6 0
0 0 0 13740.00 2.59 40 7 0 6 0
0 0 0 10700.00 2.59 40 7 0 6 0
0 0 0 10550.00 2.59 40 7 0 6 0
0 0 0 13700.00 2.59 40 7 0 6 0
0 0 0 15850.00 2.59 40 7 0 6 0
0 0 0 10560.00 2.59 40 7 0 6 0
0 0 0 18880.00 2.90 40 9 0 6 0
0 0 0 18880.00 2.90 40 9 0 6 0
0 0 0 11398.00 2.59 40 7 0 6 0
0 0 0 10540.00 2.59 40 7 0 6 0
0 0 0 15500.00 2.59 40 7 0 6 0
0 0 0 13700.00 2.59 40 7 0 6 0
0 0 0 20850.00 2.59 40 7 0 6 0
0 0 0 26700.00 2.90 40 7 0 6 0
0 0 0 10950.00 2.59 40 7 0 6 0
0 0 0 10529.00 2.59 40 7 0 6 0
0 0 0 18550.00 2.59 40 9 0 6 0
0 0 0 13500.00 2.59 40 7 0 6 0
0 0 0 13650.00 2.59 40 7 0 6 0
0 0 0 10500.00 2.59 40 7 0 6 0
0 0 0 13920.00 2.90 40 9 0 6 0
0 0 0 4280.00 2.90 40 9 0 6 0
#CONTAINERS_LOADED 
#STACKS
216000.000000 8.760000 6
270000.000000 14.600000 6
270000.000000 23.450000 6
270000.000000 14.600000 6
216000.000000 8.760000 6
#CELLS
1 0 0 0 0 0 0
1 0 0 0 0 0 0
1 0 0 0 0 0 0
1 0 0 0 0 0 0
1 0 0 0 0 0 0
1 0 0 0 0 1 6
1 0 0 0 0 1 6
1 0 0 0 0 1 6
1 0 0 0 0 0 0
2 0 0 0 0 0 0
2 0 0 0 0 0 0
2 0 0 0 0 0 0
2 0 0 0 0 1 6
2 0 0 0 0 1 6
2 0 0 0 0 1 6
2 0 0 0 0 1 6
2 0 0 0 0 1 6
2 0 0 0 0 0 0
3 0 0 0 0 1 6
3 0 0 0 0 1 6
3 0 0 0 0 1 6
3 0 0 0 0 1 6
3 0 0 0 0 1 6
3 0 0 0 0 1 6
3 0 0 0 0 1 6
3 0 0 0 0 1 6
3 0 0 0 0 1 6
4 0 0 0 0 0 0
4 0 0 0 0 0 0
4 0 0 0 0 0 0
4 0 0 0 0 1 6
4 0 0 0 0 1 6
4 0 0 0 0 1 6
4 0 0 0 0 1 6
4 0 0 0 0 1 6
4 0 0 0 0 0 0
5 0 0 0 0 0 0
5 0 0 0 0 0 0
5 0 0 0 0 0 0
5 0 0 0 0 0 0
5 0 0 0 0 0 0
5 0 0 0 0 1 6
5 0 0 0 0 1 6
5 0 0 0 0 1 6
5 0 0 0 0 0 0
#SOLUTION-AFT
 0  0  5  0  0 
 25  21  18  23  11 
 24  22  1  19  10 
 20  15  12  13  3 
 0  2  7  6  0 
 0  17  4  9  0 
 0  0  14  0  0 
 0  0  8  0  0 
 0  0  16  0  0 
#SOLUTION-FWD
 0  0  5  0  0 
 25  21  18  23  11 
 24  22  1  19  10 
 20  15  12  13  3 
 0  2  7  6  0 
 0  17  4  9  0 
 0  0  14  0  0 
 0  0  8  0  0 
 0  0  16  0  0 
#INFO
cap20: 0  cap40: 25  reefer: 0  HC: 7  capacity: 100.000000 TEU: 50