2 59 0 10 90 1 9
#POD
4 7 
#LOCATIONS
83 
#CONTAINERS_TOLOAD
0 0 0 9059.00 2.90 40 7 0 83 0
0 0 0 8599.00 2.90 40 7 0 83 0
0 0 0 10475.00 2.90 40 7 0 83 0
0 0 0 8542.00 2.90 40 7 0 83 0
0 0 0 10240.00 2.90 40 7 0 83 0
0 0 0 9930.00 2.90 40 7 0 83 0
0 0 0 10253.00 2.90 40 7 0 83 0
0 0 0 8599.00 2.90 40 7 0 83 0
0 0 0 22200.00 2.59 40 4 0 83 0
0 0 0 21600.00 2.59 40 4 0 83 0
0 0 0 10420.00 2.59 40 7 0 83 0
0 0 0 10253.00 2.90 40 7 0 83 0
0 0 0 20600.00 2.59 40 4 0 83 0
0 0 0 10600.00 2.90 40 7 0 83 0
0 0 0 10260.00 2.90 40 7 0 83 0
0 0 0 10186.00 2.90 40 7 0 83 0
0 0 0 10360.00 2.90 40 7 0 83 0
0 0 0 23650.00 2.59 40 4 0 83 0
0 0 0 23700.00 2.59 40 4 0 83 0
0 0 0 22800.00 2.59 40 4 0 83 0
0 0 0 8500.00 2.90 40 7 0 83 0
0 0 0 8500.00 2.90 40 7 0 83 0
0 0 0 8340.00 2.90 40 7 0 83 0
0 0 0 10000.00 2.90 40 7 0 83 0
0 0 0 21600.00 2.59 40 4 0 83 0
0 0 0 9810.00 2.90 40 7 0 83 0
0 0 0 9860.00 2.90 40 7 0 83 0
0 0 0 21600.00 2.59 40 4 0 83 0
0 0 0 10650.00 2.90 40 7 0 83 0
0 0 0 10650.00 2.90 40 7 0 83 0
0 0 0 10650.00 2.90 40 7 0 83 0
0 0 0 10650.00 2.90 40 7 0 83 0
0 0 0 7000.00 2.90 40 7 0 83 0
0 0 0 22700.00 2.59 40 4 0 83 0
0 0 0 20100.00 2.59 40 4 0 83 0
0 0 0 20880.00 2.59 40 4 0 83 0
0 0 0 10186.00 2.90 40 7 0 83 0
0 0 0 9960.00 2.90 40 7 0 83 0
0 0 0 21600.00 2.59 40 4 0 83 0
0 0 0 20500.00 2.59 40 4 0 83 0
0 0 0 9000.00 2.90 40 7 0 83 0
0 0 0 9830.00 2.90 40 7 0 83 0
0 0 0 24000.00 2.59 40 4 0 83 0
0 0 0 9740.00 2.90 40 7 0 83 0
0 0 0 7000.00 2.90 40 7 0 83 0
0 0 0 8599.00 2.90 40 7 0 83 0
0 0 0 20000.00 2.59 40 4 0 83 0
0 0 0 9940.00 2.90 40 7 0 83 0
0 0 0 24900.00 2.59 40 4 0 83 0
0 0 0 10186.00 2.90 40 7 0 83 0
0 0 0 10000.00 2.90 40 7 0 83 0
0 0 0 8000.00 2.90 40 7 0 83 0
0 0 0 10253.00 2.90 40 7 0 83 0
0 0 0 21620.00 2.59 40 4 0 83 0
0 0 0 8599.00 2.90 40 7 0 83 0
0 0 0 7000.00 2.90 40 7 0 83 0
0 0 0 9000.00 2.90 40 7 0 83 0
0 0 0 21600.00 2.59 40 4 0 83 0
0 0 0 8000.00 2.90 40 7 0 83 0
#CONTAINERS_LOADED 
#STACKS
184000.000000 15.550000 83
184000.000000 15.550000 83
184000.000000 18.140000 83
184000.000000 18.140000 83
184000.000000 18.140000 83
184000.000000 18.140000 83
184000.000000 18.140000 83
184000.000000 18.140000 83
184000.000000 15.550000 83
184000.000000 15.550000 83
#CELLS
1 0 0 0 0 0 0
1 0 0 0 0 0 0
1 0 0 0 0 0 0
1 0 1 1 1 1 83
1 0 1 1 1 1 83
1 0 0 1 1 1 83
1 0 0 1 1 1 83
1 0 0 1 1 1 83
1 0 0 1 1 1 83
2 0 0 0 0 0 0
2 0 0 0 0 0 0
2 0 0 0 0 0 0
2 0 1 1 1 1 83
2 0 1 1 1 1 83
2 0 1 1 1 1 83
2 0 0 1 1 1 83
2 0 0 1 1 1 83
2 0 0 1 1 1 83
3 0 0 0 0 0 0
3 0 0 0 0 0 0
3 0 1 1 1 1 83
3 0 1 1 1 1 83
3 0 1 1 1 1 83
3 1 0 1 1 1 83
3 0 0 1 1 1 83
3 0 0 1 1 1 83
3 0 0 0 0 1 83
4 0 0 0 0 0 0
4 0 0 0 0 0 0
4 0 1 1 1 1 83
4 0 1 1 1 1 83
4 0 1 1 1 1 83
4 1 0 1 1 1 83
4 0 0 1 1 1 83
4 0 0 1 1 1 83
4 0 0 0 0 1 83
5 0 0 0 0 0 0
5 0 0 0 0 0 0
5 0 1 1 1 1 83
5 0 1 1 1 1 83
5 0 1 1 1 1 83
5 1 0 1 1 1 83
5 0 0 1 1 1 83
5 0 0 1 1 1 83
5 0 0 0 0 1 83
6 0 0 0 0 0 0
6 0 0 0 0 0 0
6 0 1 1 1 1 83
6 0 1 1 1 1 83
6 0 1 1 1 1 83
6 1 0 1 1 1 83
6 0 0 1 1 1 83
6 0 0 1 1 1 83
6 0 0 0 0 1 83
7 0 0 0 0 0 0
7 0 0 0 0 0 0
7 0 1 1 1 1 83
7 0 1 1 1 1 83
7 0 1 1 1 1 83
7 1 0 1 1 1 83
7 0 0 1 1 1 83
7 0 0 1 1 1 83
7 0 0 0 0 1 83
8 0 0 0 0 0 0
8 0 0 0 0 0 0
8 0 1 1 1 1 83
8 0 1 1 1 1 83
8 0 1 1 1 1 83
8 1 0 1 1 1 83
8 0 0 1 1 1 83
8 0 0 1 1 1 83
8 0 0 0 0 1 83
9 0 0 0 0 0 0
9 0 0 0 0 0 0
9 0 0 0 0 0 0
9 0 1 1 1 1 83
9 0 1 1 1 1 83
9 0 1 1 1 1 83
9 0 0 1 1 1 83
9 0 0 1 1 1 83
9 0 0 1 1 1 83
10 0 0 0 0 0 0
10 0 0 0 0 0 0
10 0 0 0 0 0 0
10 0 1 1 1 1 83
10 0 1 1 1 1 83
10 0 1 1 1 1 83
10 0 0 1 1 1 83
10 0 0 1 1 1 83
10 0 0 1 1 1 83
#SOLUTION-AFT
 47  34  0  0  0  0  0  0  0  58 
 35  20  23  44  5  3  38  55  45  28 
 40  18  22  26  53  14  51  46  56  39 
 13  19  21  42  7  30  24  2  33  10 
 36  43  4  27  12  29  16  57  52  54 
 25  49  8  6  15  32  37  41  59  9 
 0  0  11  48  17  31  50  1  0  0 
 0  0  0  0  0  0  0  0  0  0 
 0  0  0  0  0  0  0  0  0  0 
#SOLUTION-FWD
 47  34  0  0  0  0  0  0  0  58 
 35  20  23  44  5  3  38  55  45  28 
 40  18  22  26  53  14  51  46  56  39 
 13  19  21  42  7  30  24  2  33  10 
 36  43  4  27  12  29  16  57  52  54 
 25  49  8  6  15  32  37  41  59  9 
 0  0  11  48  17  31  50  1  0  0 
 0  0  0  0  0  0  0  0  0  0 
 0  0  0  0  0  0  0  0  0  0 
#INFO
cap20: 0  cap40: 59  reefer: 0  HC: 40  capacity: 89.393939 TEU: 132