1 23 0 3 24 1 8
#POD
5 
#LOCATIONS
53 
#CONTAINERS_TOLOAD
0 0 0 4000.00 2.59 40 5 0 53 0
0 0 0 4000.00 2.59 40 5 0 53 0
0 0 0 4000.00 2.59 40 5 0 53 0
0 0 0 4000.00 2.59 40 5 0 53 0
0 0 0 4000.00 2.59 40 5 0 53 0
0 0 0 4000.00 2.59 40 5 0 53 0
0 0 0 4000.00 2.59 40 5 0 53 0
0 0 0 4000.00 2.59 40 5 0 53 0
0 0 0 4000.00 2.59 40 5 0 53 0
0 0 0 4000.00 2.59 40 5 0 53 0
0 0 0 4000.00 2.59 40 5 0 53 0
0 0 0 4000.00 2.59 40 5 0 53 0
0 0 0 4000.00 2.59 40 5 0 53 0
0 0 0 4000.00 2.59 40 5 0 53 0
0 0 0 4000.00 2.59 40 5 0 53 0
0 0 0 4000.00 2.59 40 5 0 53 0
0 0 0 4000.00 2.59 40 5 0 53 0
0 0 0 4000.00 2.59 40 5 0 53 0
0 0 0 4000.00 2.59 40 5 0 53 0
0 0 0 4000.00 2.59 40 5 0 53 0
0 0 0 4000.00 2.90 40 5 0 53 0
0 0 0 4000.00 2.90 40 5 0 53 0
0 0 0 4000.00 2.90 40 5 0 53 0
#CONTAINERS_LOADED 
#STACKS
336000.000000 21.280000 53
336000.000000 21.280000 53
336000.000000 21.280000 53
#CELLS
1 0 0 1 1 1 53
1 0 0 1 1 1 53
1 0 1 1 1 1 53
1 0 1 1 1 1 53
1 0 1 1 1 1 53
1 0 1 1 1 1 53
1 0 0 1 1 1 53
1 0 0 1 1 1 53
2 0 0 1 1 1 53
2 0 0 1 1 1 53
2 0 0 1 1 1 53
2 0 0 1 1 1 53
2 0 0 1 1 1 53
2 0 0 1 1 1 53
2 0 0 1 1 1 53
2 0 0 1 1 1 53
3 0 0 1 1 1 53
3 0 0 1 1 1 53
3 0 1 1 1 1 53
3 0 1 1 1 1 53
3 0 1 1 1 1 53
3 0 1 1 1 1 53
3 0 0 1 1 1 53
3 0 0 1 1 1 53
#SOLUTION-AFT
 20  3  0 
 1  11  22 
 5  10  12 
 19  13  7 
 14  16  15 
 9  18  21 
 8  17  6 
 4  2  23 
#SOLUTION-FWD
 20  3  0 
 1  11  22 
 5  10  12 
 19  13  7 
 14  16  15 
 9  18  21 
 8  17  6 
 4  2  23 
#INFO
cap20: 0  cap40: 23  reefer: 0  HC: 3  capacity: 95.833333 TEU: 48