1 56 0 4 40 1 10
#POD
3 
#LOCATIONS
48 
#CONTAINERS_TOLOAD
0 0 0 25000.00 2.59 40 3 0 48 0
0 0 0 15000.00 2.59 20 3 0 48 0
0 0 0 25000.00 2.59 40 3 0 48 0
0 0 0 15000.00 2.59 20 3 0 48 0
0 0 0 15000.00 2.59 20 3 0 48 0
0 0 0 15000.00 2.59 20 3 0 48 0
0 0 0 25000.00 2.59 40 3 0 48 0
0 0 0 15000.00 2.59 20 3 0 48 0
0 0 0 25000.00 2.59 40 3 0 48 0
0 0 0 25000.00 2.59 40 3 0 48 0
0 0 0 15000.00 2.59 20 3 0 48 0
0 0 0 15000.00 2.59 20 3 0 48 0
0 0 0 15000.00 2.59 20 3 0 48 0
0 0 0 15000.00 2.59 20 3 0 48 0
0 0 0 15000.00 2.59 20 3 0 48 0
0 0 0 15000.00 2.59 20 3 0 48 0
0 0 0 25000.00 2.59 40 3 0 48 0
0 0 0 15000.00 2.59 20 3 0 48 0
0 0 0 15000.00 2.59 20 3 0 48 0
0 0 0 15000.00 2.59 20 3 0 48 0
0 0 0 15000.00 2.59 20 3 0 48 0
0 0 0 15000.00 2.59 20 3 0 48 0
0 0 0 15000.00 2.59 20 3 0 48 0
0 0 0 15000.00 2.59 20 3 0 48 0
0 0 0 15000.00 2.59 20 3 0 48 0
0 0 0 25000.00 2.59 40 3 0 48 0
0 0 0 15000.00 2.59 20 3 0 48 0
0 0 0 15000.00 2.59 20 3 0 48 0
0 0 0 25000.00 2.59 40 3 0 48 0
0 0 0 15000.00 2.59 20 3 0 48 0
0 0 0 15000.00 2.59 20 3 0 48 0
0 0 0 15000.00 2.59 20 3 0 48 0
0 0 0 15000.00 2.59 20 3 0 48 0
0 0 0 15000.00 2.59 20 3 0 48 0
0 0 0 15000.00 2.59 20 3 0 48 0
0 0 0 25000.00 2.59 40 3 0 48 0
0 0 0 25000.00 2.59 40 3 0 48 0
0 0 0 15000.00 2.59 20 3 0 48 0
0 0 0 25000.00 2.59 40 3 0 48 0
0 0 0 25000.00 2.59 40 3 0 48 0
0 0 0 15000.00 2.59 20 3 0 48 0
0 0 0 15000.00 2.59 20 3 0 48 0
0 0 0 15000.00 2.59 20 3 0 48 0
0 0 0 15000.00 2.59 20 3 0 48 0
0 0 0 15000.00 2.59 20 3 0 48 0
0 0 0 25000.00 2.59 40 3 0 48 0
0 0 0 25000.00 2.59 40 3 0 48 0
0 0 0 25000.00 2.59 40 3 0 48 0
0 0 0 15000.00 2.59 20 3 0 48 0
0 0 0 25000.00 2.59 40 3 0 48 0
0 0 0 15000.00 2.59 20 3 0 48 0
0 0 0 15000.00 2.59 20 3 0 48 0
0 0 0 15000.00 2.59 20 3 0 48 0
0 0 0 15000.00 2.59 20 3 0 48 0
0 0 0 15000.00 2.59 20 3 0 48 0
0 0 0 15000.00 2.59 20 3 0 48 0
#CONTAINERS_LOADED 
#STACKS
400000.000000 23.350000 48
400000.000000 23.350000 48
400000.000000 23.350000 48
400000.000000 23.350000 48
#CELLS
1 0 1 1 1 1 48
1 0 1 1 1 1 48
1 0 1 1 1 1 48
1 0 1 1 1 1 48
1 0 1 1 1 1 48
1 0 1 1 1 1 48
1 0 0 1 1 1 48
1 0 0 1 1 1 48
1 0 0 1 1 1 48
1 0 0 0 0 0 0
2 0 0 1 1 1 48
2 0 0 1 1 1 48
2 0 0 1 1 1 48
2 0 0 1 1 1 48
2 0 0 1 1 1 48
2 0 0 1 1 1 48
2 0 0 1 1 1 48
2 0 0 1 1 1 48
2 0 0 1 1 1 48
2 0 0 0 0 0 0
3 0 1 1 1 1 48
3 0 1 1 1 1 48
3 0 1 1 1 1 48
3 0 1 1 1 1 48
3 0 1 1 1 1 48
3 0 1 1 1 1 48
3 0 0 1 1 1 48
3 0 0 1 1 1 48
3 0 0 1 1 1 48
3 0 0 0 0 0 0
4 0 1 1 1 1 48
4 0 1 1 1 1 48
4 0 1 1 1 1 48
4 0 1 1 1 1 48
4 0 1 1 1 1 48
4 0 1 1 1 1 48
4 0 0 1 1 1 48
4 0 0 1 1 1 48
4 0 0 1 1 1 48
4 0 0 0 0 0 0
#SOLUTION-AFT
 0  0  0  0 
 17  3  9  29 
 48  40  50  26 
 7  37  39  47 
 10  46  1  36 
 2  24  8  18 
 32  11  22  51 
 6  44  19  41 
 35  45  14  12 
 38  15  52  42 
#SOLUTION-FWD
 0  0  0  0 
 17  3  9  29 
 48  40  50  26 
 7  37  39  47 
 10  46  1  36 
 55  43  4  31 
 30  5  21  56 
 27  49  54  25 
 23  33  34  28 
 20  16  53  13 
#INFO
cap20: 40  cap40: 16  reefer: 0  HC: 0  capacity: 100.000000 TEU: 72