1 24 0 3 27 1 9
#POD
7 
#LOCATIONS
10 
#CONTAINERS_TOLOAD
0 0 0 7500.00 2.59 20 7 0 10 0
0 0 0 13742.00 2.59 40 7 0 10 0
0 0 0 13797.00 2.59 40 7 0 10 0
0 0 0 13678.00 2.59 40 7 0 10 0
0 0 0 13797.00 2.59 40 7 0 10 0
0 0 0 13700.00 2.59 40 7 0 10 0
0 0 0 13620.00 2.59 40 7 0 10 0
0 0 0 7500.00 2.59 20 7 0 10 0
0 0 0 7500.00 2.59 20 7 0 10 0
0 0 0 7160.00 2.59 20 7 0 10 0
0 0 0 13747.00 2.59 40 7 0 10 0
0 0 0 13797.00 2.59 40 7 0 10 0
0 0 0 13797.00 2.59 40 7 0 10 0
0 0 0 12031.00 2.59 40 7 0 10 0
0 0 0 7500.00 2.59 20 7 0 10 0
0 0 0 13797.00 2.59 40 7 0 10 0
0 0 0 13697.00 2.59 40 7 0 10 0
0 0 0 13697.00 2.59 40 7 0 10 0
0 0 0 10085.00 2.59 40 7 0 10 0
0 0 0 13365.00 2.59 40 7 0 10 0
0 0 0 13647.00 2.59 40 7 0 10 0
0 0 0 13697.00 2.59 40 7 0 10 0
0 0 0 7500.00 2.59 20 7 0 10 0
0 0 0 13600.00 2.59 40 7 0 10 0
#CONTAINERS_LOADED 
#STACKS
384000.000000 18.690000 10
384000.000000 18.690000 10
384000.000000 18.690000 10
#CELLS
1 0 0 0 0 0 0
1 0 0 1 1 1 10
1 0 0 1 1 1 10
1 0 0 1 1 1 10
1 0 0 1 1 1 10
1 0 0 1 1 1 10
1 0 0 1 1 1 10
1 0 0 1 1 1 10
1 0 0 0 0 0 0
2 0 0 0 0 0 0
2 0 0 1 1 1 10
2 0 0 1 1 1 10
2 0 0 1 1 1 10
2 0 0 1 1 1 10
2 0 0 1 1 1 10
2 0 0 1 1 1 10
2 0 0 1 1 1 10
2 0 0 0 0 0 0
3 0 0 0 0 0 0
3 0 0 1 1 1 10
3 0 0 1 1 1 10
3 0 0 1 1 1 10
3 0 0 1 1 1 10
3 0 0 1 1 1 10
3 0 0 1 1 1 10
3 0 0 1 1 1 10
3 0 0 0 0 0 0
#SOLUTION-AFT
 0  0  0 
 19  5  17 
 14  16  18 
 20  13  22 
 24  12  6 
 7  10  2 
 21  9  11 
 4  8  3 
 0  0  0 
#SOLUTION-FWD
 0  0  0 
 19  5  17 
 14  16  18 
 20  13  22 
 24  12  6 
 7  23  2 
 21  1  11 
 4  15  3 
 0  0  0 
#INFO
cap20: 6  cap40: 18  reefer: 0  HC: 0  capacity: 100.000000 TEU: 42