1 27 0 3 24 1 8
#POD
4 
#LOCATIONS
63 
#CONTAINERS_TOLOAD
0 0 0 22350.00 2.59 20 4 0 63 0
0 0 0 10300.00 2.59 20 4 0 63 0
0 0 0 22230.00 2.59 20 4 0 63 0
0 0 0 22280.00 2.59 20 4 0 63 0
0 0 0 22280.00 2.59 20 4 0 63 0
0 0 0 22260.00 2.59 20 4 0 63 0
0 0 0 27000.00 2.59 40 4 0 63 0
0 0 0 22230.00 2.59 20 4 0 63 0
0 0 0 9870.00 2.59 20 4 0 63 0
0 0 0 22230.00 2.59 20 4 0 63 0
0 0 0 22300.00 2.59 20 4 0 63 0
0 0 0 22300.00 2.59 20 4 0 63 0
0 0 0 12280.00 2.59 20 4 0 63 0
0 0 0 22250.00 2.59 20 4 0 63 0
0 0 0 22230.00 2.59 20 4 0 63 0
0 0 0 22300.00 2.59 20 4 0 63 0
0 0 0 22240.00 2.59 20 4 0 63 0
0 0 0 22280.00 2.59 20 4 0 63 0
0 0 0 5170.00 2.59 20 4 0 63 0
0 0 0 22400.00 2.59 20 4 0 63 0
0 0 0 12300.00 2.59 20 4 0 63 0
0 0 0 10000.00 2.59 20 4 0 63 0
0 0 0 24730.00 2.59 40 4 0 63 0
0 0 0 22230.00 2.59 20 4 0 63 0
0 0 0 22400.00 2.59 20 4 0 63 0
0 0 0 18640.00 2.59 40 4 0 63 0
0 0 0 22280.00 2.59 20 4 0 63 0
#CONTAINERS_LOADED 
#STACKS
285600.000000 13.300000 63
285600.000000 13.300000 63
285600.000000 13.300000 63
#CELLS
1 0 0 0 0 0 0
1 0 0 0 0 0 0
1 0 0 0 0 0 0
1 0 0 1 1 1 63
1 0 0 1 1 1 63
1 0 0 1 1 1 63
1 0 0 1 1 1 63
1 0 0 1 1 1 63
2 0 0 0 0 0 0
2 0 0 0 0 0 0
2 0 0 0 0 0 0
2 0 0 1 1 1 63
2 0 0 1 1 1 63
2 0 0 1 1 1 63
2 0 0 1 1 1 63
2 0 0 1 1 1 63
3 0 0 0 0 0 0
3 0 0 0 0 0 0
3 0 0 0 0 0 0
3 0 0 1 1 1 63
3 0 0 1 1 1 63
3 0 0 1 1 1 63
3 0 0 1 1 1 63
3 0 0 1 1 1 63
#SOLUTION-AFT
 26  23  18 
 15  7  4 
 24  9  16 
 17  22  1 
 6  21  20 
 0  0  0 
 0  0  0 
 0  0  0 
#SOLUTION-FWD
 26  23  27 
 8  7  5 
 10  19  11 
 3  2  12 
 14  13  25 
 0  0  0 
 0  0  0 
 0  0  0 
#INFO
cap20: 24  cap40: 3  reefer: 0  HC: 0  capacity: 100.000000 TEU: 30