1 32 0 4 36 1 9
#POD
4 
#LOCATIONS
34 
#CONTAINERS_TOLOAD
0 0 0 25104.00 2.90 40 4 0 34 0
0 0 0 29880.00 2.90 40 4 0 34 0
0 0 0 25224.00 2.90 40 4 0 34 0
0 0 0 25104.00 2.90 40 4 0 34 0
0 0 0 25224.00 2.90 40 4 0 34 0
0 0 0 25164.00 2.90 40 4 0 34 0
0 0 0 25164.00 2.90 40 4 0 34 0
0 0 0 25124.00 2.90 40 4 0 34 0
0 0 0 25104.00 2.90 40 4 0 34 0
0 0 0 25134.00 2.90 40 4 0 34 0
0 0 0 25174.00 2.90 40 4 0 34 0
0 0 0 25104.00 2.90 40 4 0 34 0
0 0 0 19004.00 2.90 40 4 0 34 0
0 0 0 25174.00 2.90 40 4 0 34 0
0 0 0 25114.00 2.90 40 4 0 34 0
0 0 0 25164.00 2.90 40 4 0 34 0
0 0 0 25104.00 2.90 40 4 0 34 0
0 0 0 20846.00 2.90 40 4 0 34 0
0 0 0 25174.00 2.90 40 4 0 34 0
0 0 0 25104.00 2.90 40 4 0 34 0
0 0 0 25104.00 2.90 40 4 0 34 0
0 0 0 25104.00 2.90 40 4 0 34 0
0 0 0 25104.00 2.90 40 4 0 34 0
0 0 0 19633.00 2.90 40 4 0 34 0
0 0 0 25164.00 2.90 40 4 0 34 0
0 0 0 25104.00 2.90 40 4 0 34 0
0 0 0 25104.00 2.90 40 4 0 34 0
0 0 0 25134.00 2.90 40 4 0 34 0
0 0 0 25174.00 2.90 40 4 0 34 0
0 0 0 28030.00 2.90 40 4 0 34 0
0 0 0 25124.00 2.90 40 4 0 34 0
0 0 0 25224.00 2.90 40 4 0 34 0
#CONTAINERS_LOADED 
#STACKS
270000.000000 23.490000 34
270000.000000 23.490000 34
270000.000000 23.490000 34
270000.000000 23.490000 34
#CELLS
1 0 0 1 1 1 34
1 0 0 1 1 1 34
1 0 0 1 1 1 34
1 0 0 1 1 1 34
1 0 0 1 1 1 34
1 0 0 1 1 1 34
1 0 0 1 1 1 34
1 0 0 1 1 1 34
1 0 0 0 0 1 34
2 0 0 1 1 1 34
2 0 0 1 1 1 34
2 0 0 1 1 1 34
2 0 0 1 1 1 34
2 0 0 1 1 1 34
2 0 0 1 1 1 34
2 0 0 1 1 1 34
2 0 0 1 1 1 34
2 0 0 0 0 1 34
3 0 0 1 1 1 34
3 0 0 1 1 1 34
3 0 0 1 1 1 34
3 0 0 1 1 1 34
3 0 0 1 1 1 34
3 0 0 1 1 1 34
3 0 0 1 1 1 34
3 0 0 1 1 1 34
3 0 0 0 0 1 34
4 0 0 1 1 1 34
4 0 0 1 1 1 34
4 0 0 1 1 1 34
4 0 0 1 1 1 34
4 0 0 1 1 1 34
4 0 0 1 1 1 34
4 0 0 1 1 1 34
4 0 0 1 1 1 34
4 0 0 0 0 1 34
#SOLUTION-AFT
 0  0  0  0 
 21  25  5  27 
 22  7  3  26 
 23  16  32  1 
 4  6  30  15 
 9  29  2  8 
 12  19  13  31 
 17  14  18  28 
 20  11  24  10 
#SOLUTION-FWD
 0  0  0  0 
 21  25  5  27 
 22  7  3  26 
 23  16  32  1 
 4  6  30  15 
 9  29  2  8 
 12  19  13  31 
 17  14  18  28 
 20  11  24  10 
#INFO
cap20: 0  cap40: 32  reefer: 0  HC: 32  capacity: 88.888889 TEU: 72