1 37 0 10 90 1 9
#POD
8 
#LOCATIONS
65 
#CONTAINERS_TOLOAD
0 0 0 7660.00 2.90 40 8 0 65 0
0 0 0 13880.00 2.90 40 8 0 65 0
0 0 0 10822.00 2.90 40 8 0 65 0
0 0 0 7550.00 2.59 40 8 0 65 0
0 0 0 13840.00 2.90 40 8 0 65 0
0 0 0 22670.00 2.90 40 8 1 65 0
0 0 0 14750.00 2.90 40 8 0 65 0
0 0 0 10550.00 2.90 40 8 0 65 0
0 0 0 10495.00 2.90 40 8 0 65 0
0 0 0 14140.00 2.90 40 8 0 65 0
0 0 0 9670.00 2.90 40 8 0 65 0
0 0 0 10495.00 2.90 40 8 0 65 0
0 0 0 13880.00 2.90 40 8 0 65 0
0 0 0 14120.00 2.90 40 8 0 65 0
0 0 0 9275.00 2.90 40 8 0 65 0
0 0 0 14350.00 2.90 40 8 0 65 0
0 0 0 10915.00 2.90 40 8 0 65 0
0 0 0 10370.00 2.90 40 8 0 65 0
0 0 0 10420.00 2.90 40 8 0 65 0
0 0 0 7671.00 2.90 40 8 0 65 0
0 0 0 10370.00 2.90 40 8 0 65 0
0 0 0 10650.00 2.90 40 8 0 65 0
0 0 0 10765.00 2.90 40 8 0 65 0
0 0 0 10965.00 2.90 40 8 0 65 0
0 0 0 5960.00 2.59 40 8 0 65 0
0 0 0 10602.00 2.90 40 8 0 65 0
0 0 0 10495.00 2.90 40 8 0 65 0
0 0 0 14200.00 2.90 40 8 0 65 0
0 0 0 10495.00 2.90 40 8 0 65 0
0 0 0 10495.00 2.90 40 8 0 65 0
0 0 0 14000.00 2.90 40 8 0 65 0
0 0 0 10845.00 2.90 40 8 0 65 0
0 0 0 8300.00 2.59 40 8 0 65 0
0 0 0 10370.00 2.90 40 8 0 65 0
0 0 0 10765.00 2.90 40 8 0 65 0
0 0 0 13880.00 2.90 40 8 0 65 0
0 0 0 10665.00 2.90 40 8 0 65 0
#CONTAINERS_LOADED 
#STACKS
270000.000000 14.600000 65
270000.000000 17.520000 65
270000.000000 17.520000 65
270000.000000 17.520000 65
270000.000000 17.520000 65
270000.000000 17.520000 65
270000.000000 17.520000 65
270000.000000 17.520000 65
270000.000000 17.520000 65
270000.000000 14.600000 65
#CELLS
1 0 0 0 0 0 0
1 0 0 0 0 0 0
1 0 0 0 0 0 0
1 0 1 0 0 1 65
1 0 1 0 0 1 65
1 0 0 0 0 1 65
1 0 0 0 0 1 65
1 0 0 0 0 1 65
1 0 0 0 0 0 0
2 0 0 0 0 0 0
2 0 0 0 0 0 0
2 0 0 0 0 1 65
2 0 1 0 0 1 65
2 0 1 0 0 1 65
2 0 1 0 0 1 65
2 0 0 0 0 1 65
2 0 0 0 0 1 65
2 0 0 0 0 0 0
3 0 0 0 0 0 0
3 0 0 0 0 0 0
3 0 1 0 0 1 65
3 0 1 0 0 1 65
3 0 1 0 0 1 65
3 0 1 0 0 1 65
3 0 0 0 0 1 65
3 0 0 0 0 1 65
3 0 0 0 0 0 0
4 0 0 0 0 0 0
4 0 0 0 0 0 0
4 0 1 0 0 1 65
4 0 1 0 0 1 65
4 0 1 0 0 1 65
4 0 1 0 0 1 65
4 0 0 0 0 1 65
4 0 0 0 0 1 65
4 0 0 0 0 0 0
5 0 0 0 0 0 0
5 0 0 0 0 0 0
5 0 1 0 0 1 65
5 0 1 0 0 1 65
5 0 1 0 0 1 65
5 0 1 0 0 1 65
5 0 0 0 0 1 65
5 0 0 0 0 1 65
5 0 0 0 0 0 0
6 0 0 0 0 0 0
6 0 0 0 0 0 0
6 0 1 0 0 1 65
6 0 1 0 0 1 65
6 0 1 0 0 1 65
6 0 1 0 0 1 65
6 0 0 0 0 1 65
6 0 0 0 0 1 65
6 0 0 0 0 0 0
7 0 0 0 0 0 0
7 0 0 0 0 0 0
7 0 1 0 0 1 65
7 0 1 0 0 1 65
7 0 1 0 0 1 65
7 0 1 0 0 1 65
7 0 0 0 0 1 65
7 0 0 0 0 1 65
7 0 0 0 0 0 0
8 0 0 0 0 0 0
8 0 0 0 0 0 0
8 0 1 0 0 1 65
8 0 1 0 0 1 65
8 0 1 0 0 1 65
8 0 1 0 0 1 65
8 0 0 0 0 1 65
8 0 0 0 0 1 65
8 0 0 0 0 0 0
9 0 0 0 0 0 0
9 0 0 0 0 0 0
9 0 0 0 0 1 65
9 0 1 0 0 1 65
9 0 1 0 0 1 65
9 0 1 0 0 1 65
9 0 0 0 0 1 65
9 0 0 0 0 1 65
9 0 0 0 0 0 0
10 0 0 0 0 0 0
10 0 0 0 0 0 0
10 0 0 0 0 0 0
10 0 1 0 0 1 65
10 0 1 0 0 1 65
10 0 0 0 0 1 65
10 0 0 0 0 1 65
10 0 0 0 0 1 65
10 0 0 0 0 0 0
#SOLUTION-AFT
 0  0  0  0  0  0  0  0  0  0 
 1  0  0  25  0  0  0  13  22  21 
 20  29  0  4  0  0  0  36  37  34 
 15  30  32  33  0  0  0  2  35  19 
 11  9  17  28  0  0  0  31  23  27 
 18  8  24  16  0  0  0  14  6  12 
 0  26  5  7  0  0  0  10  3  0 
 0  0  0  0  0  0  0  0  0  0 
 0  0  0  0  0  0  0  0  0  0 
#SOLUTION-FWD
 0  0  0  0  0  0  0  0  0  0 
 1  0  0  25  0  0  0  13  22  21 
 20  29  0  4  0  0  0  36  37  34 
 15  30  32  33  0  0  0  2  35  19 
 11  9  17  28  0  0  0  31  23  27 
 18  8  24  16  0  0  0  14  6  12 
 0  26  5  7  0  0  0  10  3  0 
 0  0  0  0  0  0  0  0  0  0 
 0  0  0  0  0  0  0  0  0  0 
#INFO
cap20: 0  cap40: 37  reefer: 1  HC: 34  capacity: 63.793103 TEU: 116