1 18 0 3 21 1 7
#POD
4 
#LOCATIONS
9 
#CONTAINERS_TOLOAD
0 0 0 16500.00 2.90 40 4 0 9 0
0 0 0 13000.00 2.59 40 4 0 9 0
0 0 0 15000.00 2.90 40 4 0 9 0
0 0 0 13900.00 2.59 40 4 0 9 0
0 0 0 16500.00 2.90 40 4 0 9 0
0 0 0 15000.00 2.90 40 4 0 9 0
0 0 0 13000.00 2.59 40 4 0 9 0
0 0 0 18000.00 2.90 40 4 0 9 0
0 0 0 13000.00 2.59 40 4 0 9 0
0 0 0 15000.00 2.90 40 4 0 9 0
0 0 0 13000.00 2.59 40 4 0 9 0
0 0 0 13000.00 2.59 40 4 0 9 0
0 0 0 16699.00 2.90 40 4 0 9 0
0 0 0 15000.00 2.90 40 4 0 9 0
0 0 0 13000.00 2.59 40 4 0 9 0
0 0 0 13000.00 2.59 40 4 0 9 0
0 0 0 13000.00 2.59 40 4 0 9 0
0 0 0 13000.00 2.59 40 4 0 9 0
#CONTAINERS_LOADED 
#STACKS
254000.000000 16.650000 9
268000.000000 19.240000 9
254000.000000 16.650000 9
#CELLS
1 0 0 0 0 0 0
1 0 1 1 1 1 9
1 1 1 1 1 1 9
1 1 1 1 1 1 9
1 1 1 1 1 1 9
1 0 0 1 1 1 9
1 0 0 1 1 1 9
2 0 1 1 1 1 9
2 0 1 1 1 1 9
2 1 1 1 1 1 9
2 1 1 1 1 1 9
2 1 1 1 1 1 9
2 0 0 1 1 1 9
2 0 0 1 1 1 9
3 0 0 0 0 0 0
3 0 1 1 1 1 9
3 1 1 1 1 1 9
3 1 1 1 1 1 9
3 1 1 1 1 1 9
3 0 0 1 1 1 9
3 0 0 1 1 1 9
#SOLUTION-AFT
 18  12  0 
 11  7  2 
 9  16  15 
 3  4  17 
 10  5  14 
 6  13  1 
 0  8  0 
#SOLUTION-FWD
 18  12  0 
 11  7  2 
 9  16  15 
 3  4  17 
 10  5  14 
 6  13  1 
 0  8  0 
#INFO
cap20: 0  cap40: 18  reefer: 0  HC: 8  capacity: 94.736842 TEU: 38