1 44 0 10 90 1 9
#POD
3 
#LOCATIONS
39 
#CONTAINERS_TOLOAD
0 0 0 26830.00 2.59 20 3 0 39 0
0 0 0 26830.00 2.59 20 3 0 39 0
0 0 0 27230.00 2.59 20 3 0 39 0
0 0 0 23390.00 2.59 20 3 0 39 0
0 0 0 20770.00 2.59 20 3 0 39 0
0 0 0 26900.00 2.59 20 3 0 39 0
0 0 0 27170.00 2.59 20 3 0 39 0
0 0 0 23240.00 2.59 20 3 0 39 0
0 0 0 23040.00 2.59 20 3 0 39 0
0 0 0 23000.00 2.59 20 3 0 39 0
0 0 0 20880.00 2.59 20 3 0 39 0
0 0 0 23000.00 2.59 20 3 0 39 0
0 0 0 23000.00 2.59 20 3 0 39 0
0 0 0 26900.00 2.59 20 3 0 39 0
0 0 0 26900.00 2.59 20 3 0 39 0
0 0 0 26850.00 2.59 20 3 0 39 0
0 0 0 23230.00 2.59 20 3 0 39 0
0 0 0 26880.00 2.59 20 3 0 39 0
0 0 0 17300.00 2.59 20 3 0 39 0
0 0 0 26900.00 2.59 20 3 0 39 0
0 0 0 26900.00 2.59 20 3 0 39 0
0 0 0 15680.00 2.59 20 3 0 39 0
0 0 0 23710.00 2.59 20 3 0 39 0
0 0 0 26850.00 2.59 20 3 0 39 0
0 0 0 26900.00 2.59 20 3 0 39 0
0 0 0 27230.00 2.59 20 3 0 39 0
0 0 0 23000.00 2.59 20 3 0 39 0
0 0 0 17290.00 2.59 20 3 0 39 0
0 0 0 7280.00 2.59 20 3 0 39 0
0 0 0 23000.00 2.59 20 3 0 39 0
0 0 0 26900.00 2.59 20 3 0 39 0
0 0 0 26850.00 2.59 20 3 0 39 0
0 0 0 23000.00 2.59 20 3 0 39 0
0 0 0 26900.00 2.59 20 3 0 39 0
0 0 0 23220.00 2.59 20 3 0 39 0
0 0 0 10860.00 2.59 20 3 0 39 0
0 0 0 13770.00 2.59 20 3 0 39 0
0 0 0 27300.00 2.59 20 3 0 39 0
0 0 0 26850.00 2.59 20 3 0 39 0
0 0 0 26900.00 2.59 20 3 0 39 0
0 0 0 23000.00 2.59 20 3 0 39 0
0 0 0 19720.00 2.59 20 3 0 39 0
0 0 0 27250.00 2.59 20 3 0 39 0
0 0 0 26900.00 2.59 20 3 0 39 0
#CONTAINERS_LOADED 
#STACKS
162000.000000 5.690000 39
162000.000000 5.690000 39
162000.000000 5.690000 39
108000.000000 5.690000 39
108000.000000 8.290000 39
108000.000000 8.290000 39
108000.000000 5.690000 39
162000.000000 5.690000 39
162000.000000 5.690000 39
162000.000000 5.690000 39
#CELLS
1 0 0 0 0 0 0
1 0 0 0 0 0 0
1 0 0 0 0 0 0
1 0 0 0 0 0 0
1 0 0 0 0 0 0
1 0 0 0 0 0 0
1 0 0 0 0 0 0
1 0 0 1 1 1 39
1 0 0 1 1 1 39
2 0 0 0 0 0 0
2 0 0 0 0 0 0
2 0 0 0 0 0 0
2 0 0 0 0 0 0
2 0 0 0 0 0 0
2 0 0 0 0 0 0
2 0 0 0 0 0 0
2 0 0 1 1 1 39
2 0 0 1 1 1 39
3 0 0 0 0 0 0
3 0 0 0 0 0 0
3 0 0 0 0 0 0
3 0 0 0 0 0 0
3 0 0 0 0 0 0
3 0 0 0 0 0 0
3 0 0 0 0 0 0
3 0 0 1 1 1 39
3 0 0 1 1 1 39
4 0 0 0 0 0 0
4 0 0 0 0 0 0
4 0 0 0 0 0 0
4 0 0 0 0 0 0
4 0 0 0 0 0 0
4 0 0 0 0 0 0
4 0 0 0 0 0 0
4 0 0 1 1 1 39
4 0 0 1 1 1 39
5 0 0 0 0 0 0
5 0 0 0 0 0 0
5 0 0 0 0 0 0
5 0 0 0 0 0 0
5 0 0 0 0 0 0
5 0 0 0 0 0 0
5 0 0 1 1 1 39
5 0 0 1 1 1 39
5 0 0 1 1 1 39
6 0 0 0 0 0 0
6 0 0 0 0 0 0
6 0 0 0 0 0 0
6 0 0 0 0 0 0
6 0 0 0 0 0 0
6 0 0 0 0 0 0
6 0 0 1 1 1 39
6 0 0 1 1 1 39
6 0 0 1 1 1 39
7 0 0 0 0 0 0
7 0 0 0 0 0 0
7 0 0 0 0 0 0
7 0 0 0 0 0 0
7 0 0 0 0 0 0
7 0 0 0 0 0 0
7 0 0 0 0 0 0
7 0 0 1 1 1 39
7 0 0 1 1 1 39
8 0 0 0 0 0 0
8 0 0 0 0 0 0
8 0 0 0 0 0 0
8 0 0 0 0 0 0
8 0 0 0 0 0 0
8 0 0 0 0 0 0
8 0 0 0 0 0 0
8 0 0 1 1 1 39
8 0 0 1 1 1 39
9 0 0 0 0 0 0
9 0 0 0 0 0 0
9 0 0 0 0 0 0
9 0 0 0 0 0 0
9 0 0 0 0 0 0
9 0 0 0 0 0 0
9 0 0 0 0 0 0
9 0 0 1 1 1 39
9 0 0 1 1 1 39
10 0 0 0 0 0 0
10 0 0 0 0 0 0
10 0 0 0 0 0 0
10 0 0 0 0 0 0
10 0 0 0 0 0 0
10 0 0 0 0 0 0
10 0 0 0 0 0 0
10 0 0 1 1 1 39
10 0 0 1 1 1 39
#SOLUTION-AFT
 16  40  41  35  37  29  1  15  30  27 
 39  21  9  38  28  10  7  26  34  20 
 0  0  0  0  5  23  0  0  0  0 
 0  0  0  0  0  0  0  0  0  0 
 0  0  0  0  0  0  0  0  0  0 
 0  0  0  0  0  0  0  0  0  0 
 0  0  0  0  0  0  0  0  0  0 
 0  0  0  0  0  0  0  0  0  0 
 0  0  0  0  0  0  0  0  0  0 
#SOLUTION-FWD
 32  14  12  17  22  36  6  3  33  13 
 24  44  31  8  19  42  2  43  25  18 
 0  0  0  0  11  4  0  0  0  0 
 0  0  0  0  0  0  0  0  0  0 
 0  0  0  0  0  0  0  0  0  0 
 0  0  0  0  0  0  0  0  0  0 
 0  0  0  0  0  0  0  0  0  0 
 0  0  0  0  0  0  0  0  0  0 
 0  0  0  0  0  0  0  0  0  0 
#INFO
cap20: 44  cap40: 0  reefer: 0  HC: 0  capacity: 100.000000 TEU: 44