1 8 0 1 8 1 8
#POD
3 
#LOCATIONS
66 
#CONTAINERS_TOLOAD
0 0 0 2000.00 2.59 20 3 0 66 0
0 0 0 2000.00 2.59 20 3 0 66 0
0 0 0 2000.00 2.59 20 3 0 66 0
0 0 0 2000.00 2.59 20 3 0 66 0
0 0 0 2000.00 2.59 20 3 0 66 0
0 0 0 2000.00 2.59 20 3 0 66 0
0 0 0 2000.00 2.59 20 3 0 66 0
0 0 0 2000.00 2.59 20 3 0 66 0
#CONTAINERS_LOADED 
#STACKS
192000.000000 10.920000 66
#CELLS
1 0 0 0 0 0 0
1 0 0 0 0 0 0
1 0 0 0 0 0 0
1 0 0 0 0 0 0
1 0 0 1 1 1 66
1 0 0 1 1 1 66
1 0 0 1 1 1 66
1 0 0 1 1 1 66
#SOLUTION-AFT
 6 
 3 
 5 
 1 
 0 
 0 
 0 
 0 
#SOLUTION-FWD
 2 
 4 
 8 
 7 
 0 
 0 
 0 
 0 
#INFO
cap20: 8  cap40: 0  reefer: 0  HC: 0  capacity: 100.000000 TEU: 8