1 21 0 3 27 1 9
#POD
4 
#LOCATIONS
14 
#CONTAINERS_TOLOAD
0 0 0 4000.00 2.90 40 4 0 14 0
0 0 0 4000.00 2.90 40 4 0 14 0
0 0 0 4000.00 2.90 40 4 0 14 0
0 0 0 4000.00 2.90 40 4 0 14 0
0 0 0 4000.00 2.90 40 4 0 14 0
0 0 0 4000.00 2.90 40 4 0 14 0
0 0 0 4000.00 2.90 40 4 0 14 0
0 0 0 4000.00 2.90 40 4 0 14 0
0 0 0 4000.00 2.90 40 4 0 14 0
0 0 0 4000.00 2.90 40 4 0 14 0
0 0 0 4000.00 2.90 40 4 0 14 0
0 0 0 4000.00 2.90 40 4 0 14 0
0 0 0 4000.00 2.90 40 4 0 14 0
0 0 0 4000.00 2.90 40 4 0 14 0
0 0 0 4000.00 2.90 40 4 0 14 0
0 0 0 4000.00 2.90 40 4 0 14 0
0 0 0 4000.00 2.90 40 4 0 14 0
0 0 0 4000.00 2.90 40 4 0 14 0
0 0 0 4000.00 2.90 40 4 0 14 0
0 0 0 4000.00 2.90 40 4 0 14 0
0 0 0 4000.00 2.90 40 4 0 14 0
#CONTAINERS_LOADED 
#STACKS
384000.000000 21.280000 14
384000.000000 21.280000 14
384000.000000 21.280000 14
#CELLS
1 0 0 1 1 1 14
1 1 0 1 1 1 14
1 1 0 1 1 1 14
1 1 0 1 1 1 14
1 1 0 1 1 1 14
1 1 0 1 1 1 14
1 0 0 1 1 1 14
1 0 0 1 1 1 14
1 0 0 0 0 0 0
2 0 0 1 1 1 14
2 1 0 1 1 1 14
2 1 0 1 1 1 14
2 1 0 1 1 1 14
2 1 0 1 1 1 14
2 1 0 1 1 1 14
2 0 0 1 1 1 14
2 0 0 1 1 1 14
2 0 0 0 0 0 0
3 0 0 1 1 1 14
3 1 0 1 1 1 14
3 1 0 1 1 1 14
3 1 0 1 1 1 14
3 1 0 1 1 1 14
3 1 0 1 1 1 14
3 0 0 1 1 1 14
3 0 0 1 1 1 14
3 0 0 0 0 0 0
#SOLUTION-AFT
 0  0  0 
 0  0  0 
 11  2  15 
 4  7  17 
 21  12  8 
 10  9  16 
 18  20  3 
 6  13  14 
 5  1  19 
#SOLUTION-FWD
 0  0  0 
 0  0  0 
 11  2  15 
 4  7  17 
 21  12  8 
 10  9  16 
 18  20  3 
 6  13  14 
 5  1  19 
#INFO
cap20: 0  cap40: 21  reefer: 0  HC: 21  capacity: 87.500000 TEU: 48