1 8 23 4 36 1 9
#POD
2 
#LOCATIONS
39 
#CONTAINERS_TOLOAD
0 0 0 14004.00 2.59 20 2 0 39 0
0 0 0 20453.00 2.59 20 2 0 39 0
0 0 0 29130.00 2.59 20 2 0 39 0
0 0 0 29130.00 2.59 20 2 0 39 0
0 0 0 20320.00 2.59 20 2 0 39 0
0 0 0 24440.00 2.59 20 2 0 39 0
0 0 0 20280.00 2.59 20 2 0 39 0
0 0 0 20310.00 2.59 20 2 0 39 0
#CONTAINERS_LOADED 
3 5 0 28700.00 2.90 40 2 1 39 0
3 2 0 28700.00 2.90 40 2 1 39 0
1 6 0 28600.00 2.90 40 2 1 39 0
3 3 0 28600.00 2.90 40 2 1 39 0
2 6 0 28800.00 2.90 40 2 1 39 0
1 1 -1 21600.00 2.59 20 2 0 39 0
2 5 0 28500.00 2.90 40 2 1 39 0
1 3 -1 21500.00 2.59 20 2 0 39 0
2 1 0 28700.00 2.90 40 2 1 39 0
3 6 0 28700.00 2.90 40 2 1 39 0
1 4 1 10000.00 2.59 20 2 1 39 0
3 1 0 28400.00 2.90 40 2 1 39 0
1 4 -1 22200.00 2.59 20 2 0 39 0
1 2 -1 22200.00 2.59 20 2 0 39 0
3 4 0 29200.00 2.90 40 2 1 39 0
1 1 1 22000.00 2.59 20 2 1 39 0
1 5 0 28600.00 2.90 40 2 1 39 0
2 2 0 28300.00 2.90 40 2 1 39 0
1 2 1 21000.00 2.59 20 2 1 39 0
1 3 1 19500.00 2.59 20 2 1 39 0
2 7 0 18200.00 2.59 40 2 0 39 0
2 4 0 29200.00 2.90 40 2 1 39 0
2 3 0 30000.00 2.90 40 2 1 39 0
#STACKS
270000.000000 23.320000 39
270000.000000 23.320000 39
270000.000000 23.320000 39
270000.000000 23.320000 39
#CELLS
1 0 1 1 1 1 39
1 0 1 1 1 1 39
1 0 1 1 1 1 39
1 0 1 1 1 1 39
1 0 1 1 1 1 39
1 1 0 1 1 1 39
1 0 0 1 1 1 39
1 0 0 1 1 1 39
1 0 0 0 0 1 39
2 0 1 1 1 1 39
2 0 1 1 1 1 39
2 0 1 1 1 1 39
2 0 1 1 1 1 39
2 0 1 1 1 1 39
2 1 0 1 1 1 39
2 0 0 1 1 1 39
2 0 0 1 1 1 39
2 0 0 0 0 1 39
3 0 1 1 1 1 39
3 0 1 1 1 1 39
3 0 1 1 1 1 39
3 0 1 1 1 1 39
3 0 1 1 1 1 39
3 1 0 1 1 1 39
3 0 0 1 1 1 39
3 0 0 1 1 1 39
3 0 0 0 0 1 39
4 0 1 1 1 1 39
4 0 1 1 1 1 39
4 0 1 1 1 1 39
4 0 1 1 1 1 39
4 0 1 1 1 1 39
4 1 0 1 1 1 39
4 0 0 1 1 1 39
4 0 0 1 1 1 39
4 0 0 0 0 1 39
#SOLUTION-AFT
 0  0  0  0 
 0  0  0  0 
 0  29  0  0 
 11  13  18  0 
 25  15  9  0 
 19  30  23  0 
 28  31  12  0 
 27  26  10  4 
 24  17  20  1 
#SOLUTION-FWD
 0  0  0  0 
 0  0  0  0 
 0  29  0  0 
 11  13  18  7 
 25  15  9  8 
 21  30  23  5 
 16  31  12  2 
 22  26  10  6 
 14  17  20  3 
#INFO
cap20: 16  cap40: 15  reefer: 18  HC: 14  capacity: 63.888889 TEU: 72