1 88 0 10 110 1 11
#POD
4 
#LOCATIONS
37 
#CONTAINERS_TOLOAD
0 0 0 13000.00 2.59 40 4 0 37 0
0 0 0 11699.00 2.59 40 4 0 37 0
0 0 0 13199.00 2.90 40 4 0 37 0
0 0 0 12699.00 2.59 40 4 0 37 0
0 0 0 28699.00 2.59 40 4 0 37 0
0 0 0 27500.00 2.59 40 4 0 37 0
0 0 0 11400.00 2.59 40 4 0 37 0
0 0 0 28899.00 2.90 40 4 0 37 0
0 0 0 13400.00 2.90 40 4 0 37 0
0 0 0 12900.00 2.90 40 4 0 37 0
0 0 0 25699.00 2.59 40 4 0 37 0
0 0 0 12400.00 2.59 40 4 0 37 0
0 0 0 12199.00 2.59 40 4 0 37 0
0 0 0 23899.00 2.59 20 4 1 37 0
0 0 0 29399.00 2.90 40 4 1 37 0
0 0 0 13199.00 2.59 40 4 0 37 0
0 0 0 11699.00 2.59 40 4 0 37 0
0 0 0 16600.00 2.90 40 4 0 37 0
0 0 0 26699.00 2.59 40 4 0 37 0
0 0 0 25699.00 2.59 40 4 0 37 0
0 0 0 11400.00 2.59 40 4 0 37 0
0 0 0 8199.00 2.59 20 4 0 37 0
0 0 0 25800.00 2.59 40 4 0 37 0
0 0 0 13199.00 2.59 40 4 0 37 0
0 0 0 12900.00 2.90 40 4 0 37 0
0 0 0 12300.00 2.59 40 4 0 37 0
0 0 0 25000.00 2.59 40 4 0 37 0
0 0 0 11699.00 2.59 40 4 0 37 0
0 0 0 13400.00 2.90 40 4 0 37 0
0 0 0 13400.00 2.90 40 4 0 37 0
0 0 0 25000.00 2.59 40 4 0 37 0
0 0 0 12000.00 2.59 40 4 0 37 0
0 0 0 13400.00 2.90 40 4 0 37 0
0 0 0 13199.00 2.90 40 4 0 37 0
0 0 0 26399.00 2.90 40 4 1 37 0
0 0 0 12099.00 2.59 40 4 0 37 0
0 0 0 12900.00 2.90 40 4 0 37 0
0 0 0 12699.00 2.90 40 4 0 37 0
0 0 0 13000.00 2.90 40 4 0 37 0
0 0 0 8199.00 2.59 20 4 0 37 0
0 0 0 13199.00 2.90 40 4 0 37 0
0 0 0 16399.00 2.90 40 4 0 37 0
0 0 0 29399.00 2.90 40 4 1 37 0
0 0 0 12699.00 2.59 40 4 0 37 0
0 0 0 8199.00 2.59 20 4 0 37 0
0 0 0 11300.00 2.59 40 4 0 37 0
0 0 0 12699.00 2.59 40 4 0 37 0
0 0 0 11699.00 2.59 40 4 0 37 0
0 0 0 16399.00 2.90 40 4 0 37 0
0 0 0 13400.00 2.90 40 4 0 37 0
0 0 0 19004.00 2.59 40 4 0 37 0
0 0 0 12400.00 2.59 40 4 0 37 0
0 0 0 11599.00 2.59 40 4 0 37 0
0 0 0 13400.00 2.90 40 4 0 37 0
0 0 0 23699.00 2.59 20 4 1 37 0
0 0 0 13300.00 2.59 40 4 0 37 0
0 0 0 25300.00 2.59 40 4 0 37 0
0 0 0 12900.00 2.90 40 4 0 37 0
0 0 0 12900.00 2.90 40 4 0 37 0
0 0 0 12900.00 2.90 40 4 0 37 0
0 0 0 13199.00 2.90 40 4 0 37 0
0 0 0 13199.00 2.90 40 4 0 37 0
0 0 0 11900.00 2.59 40 4 0 37 0
0 0 0 12800.00 2.90 40 4 0 37 0
0 0 0 13099.00 2.59 40 4 0 37 0
0 0 0 12699.00 2.59 40 4 0 37 0
0 0 0 23899.00 2.59 20 4 1 37 0
0 0 0 11300.00 2.59 40 4 0 37 0
0 0 0 24800.00 2.59 40 4 0 37 0
0 0 0 16800.00 2.90 40 4 0 37 0
0 0 0 12699.00 2.59 40 4 0 37 0
0 0 0 11400.00 2.59 40 4 0 37 0
0 0 0 12900.00 2.90 40 4 0 37 0
0 0 0 16800.00 2.90 40 4 0 37 0
0 0 0 11699.00 2.59 40 4 0 37 0
0 0 0 12699.00 2.59 40 4 0 37 0
0 0 0 11400.00 2.59 40 4 0 37 0
0 0 0 11699.00 2.59 40 4 0 37 0
0 0 0 16500.00 2.90 40 4 0 37 0
0 0 0 25699.00 2.59 40 4 0 37 0
0 0 0 11699.00 2.59 40 4 0 37 0
0 0 0 27100.00 2.59 40 4 0 37 0
0 0 0 12300.00 2.59 40 4 0 37 0
0 0 0 10900.00 2.59 40 4 0 37 0
0 0 0 11099.00 2.59 40 4 0 37 0
0 0 0 12800.00 2.90 40 4 0 37 0
0 0 0 28699.00 2.59 40 4 0 37 0
0 0 0 10900.00 2.59 40 4 0 37 0
#CONTAINERS_LOADED 
#STACKS
270000.000000 17.530000 37
270000.000000 23.340000 37
270000.000000 26.240000 37
270000.000000 26.240000 37
270000.000000 26.240000 37
270000.000000 26.240000 37
270000.000000 26.240000 37
270000.000000 26.240000 37
270000.000000 23.340000 37
270000.000000 17.530000 37
#CELLS
1 0 0 0 0 0 0
1 0 0 0 0 0 0
1 0 0 0 0 0 0
1 0 0 0 0 0 0
1 1 0 1 1 1 37
1 1 0 1 1 1 37
1 1 0 1 1 1 37
1 0 0 1 1 1 37
1 0 0 1 1 1 37
1 0 0 1 1 1 37
1 0 0 0 0 0 0
2 0 0 0 0 0 0
2 0 0 0 0 0 0
2 1 0 1 1 1 37
2 1 0 1 1 1 37
2 1 0 1 1 1 37
2 1 0 1 1 1 37
2 1 0 1 1 1 37
2 1 0 1 1 1 37
2 0 0 1 1 1 37
2 0 0 1 1 1 37
2 0 0 0 0 0 0
3 0 0 0 0 0 0
3 1 0 1 1 1 37
3 1 0 1 1 1 37
3 1 0 1 1 1 37
3 1 0 1 1 1 37
3 1 0 1 1 1 37
3 1 0 1 1 1 37
3 1 0 1 1 1 37
3 0 0 1 1 1 37
3 0 0 1 1 1 37
3 0 0 1 1 1 37
4 0 0 0 0 0 0
4 1 0 1 1 1 37
4 1 0 1 1 1 37
4 1 0 1 1 1 37
4 1 0 1 1 1 37
4 1 0 1 1 1 37
4 1 0 1 1 1 37
4 1 0 1 1 1 37
4 0 0 1 1 1 37
4 0 0 1 1 1 37
4 0 0 1 1 1 37
5 0 0 0 0 0 0
5 1 0 1 1 1 37
5 1 0 1 1 1 37
5 1 0 1 1 1 37
5 1 0 1 1 1 37
5 1 0 1 1 1 37
5 1 0 1 1 1 37
5 1 0 1 1 1 37
5 0 0 1 1 1 37
5 0 0 1 1 1 37
5 0 0 1 1 1 37
6 0 0 0 0 0 0
6 1 0 1 1 1 37
6 1 0 1 1 1 37
6 1 0 1 1 1 37
6 1 0 1 1 1 37
6 1 0 1 1 1 37
6 1 0 1 1 1 37
6 1 0 1 1 1 37
6 0 0 1 1 1 37
6 0 0 1 1 1 37
6 0 0 1 1 1 37
7 0 0 0 0 0 0
7 1 0 1 1 1 37
7 1 0 1 1 1 37
7 1 0 1 1 1 37
7 1 0 1 1 1 37
7 1 0 1 1 1 37
7 1 0 1 1 1 37
7 1 0 1 1 1 37
7 0 0 1 1 1 37
7 0 0 1 1 1 37
7 0 0 1 1 1 37
8 0 0 0 0 0 0
8 1 0 1 1 1 37
8 1 0 1 1 1 37
8 1 0 1 1 1 37
8 1 0 1 1 1 37
8 1 0 1 1 1 37
8 1 0 1 1 1 37
8 1 0 1 1 1 37
8 0 0 1 1 1 37
8 0 0 1 1 1 37
8 0 0 1 1 1 37
9 0 0 0 0 0 0
9 0 0 0 0 0 0
9 1 0 1 1 1 37
9 1 0 1 1 1 37
9 1 0 1 1 1 37
9 1 0 1 1 1 37
9 1 0 1 1 1 37
9 1 0 1 1 1 37
9 0 0 1 1 1 37
9 0 0 1 1 1 37
9 0 0 0 0 0 0
10 0 0 0 0 0 0
10 0 0 0 0 0 0
10 0 0 0 0 0 0
10 0 0 0 0 0 0
10 1 0 1 1 1 37
10 1 0 1 1 1 37
10 1 0 1 1 1 37
10 0 0 1 1 1 37
10 0 0 1 1 1 37
10 0 0 1 1 1 37
10 0 0 0 0 0 0
#SOLUTION-AFT
 0  0  0  0  0  47  63  84  0  0 
 38  25  54  53  74  66  32  88  39  42 
 86  37  50  75  70  71  36  85  41  49 
 64  58  69  78  23  76  13  68  61  79 
 40  59  31  81  19  1  83  46  62  35 
 45  60  27  2  82  65  26  72  3  43 
 22  73  57  17  6  16  52  77  34  15 
 0  10  80  28  87  24  12  21  9  0 
 0  18  11  48  5  56  44  7  29  0 
 0  0  20  33  51  30  4  8  0  0 
 0  0  0  0  0  0  0  0  0  0 
#SOLUTION-FWD
 0  0  0  0  0  47  63  84  0  0 
 38  25  54  53  74  66  32  88  39  42 
 86  37  50  75  70  71  36  85  41  49 
 64  58  69  78  23  76  13  68  61  79 
 55  59  31  81  19  1  83  46  62  35 
 67  60  27  2  82  65  26  72  3  43 
 14  73  57  17  6  16  52  77  34  15 
 0  10  80  28  87  24  12  21  9  0 
 0  18  11  48  5  56  44  7  29  0 
 0  0  20  33  51  30  4  8  0  0 
 0  0  0  0  0  0  0  0  0  0 
#INFO
cap20: 6  cap40: 82  reefer: 6  HC: 32  capacity: 96.590909 TEU: 176