1 43 25 8 64 1 8
#POD
6 
#LOCATIONS
46 
#CONTAINERS_TOLOAD
0 0 0 19147.00 2.59 20 6 0 46 0
0 0 0 30000.00 2.90 40 6 0 46 0
0 0 0 23035.00 2.59 20 6 0 46 0
0 0 0 22780.00 2.59 20 6 0 46 0
0 0 0 27230.00 2.59 20 6 0 46 0
0 0 0 16825.00 2.59 20 6 0 46 0
0 0 0 27740.00 2.59 40 6 0 46 0
0 0 0 25176.00 2.59 20 6 0 46 0
0 0 0 25320.00 2.59 40 6 0 46 0
0 0 0 26125.00 2.59 20 6 0 46 0
0 0 0 21840.00 2.59 20 6 0 46 0
0 0 0 14140.00 2.59 20 6 0 46 0
0 0 0 28220.00 2.59 40 6 0 46 0
0 0 0 29290.00 2.59 40 6 0 46 0
0 0 0 22870.00 2.59 20 6 0 46 0
0 0 0 28900.00 2.59 40 6 0 46 0
0 0 0 28660.00 2.90 40 6 0 46 0
0 0 0 22870.00 2.59 40 6 0 46 0
0 0 0 21121.00 2.59 20 6 0 46 0
0 0 0 28640.00 2.59 40 6 0 46 0
0 0 0 29380.00 2.90 40 6 0 46 0
0 0 0 25780.00 2.59 40 6 0 46 0
0 0 0 16894.00 2.59 20 6 0 46 0
0 0 0 27840.00 2.90 40 6 0 46 0
0 0 0 25650.00 2.59 40 6 0 46 0
0 0 0 13730.00 2.59 20 6 0 46 0
0 0 0 25500.00 2.59 40 6 0 46 0
0 0 0 26370.00 2.59 40 6 0 46 0
0 0 0 27970.00 2.59 40 6 0 46 0
0 0 0 17130.00 2.59 20 6 0 46 0
0 0 0 27280.00 2.59 40 6 0 46 0
0 0 0 26220.00 2.59 40 6 0 46 0
0 0 0 19004.00 2.90 40 6 0 46 0
0 0 0 20914.00 2.59 20 6 0 46 0
0 0 0 22870.00 2.59 20 6 0 46 0
0 0 0 19517.00 2.59 20 6 0 46 0
0 0 0 22390.00 2.59 20 6 0 46 0
0 0 0 20815.00 2.59 20 6 0 46 0
0 0 0 23640.00 2.59 40 6 0 46 0
0 0 0 16730.00 2.59 20 6 0 46 0
0 0 0 22459.00 2.59 20 6 0 46 0
0 0 0 28180.00 2.90 40 6 0 46 0
0 0 0 19153.00 2.59 20 6 0 46 0
#CONTAINERS_LOADED 
5 6 0 25700.00 2.90 40 6 1 46 0
4 5 0 31600.00 2.90 40 6 1 46 0
6 1 0 29900.00 2.90 40 6 0 46 0
4 2 0 17600.00 2.90 40 6 0 46 0
6 6 0 31600.00 2.90 40 6 1 46 0
4 1 0 18900.00 2.90 40 6 0 46 0
5 2 0 11100.00 2.90 40 6 0 46 0
6 4 0 32100.00 2.90 40 6 1 46 0
5 4 0 32100.00 2.90 40 6 1 46 0
3 1 0 29800.00 2.90 40 6 0 46 0
4 6 0 31600.00 2.90 40 6 1 46 0
3 2 0 28000.00 2.90 40 6 0 46 0
3 6 0 27100.00 2.90 40 6 1 46 0
3 3 0 19400.00 2.90 40 6 0 46 0
5 7 0 9600.00 2.90 40 6 0 46 0
5 5 0 31600.00 2.90 40 6 1 46 0
5 3 0 11700.00 2.90 40 6 0 46 0
4 4 0 31600.00 2.90 40 6 1 46 0
6 2 0 29900.00 2.90 40 6 0 46 0
3 4 0 31600.00 2.90 40 6 1 46 0
5 1 0 29900.00 2.90 40 6 0 46 0
3 5 0 31600.00 2.90 40 6 1 46 0
6 3 0 18300.00 2.90 40 6 0 46 0
4 3 0 9600.00 2.90 40 6 0 46 0
6 5 0 32100.00 2.90 40 6 1 46 0
#STACKS
340000.000000 18.500000 46
340000.000000 21.100000 46
340000.000000 21.100000 46
340000.000000 21.100000 46
340000.000000 21.100000 46
340000.000000 21.100000 46
340000.000000 21.100000 46
340000.000000 18.500000 46
#CELLS
1 0 0 0 0 0 0
1 0 0 1 1 1 46
1 0 0 1 1 1 46
1 0 0 1 1 1 46
1 0 0 1 1 1 46
1 0 0 1 1 1 46
1 0 0 1 1 1 46
1 0 0 1 1 1 46
2 0 0 1 1 1 46
2 0 0 1 1 1 46
2 0 0 1 1 1 46
2 0 1 1 1 1 46
2 0 1 1 1 1 46
2 0 1 1 1 1 46
2 0 0 1 1 1 46
2 0 0 0 0 1 46
3 0 0 1 1 1 46
3 0 0 1 1 1 46
3 0 0 1 1 1 46
3 0 1 1 1 1 46
3 0 1 1 1 1 46
3 0 1 1 1 1 46
3 0 0 1 1 1 46
3 0 0 0 0 1 46
4 0 0 1 1 1 46
4 0 0 1 1 1 46
4 0 0 1 1 1 46
4 0 1 1 1 1 46
4 0 1 1 1 1 46
4 0 1 1 1 1 46
4 0 0 1 1 1 46
4 0 0 0 0 1 46
5 0 0 1 1 1 46
5 0 0 1 1 1 46
5 0 0 1 1 1 46
5 0 1 1 1 1 46
5 0 1 1 1 1 46
5 0 1 1 1 1 46
5 0 0 1 1 1 46
5 0 0 0 0 1 46
6 0 0 1 1 1 46
6 0 0 1 1 1 46
6 0 0 1 1 1 46
6 0 1 1 1 1 46
6 0 1 1 1 1 46
6 0 1 1 1 1 46
6 0 0 1 1 1 46
6 0 0 0 0 1 46
7 0 0 1 1 1 46
7 0 0 1 1 1 46
7 0 0 1 1 1 46
7 0 1 1 1 1 46
7 0 1 1 1 1 46
7 0 1 1 1 1 46
7 0 0 1 1 1 46
7 0 0 0 0 1 46
8 0 0 0 0 0 0
8 0 0 1 1 1 46
8 0 0 1 1 1 46
8 0 0 1 1 1 46
8 0 0 1 1 1 46
8 0 0 1 1 1 46
8 0 0 1 1 1 46
8 0 0 1 1 1 46
#SOLUTION-AFT
 18  7  0  0  0  0  20  32 
 39  29  2  0  58  33  16  28 
 9  13  56  54  44  48  14  31 
 27  17  65  45  59  68  21  42 
 25  1  63  61  52  51  41  12 
 22  38  57  67  60  66  35  40 
 24  19  55  47  50  62  8  23 
 0  11  53  49  64  46  10  0 
#SOLUTION-FWD
 18  7  0  0  0  0  20  32 
 39  29  2  0  58  33  16  28 
 9  13  56  54  44  48  14  31 
 27  17  65  45  59  68  21  42 
 25  43  63  61  52  51  4  26 
 22  36  57  67  60  66  15  6 
 24  34  55  47  50  62  3  30 
 0  37  53  49  64  46  5  0 
#INFO
cap20: 22  cap40: 46  reefer: 12  HC: 31  capacity: 91.935484 TEU: 124