1 13 0 3 24 1 8
#POD
7 
#LOCATIONS
50 
#CONTAINERS_TOLOAD
0 0 0 8880.00 2.59 40 7 0 50 0
0 0 0 8120.00 2.59 40 7 0 50 0
0 0 0 7400.00 2.59 40 7 0 50 0
0 0 0 16880.00 2.90 40 7 0 50 0
0 0 0 12580.00 2.90 40 7 0 50 0
0 0 0 10060.00 2.59 40 7 0 50 0
0 0 0 10760.00 2.59 40 7 0 50 0
0 0 0 9960.00 2.59 40 7 0 50 0
0 0 0 14280.00 2.90 40 7 0 50 0
0 0 0 11030.00 2.90 40 7 0 50 0
0 0 0 8280.00 2.59 40 7 0 50 0
0 0 0 7878.00 2.59 40 7 0 50 0
0 0 0 19004.00 2.59 40 7 0 50 0
#CONTAINERS_LOADED 
#STACKS
340000.000000 21.280000 50
340000.000000 21.280000 50
340000.000000 21.280000 50
#CELLS
1 0 0 1 1 1 50
1 0 0 1 1 1 50
1 0 1 1 1 1 50
1 0 1 1 1 1 50
1 0 1 1 1 1 50
1 0 1 1 1 1 50
1 0 0 1 1 1 50
1 0 0 0 0 1 50
2 0 0 1 1 1 50
2 0 0 1 1 1 50
2 0 0 1 1 1 50
2 0 0 1 1 1 50
2 0 0 1 1 1 50
2 0 0 1 1 1 50
2 0 0 1 1 1 50
2 0 0 0 0 1 50
3 0 0 1 1 1 50
3 0 0 1 1 1 50
3 0 1 1 1 1 50
3 0 1 1 1 1 50
3 0 1 1 1 1 50
3 0 1 1 1 1 50
3 0 0 1 1 1 50
3 0 0 0 0 1 50
#SOLUTION-AFT
 0  0  0 
 0  13  0 
 3  2  0 
 12  11  0 
 10  1  0 
 5  8  0 
 9  6  0 
 4  7  0 
#SOLUTION-FWD
 0  0  0 
 0  13  0 
 3  2  0 
 12  11  0 
 10  1  0 
 5  8  0 
 9  6  0 
 4  7  0 
#INFO
cap20: 0  cap40: 13  reefer: 0  HC: 4  capacity: 54.166667 TEU: 48