1 5 0 3 24 1 8
#POD
3 
#LOCATIONS
22 
#CONTAINERS_TOLOAD
0 0 0 8200.00 2.59 40 3 0 22 0
0 0 0 24590.00 2.59 40 3 0 22 0
0 0 0 5560.00 2.59 20 3 0 22 0
0 0 0 4900.00 2.59 20 3 0 22 0
0 0 0 22740.00 2.59 40 3 0 22 0
#CONTAINERS_LOADED 
#STACKS
218800.000000 21.100000 22
218800.000000 21.100000 22
218800.000000 21.100000 22
#CELLS
1 0 0 1 1 1 22
1 0 0 1 1 1 22
1 0 0 1 1 1 22
1 0 0 1 1 1 22
1 0 0 1 1 1 22
1 0 0 1 1 1 22
1 0 0 1 1 1 22
1 0 0 0 0 1 22
2 0 0 1 1 1 22
2 0 0 1 1 1 22
2 0 0 1 1 1 22
2 0 0 1 1 1 22
2 0 0 1 1 1 22
2 0 0 1 1 1 22
2 0 0 1 1 1 22
2 0 0 0 0 1 22
3 0 0 1 1 1 22
3 0 0 1 1 1 22
3 0 0 1 1 1 22
3 0 0 1 1 1 22
3 0 0 1 1 1 22
3 0 0 1 1 1 22
3 0 0 1 1 1 22
3 0 0 0 0 1 22
#SOLUTION-AFT
 0  0  0 
 0  0  0 
 0  0  0 
 0  0  0 
 0  0  1 
 0  0  5 
 0  0  2 
 0  0  4 
#SOLUTION-FWD
 0  0  0 
 0  0  0 
 0  0  0 
 0  0  0 
 0  0  1 
 0  0  5 
 0  0  2 
 0  0  3 
#INFO
cap20: 2  cap40: 3  reefer: 0  HC: 0  capacity: 16.666667 TEU: 48