2 30 3 4 36 1 9
#POD
3 5 
#LOCATIONS
22 
#CONTAINERS_TOLOAD
0 0 0 26780.00 2.59 20 3 0 22 0
0 0 0 26780.00 2.59 20 3 0 22 0
0 0 0 26780.00 2.59 20 3 0 22 0
0 0 0 26780.00 2.59 20 3 0 22 0
0 0 0 26780.00 2.59 20 3 0 22 0
0 0 0 26780.00 2.59 20 3 0 22 0
0 0 0 26780.00 2.59 20 3 0 22 0
0 0 0 26780.00 2.59 20 3 0 22 0
0 0 0 26780.00 2.59 20 3 0 22 0
0 0 0 26780.00 2.59 20 3 0 22 0
0 0 0 26780.00 2.59 20 3 0 22 0
0 0 0 26780.00 2.59 20 3 0 22 0
0 0 0 26780.00 2.59 20 3 0 22 0
0 0 0 26780.00 2.59 20 3 0 22 0
0 0 0 26780.00 2.59 20 3 0 22 0
0 0 0 26780.00 2.59 20 3 0 22 0
0 0 0 26780.00 2.59 20 3 0 22 0
0 0 0 26780.00 2.59 20 3 0 22 0
0 0 0 26780.00 2.59 20 3 0 22 0
0 0 0 26780.00 2.59 20 3 0 22 0
0 0 0 26780.00 2.59 20 3 0 22 0
0 0 0 26780.00 2.59 20 3 0 22 0
0 0 0 26780.00 2.59 20 3 0 22 0
0 0 0 26780.00 2.59 20 3 0 22 0
0 0 0 26780.00 2.59 20 3 0 22 0
0 0 0 26780.00 2.59 20 3 0 22 0
0 0 0 26780.00 2.59 20 3 0 22 0
0 0 0 26780.00 2.59 20 3 0 22 0
0 0 0 26780.00 2.59 20 3 0 22 0
0 0 0 26780.00 2.59 20 3 0 22 0
#CONTAINERS_LOADED 
1 1 0 25100.00 2.59 40 5 0 22 0
1 3 0 29000.00 2.90 40 5 0 22 0
1 2 0 28900.00 2.90 40 5 0 22 0
#STACKS
378000.000000 23.890000 22
378000.000000 23.890000 22
378000.000000 23.890000 22
378000.000000 23.890000 22
#CELLS
1 0 0 1 1 1 22
1 0 0 1 1 1 22
1 0 0 1 1 1 22
1 0 0 1 1 1 22
1 0 0 1 1 1 22
1 0 0 1 1 1 22
1 0 0 1 1 1 22
1 0 0 1 1 1 22
1 0 0 1 1 1 22
2 0 0 1 1 1 22
2 0 0 1 1 1 22
2 0 0 1 1 1 22
2 0 0 1 1 1 22
2 0 0 1 1 1 22
2 0 0 1 1 1 22
2 0 0 1 1 1 22
2 0 0 1 1 1 22
2 0 0 1 1 1 22
3 0 0 1 1 1 22
3 0 0 1 1 1 22
3 0 0 1 1 1 22
3 0 0 1 1 1 22
3 0 0 1 1 1 22
3 0 0 1 1 1 22
3 0 0 1 1 1 22
3 0 0 1 1 1 22
3 0 0 1 1 1 22
4 0 0 1 1 1 22
4 0 0 1 1 1 22
4 0 0 1 1 1 22
4 0 0 1 1 1 22
4 0 0 1 1 1 22
4 0 0 1 1 1 22
4 0 0 1 1 1 22
4 0 0 1 1 1 22
4 0 0 1 1 1 22
#SOLUTION-AFT
 0  0  0  0 
 0  0  0  0 
 0  0  0  0 
 0  0  0  0 
 0  13  11  18 
 0  24  25  8 
 32  20  27  17 
 33  30  7  23 
 31  4  1  26 
#SOLUTION-FWD
 0  0  0  0 
 0  0  0  0 
 0  0  0  0 
 0  0  0  0 
 0  10  3  14 
 0  12  9  19 
 32  28  2  29 
 33  15  16  22 
 31  5  6  21 
#INFO
cap20: 30  cap40: 3  reefer: 0  HC: 2  capacity: 50.000000 TEU: 72