1 20 0 3 27 1 9
#POD
7 
#LOCATIONS
14 
#CONTAINERS_TOLOAD
0 0 0 2500.00 2.59 20 7 0 14 0
0 0 0 2500.00 2.59 20 7 0 14 0
0 0 0 2500.00 2.59 20 7 0 14 0
0 0 0 14027.00 2.59 40 7 0 14 0
0 0 0 2500.00 2.59 20 7 0 14 0
0 0 0 15260.00 2.59 40 7 0 14 0
0 0 0 13797.00 2.59 40 7 0 14 0
0 0 0 2500.00 2.59 20 7 0 14 0
0 0 0 2500.00 2.59 20 7 0 14 0
0 0 0 2500.00 2.59 20 7 0 14 0
0 0 0 13797.00 2.59 40 7 0 14 0
0 0 0 2500.00 2.59 20 7 0 14 0
0 0 0 7500.00 2.59 20 7 0 14 0
0 0 0 2500.00 2.59 20 7 0 14 0
0 0 0 2500.00 2.59 20 7 0 14 0
0 0 0 13797.00 2.59 40 7 0 14 0
0 0 0 2500.00 2.59 20 7 0 14 0
0 0 0 2500.00 2.59 20 7 0 14 0
0 0 0 13897.00 2.59 40 7 0 14 0
0 0 0 2500.00 2.59 20 7 0 14 0
#CONTAINERS_LOADED 
#STACKS
384000.000000 21.290000 14
384000.000000 21.290000 14
384000.000000 21.290000 14
#CELLS
1 0 0 1 1 1 14
1 1 0 1 1 1 14
1 1 0 1 1 1 14
1 1 0 1 1 1 14
1 1 0 1 1 1 14
1 0 0 1 1 1 14
1 0 0 1 1 1 14
1 0 0 1 1 1 14
1 0 0 0 0 0 0
2 0 0 1 1 1 14
2 1 0 1 1 1 14
2 1 0 1 1 1 14
2 1 0 1 1 1 14
2 1 0 1 1 1 14
2 0 0 1 1 1 14
2 0 0 1 1 1 14
2 0 0 1 1 1 14
2 0 0 0 0 0 0
3 0 0 1 1 1 14
3 1 0 1 1 1 14
3 1 0 1 1 1 14
3 1 0 1 1 1 14
3 1 0 1 1 1 14
3 0 0 1 1 1 14
3 0 0 1 1 1 14
3 0 0 1 1 1 14
3 0 0 0 0 0 0
#SOLUTION-AFT
 0  0  0 
 0  0  0 
 0  11  0 
 10  16  0 
 14  7  0 
 2  19  0 
 15  4  0 
 5  6  0 
 3  1  0 
#SOLUTION-FWD
 0  0  0 
 0  0  0 
 0  11  0 
 12  16  0 
 9  7  0 
 20  19  0 
 17  4  0 
 18  6  0 
 8  13  0 
#INFO
cap20: 14  cap40: 6  reefer: 0  HC: 0  capacity: 54.166667 TEU: 48