1 76 28 10 90 1 9
#POD
2 
#LOCATIONS
51 
#CONTAINERS_TOLOAD
0 0 0 14004.00 2.59 20 2 0 51 0
0 0 0 29220.00 2.59 20 2 0 51 0
0 0 0 15846.00 2.59 20 2 0 51 0
0 0 0 21700.00 2.59 20 2 0 51 0
0 0 0 19633.00 2.90 40 2 0 51 0
0 0 0 21650.00 2.90 40 2 0 51 0
0 0 0 20916.00 2.90 40 2 0 51 0
0 0 0 20572.00 2.90 40 2 0 51 0
0 0 0 22170.00 2.59 20 2 0 51 0
0 0 0 20147.00 2.90 40 2 0 51 0
0 0 0 29960.00 2.59 20 2 0 51 0
0 0 0 28622.00 2.59 20 2 0 51 0
0 0 0 29980.00 2.59 20 2 0 51 0
0 0 0 20170.00 2.59 20 2 0 51 0
0 0 0 21935.00 2.90 40 2 0 51 0
0 0 0 21696.00 2.90 40 2 0 51 0
0 0 0 29980.00 2.59 20 2 0 51 0
0 0 0 22170.00 2.59 20 2 0 51 0
0 0 0 29320.00 2.59 20 2 0 51 0
0 0 0 22170.00 2.59 20 2 0 51 0
0 0 0 20260.00 2.59 20 2 0 51 0
0 0 0 22230.00 2.59 20 2 0 51 0
0 0 0 21446.00 2.90 40 2 0 51 0
0 0 0 29260.00 2.59 20 2 0 51 0
0 0 0 19570.00 2.90 40 2 0 51 0
0 0 0 22250.00 2.59 20 2 0 51 0
0 0 0 29920.00 2.59 20 2 0 51 0
0 0 0 29910.00 2.59 20 2 0 51 0
0 0 0 29980.00 2.59 20 2 0 51 0
0 0 0 21170.00 2.59 20 2 0 51 0
0 0 0 21400.00 2.59 20 2 0 51 0
0 0 0 22230.00 2.59 20 2 0 51 0
0 0 0 16814.00 2.59 20 2 0 51 0
0 0 0 22280.00 2.59 20 2 0 51 0
0 0 0 21328.00 2.90 40 2 0 51 0
0 0 0 29920.00 2.59 20 2 0 51 0
0 0 0 20682.00 2.90 40 2 0 51 0
0 0 0 19996.00 2.90 40 2 0 51 0
0 0 0 22180.00 2.59 20 2 0 51 0
0 0 0 29200.00 2.59 20 2 0 51 0
0 0 0 19049.00 2.90 40 2 0 51 0
0 0 0 19299.00 2.90 40 2 0 51 0
0 0 0 15194.00 2.59 20 2 0 51 0
0 0 0 14482.00 2.59 20 2 0 51 0
0 0 0 19543.00 2.90 40 2 0 51 0
0 0 0 22170.00 2.59 20 2 0 51 0
0 0 0 22239.00 2.90 40 2 0 51 0
0 0 0 30000.00 2.59 20 2 0 51 0
0 0 0 22170.00 2.59 20 2 0 51 0
0 0 0 22170.00 2.59 20 2 0 51 0
0 0 0 24420.00 2.59 20 2 0 51 0
0 0 0 22300.00 2.59 20 2 0 51 0
0 0 0 20460.00 2.90 40 2 0 51 0
0 0 0 19390.00 2.90 40 2 0 51 0
0 0 0 19015.00 2.90 40 2 0 51 0
0 0 0 19029.00 2.90 40 2 0 51 0
0 0 0 28000.00 2.59 20 2 0 51 0
0 0 0 22230.00 2.59 20 2 0 51 0
0 0 0 30000.00 2.59 20 2 0 51 0
0 0 0 23760.00 2.59 20 2 0 51 0
0 0 0 29260.00 2.59 20 2 0 51 0
0 0 0 29920.00 2.59 20 2 0 51 0
0 0 0 29350.00 2.59 20 2 0 51 0
0 0 0 15238.00 2.59 20 2 0 51 0
0 0 0 29980.00 2.59 20 2 0 51 0
0 0 0 22300.00 2.59 20 2 0 51 0
0 0 0 22170.00 2.59 20 2 0 51 0
0 0 0 20742.00 2.90 40 2 0 51 0
0 0 0 21230.00 2.59 20 2 0 51 0
0 0 0 20871.00 2.90 40 2 0 51 0
0 0 0 29920.00 2.59 20 2 0 51 0
0 0 0 20971.00 2.90 40 2 0 51 0
0 0 0 20260.00 2.59 20 2 0 51 0
0 0 0 15989.00 2.59 20 2 0 51 0
0 0 0 20280.00 2.59 20 2 0 51 0
0 0 0 19544.00 2.90 40 2 0 51 0
#CONTAINERS_LOADED 
5 6 0 20000.00 2.90 40 2 1 51 0
6 1 1 27100.00 2.59 20 2 0 51 0
4 5 0 19900.00 2.90 40 2 0 51 0
7 4 0 14100.00 2.90 40 2 0 51 0
5 3 1 27000.00 2.59 20 2 0 51 0
4 4 0 19900.00 2.90 40 2 0 51 0
6 3 0 28000.00 2.90 40 2 1 51 0
5 1 -1 14500.00 2.59 20 2 1 51 0
6 2 1 26400.00 2.59 20 2 0 51 0
7 1 0 25300.00 2.90 40 2 0 51 0
5 7 0 20000.00 2.90 40 2 1 51 0
5 2 -1 16000.00 2.59 20 2 1 51 0
6 5 0 32000.00 2.90 40 2 1 51 0
6 1 -1 9000.00 2.59 20 2 1 51 0
5 8 0 12100.00 2.59 40 2 0 51 0
6 2 -1 13500.00 2.59 20 2 1 51 0
6 4 0 25000.00 2.90 40 2 1 51 0
4 2 0 19700.00 2.90 40 2 0 51 0
5 1 1 29300.00 2.59 20 2 0 51 0
5 3 -1 11000.00 2.59 20 2 1 51 0
7 3 0 25100.00 2.90 40 2 0 51 0
4 1 0 30400.00 2.90 40 2 0 51 0
7 2 0 26800.00 2.90 40 2 0 51 0
4 3 0 13600.00 2.90 40 2 0 51 0
5 4 0 22000.00 2.90 40 2 1 51 0
5 2 1 26400.00 2.59 20 2 0 51 0
5 5 0 31800.00 2.90 40 2 1 51 0
7 5 0 26000.00 2.90 40 2 1 51 0
#STACKS
378000.000000 21.290000 51
378000.000000 21.290000 51
378000.000000 23.890000 51
378000.000000 23.890000 51
378000.000000 23.890000 51
378000.000000 23.890000 51
378000.000000 23.890000 51
378000.000000 23.890000 51
378000.000000 21.290000 51
378000.000000 21.290000 51
#CELLS
1 0 0 0 0 0 0
1 0 0 1 1 1 51
1 0 0 1 1 1 51
1 0 0 1 1 1 51
1 0 0 1 1 1 51
1 0 0 1 1 1 51
1 0 0 1 1 1 51
1 0 0 1 1 1 51
1 0 0 1 1 1 51
2 0 0 0 0 0 0
2 0 0 1 1 1 51
2 0 0 1 1 1 51
2 0 0 1 1 1 51
2 0 0 1 1 1 51
2 0 0 1 1 1 51
2 0 0 1 1 1 51
2 0 0 1 1 1 51
2 0 0 1 1 1 51
3 0 0 1 1 1 51
3 0 0 1 1 1 51
3 1 0 1 1 1 51
3 1 0 1 1 1 51
3 1 0 1 1 1 51
3 1 0 1 1 1 51
3 1 0 1 1 1 51
3 0 0 1 1 1 51
3 0 0 1 1 1 51
4 0 0 1 1 1 51
4 1 0 1 1 1 51
4 1 0 1 1 1 51
4 1 0 1 1 1 51
4 1 0 1 1 1 51
4 1 0 1 1 1 51
4 1 0 1 1 1 51
4 0 0 1 1 1 51
4 0 0 1 1 1 51
5 1 0 1 1 1 51
5 1 0 1 1 1 51
5 1 0 1 1 1 51
5 1 0 1 1 1 51
5 1 0 1 1 1 51
5 1 0 1 1 1 51
5 1 0 1 1 1 51
5 0 0 1 1 1 51
5 0 0 1 1 1 51
6 1 0 1 1 1 51
6 1 0 1 1 1 51
6 1 0 1 1 1 51
6 1 0 1 1 1 51
6 1 0 1 1 1 51
6 1 0 1 1 1 51
6 1 0 1 1 1 51
6 0 0 1 1 1 51
6 0 0 1 1 1 51
7 0 0 1 1 1 51
7 1 0 1 1 1 51
7 1 0 1 1 1 51
7 1 0 1 1 1 51
7 1 0 1 1 1 51
7 1 0 1 1 1 51
7 1 0 1 1 1 51
7 0 0 1 1 1 51
7 0 0 1 1 1 51
8 0 0 1 1 1 51
8 1 0 1 1 1 51
8 1 0 1 1 1 51
8 1 0 1 1 1 51
8 1 0 1 1 1 51
8 1 0 1 1 1 51
8 1 0 1 1 1 51
8 0 0 1 1 1 51
8 0 0 1 1 1 51
9 0 0 0 0 0 0
9 0 0 1 1 1 51
9 0 0 1 1 1 51
9 0 0 1 1 1 51
9 0 0 1 1 1 51
9 0 0 1 1 1 51
9 0 0 1 1 1 51
9 0 0 1 1 1 51
9 0 0 1 1 1 51
10 0 0 0 0 0 0
10 0 0 1 1 1 51
10 0 0 1 1 1 51
10 0 0 1 1 1 51
10 0 0 1 1 1 51
10 0 0 1 1 1 51
10 0 0 1 1 1 51
10 0 0 1 1 1 51
10 0 0 1 1 1 51
#SOLUTION-AFT
 0  0  0  0  0  0  0  0  0  0 
 35  38  70  68  91  0  15  72  41  16 
 56  25  47  7  87  0  37  8  45  23 
 10  20  54  55  77  0  76  53  42  73 
 6  27  9  79  103  89  104  5  50  30 
 14  36  22  82  101  93  80  60  18  24 
 57  17  26  100  81  83  97  33  13  19 
 2  29  34  94  102  85  99  1  48  63 
 0  0  66  98  95  78  86  74  0  0 
#SOLUTION-FWD
 0  0  0  0  0  0  0  0  0  0 
 35  38  70  68  91  0  15  72  41  16 
 56  25  47  7  87  0  37  8  45  23 
 10  4  54  55  77  0  76  53  42  75 
 6  62  39  79  103  89  104  5  46  69 
 21  71  32  82  101  93  80  51  67  31 
 12  11  58  100  96  83  97  3  49  61 
 40  65  52  94  88  92  99  43  59  28 
 0  0  44  98  84  90  86  64  0  0 
#INFO
cap20: 62  cap40: 42  reefer: 13  HC: 41  capacity: 84.883721 TEU: 172