2 53 0 8 56 1 7
#POD
2 4 
#LOCATIONS
27 
#CONTAINERS_TOLOAD
0 0 0 20800.00 2.59 40 4 0 27 0
0 0 0 25920.00 2.59 40 2 0 27 0
0 0 0 22000.00 2.59 40 2 0 27 0
0 0 0 19004.00 2.59 40 2 0 27 0
0 0 0 22771.00 2.59 40 4 0 27 0
0 0 0 23134.00 2.59 40 4 0 27 0
0 0 0 22000.00 2.59 40 2 0 27 0
0 0 0 25200.00 2.59 40 2 0 27 0
0 0 0 16638.00 2.59 40 4 0 27 0
0 0 0 20846.00 2.59 40 2 0 27 0
0 0 0 29121.00 2.59 40 2 0 27 0
0 0 0 17836.00 2.59 40 4 0 27 0
0 0 0 29484.00 2.59 40 2 0 27 0
0 0 0 29121.00 2.59 40 2 0 27 0
0 0 0 16000.00 2.59 40 2 0 27 0
0 0 0 29756.00 2.59 40 2 0 27 0
0 0 0 22000.00 2.90 40 2 0 27 0
0 0 0 22000.00 2.59 40 2 0 27 0
0 0 0 13000.00 2.59 40 2 0 27 0
0 0 0 23062.00 2.90 40 2 0 27 0
0 0 0 22000.00 2.59 40 2 0 27 0
0 0 0 19633.00 2.59 40 2 0 27 0
0 0 0 21650.00 2.59 40 2 0 27 0
0 0 0 25200.00 2.59 40 2 0 27 0
0 0 0 24320.00 2.59 40 4 0 27 0
0 0 0 22000.00 2.59 40 2 0 27 0
0 0 0 15758.00 2.59 40 4 0 27 0
0 0 0 22026.00 2.90 40 2 0 27 0
0 0 0 25200.00 2.59 40 2 0 27 0
0 0 0 22000.00 2.59 40 2 0 27 0
0 0 0 29121.00 2.59 40 2 0 27 0
0 0 0 22807.00 2.59 40 4 0 27 0
0 0 0 22023.00 2.90 40 2 0 27 0
0 0 0 23179.00 2.59 40 4 0 27 0
0 0 0 22000.00 2.59 40 2 0 27 0
0 0 0 22000.00 2.59 40 2 0 27 0
0 0 0 17772.00 2.59 40 4 0 27 0
0 0 0 14752.00 2.59 40 2 0 27 0
0 0 0 22000.00 2.59 40 2 0 27 0
0 0 0 22000.00 2.90 40 2 0 27 0
0 0 0 20916.00 2.59 40 2 0 27 0
0 0 0 22000.00 2.59 40 2 0 27 0
0 0 0 16575.00 2.59 40 4 0 27 0
0 0 0 22000.00 2.59 40 2 0 27 0
0 0 0 14599.00 2.59 40 4 0 27 0
0 0 0 29121.00 2.59 40 2 0 27 0
0 0 0 22000.00 2.59 40 2 0 27 0
0 0 0 11000.00 2.59 40 2 0 27 0
0 0 0 22000.00 2.59 40 2 0 27 0
0 0 0 22000.00 2.59 40 2 0 27 0
0 0 0 25200.00 2.59 40 2 0 27 0
0 0 0 29121.00 2.59 40 2 0 27 0
0 0 0 22000.00 2.59 40 2 0 27 0
#CONTAINERS_LOADED 
#STACKS
288000.000000 15.800000 27
336000.000000 18.400000 27
336000.000000 18.400000 27
336000.000000 18.400000 27
336000.000000 18.400000 27
336000.000000 18.400000 27
336000.000000 18.400000 27
288000.000000 15.800000 27
#CELLS
1 0 0 0 0 0 0
1 0 0 0 0 1 27
1 0 0 0 0 1 27
1 0 0 0 0 1 27
1 0 0 0 0 1 27
1 0 0 0 0 1 27
1 0 0 0 0 1 27
2 0 0 0 0 1 27
2 0 0 0 0 1 27
2 0 0 0 0 1 27
2 0 0 0 0 1 27
2 0 0 0 0 1 27
2 0 0 0 0 1 27
2 0 0 0 0 1 27
3 0 0 0 0 1 27
3 0 0 0 0 1 27
3 0 0 0 0 1 27
3 0 0 0 0 1 27
3 0 0 0 0 1 27
3 0 0 0 0 1 27
3 0 0 0 0 1 27
4 0 0 0 0 1 27
4 0 0 0 0 1 27
4 0 0 0 0 1 27
4 0 0 0 0 1 27
4 0 0 0 0 1 27
4 0 0 0 0 1 27
4 0 0 0 0 1 27
5 0 0 0 0 1 27
5 0 0 0 0 1 27
5 0 0 0 0 1 27
5 0 0 0 0 1 27
5 0 0 0 0 1 27
5 0 0 0 0 1 27
5 0 0 0 0 1 27
6 0 0 0 0 1 27
6 0 0 0 0 1 27
6 0 0 0 0 1 27
6 0 0 0 0 1 27
6 0 0 0 0 1 27
6 0 0 0 0 1 27
6 0 0 0 0 1 27
7 0 0 0 0 1 27
7 0 0 0 0 1 27
7 0 0 0 0 1 27
7 0 0 0 0 1 27
7 0 0 0 0 1 27
7 0 0 0 0 1 27
7 0 0 0 0 1 27
8 0 0 0 0 0 0
8 0 0 0 0 1 27
8 0 0 0 0 1 27
8 0 0 0 0 1 27
8 0 0 0 0 1 27
8 0 0 0 0 1 27
8 0 0 0 0 1 27
#SOLUTION-AFT
 1  0  48  46  53  42  51  45 
 5  40  19  52  49  44  29  27 
 32  17  38  13  50  47  8  43 
 6  33  15  16  3  18  2  9 
 34  28  39  41  7  21  31  37 
 25  20  36  10  22  26  14  12 
 0  24  35  23  4  30  11  0 
#SOLUTION-FWD
 1  0  48  46  53  42  51  45 
 5  40  19  52  49  44  29  27 
 32  17  38  13  50  47  8  43 
 6  33  15  16  3  18  2  9 
 34  28  39  41  7  21  31  37 
 25  20  36  10  22  26  14  12 
 0  24  35  23  4  30  11  0 
#INFO
cap20: 0  cap40: 53  reefer: 0  HC: 5  capacity: 98.148148 TEU: 108