2 78 46 8 64 1 8
#POD
3 4 
#LOCATIONS
39 
#CONTAINERS_TOLOAD
0 0 0 2000.00 2.59 20 3 0 39 0
0 0 0 2000.00 2.59 20 3 0 39 0
0 0 0 2000.00 2.59 20 3 0 39 0
0 0 0 2000.00 2.59 20 3 0 39 0
0 0 0 2000.00 2.59 20 3 0 39 0
0 0 0 2000.00 2.59 20 3 0 39 0
0 0 0 2000.00 2.59 20 3 0 39 0
0 0 0 2000.00 2.59 20 3 0 39 0
0 0 0 2000.00 2.59 20 3 0 39 0
0 0 0 2000.00 2.59 20 3 0 39 0
0 0 0 2000.00 2.59 20 3 0 39 0
0 0 0 2000.00 2.59 20 3 0 39 0
0 0 0 2000.00 2.59 20 3 0 39 0
0 0 0 2000.00 2.59 20 3 0 39 0
0 0 0 2000.00 2.59 20 3 0 39 0
0 0 0 2000.00 2.59 20 3 0 39 0
0 0 0 2000.00 2.59 20 3 0 39 0
0 0 0 2000.00 2.59 20 3 0 39 0
0 0 0 2000.00 2.59 20 3 0 39 0
0 0 0 2000.00 2.59 20 3 0 39 0
0 0 0 2000.00 2.59 20 3 0 39 0
0 0 0 2000.00 2.59 20 3 0 39 0
0 0 0 2000.00 2.59 20 3 0 39 0
0 0 0 2000.00 2.59 20 3 0 39 0
0 0 0 2000.00 2.59 20 3 0 39 0
0 0 0 2000.00 2.59 20 3 0 39 0
0 0 0 2000.00 2.59 20 3 0 39 0
0 0 0 2000.00 2.59 20 3 0 39 0
0 0 0 2000.00 2.59 20 3 0 39 0
0 0 0 2000.00 2.59 20 3 0 39 0
0 0 0 2000.00 2.59 20 3 0 39 0
0 0 0 2000.00 2.59 20 3 0 39 0
0 0 0 2000.00 2.59 20 3 0 39 0
0 0 0 2000.00 2.59 20 3 0 39 0
0 0 0 2000.00 2.59 20 3 0 39 0
0 0 0 2000.00 2.59 20 3 0 39 0
0 0 0 2000.00 2.59 20 3 0 39 0
0 0 0 2000.00 2.59 20 3 0 39 0
0 0 0 2000.00 2.59 20 3 0 39 0
0 0 0 2000.00 2.59 20 3 0 39 0
0 0 0 2000.00 2.59 20 3 0 39 0
0 0 0 2000.00 2.59 20 3 0 39 0
0 0 0 2000.00 2.59 20 3 0 39 0
0 0 0 2000.00 2.59 20 3 0 39 0
0 0 0 2000.00 2.59 20 3 0 39 0
0 0 0 2000.00 2.59 20 3 0 39 0
0 0 0 2000.00 2.59 20 3 0 39 0
0 0 0 2000.00 2.59 20 3 0 39 0
0 0 0 2000.00 2.59 20 3 0 39 0
0 0 0 2000.00 2.59 20 3 0 39 0
0 0 0 2000.00 2.59 20 3 0 39 0
0 0 0 2000.00 2.59 20 3 0 39 0
0 0 0 2000.00 2.59 20 3 0 39 0
0 0 0 2000.00 2.59 20 3 0 39 0
0 0 0 2000.00 2.59 20 3 0 39 0
0 0 0 2000.00 2.59 20 3 0 39 0
0 0 0 2000.00 2.59 20 3 0 39 0
0 0 0 2000.00 2.59 20 3 0 39 0
0 0 0 2000.00 2.59 20 3 0 39 0
0 0 0 2000.00 2.59 20 3 0 39 0
0 0 0 2000.00 2.59 20 3 0 39 0
0 0 0 2000.00 2.59 20 3 0 39 0
0 0 0 2000.00 2.59 20 3 0 39 0
0 0 0 2000.00 2.59 20 3 0 39 0
0 0 0 2000.00 2.59 20 3 0 39 0
0 0 0 2000.00 2.59 20 3 0 39 0
0 0 0 2000.00 2.59 20 3 0 39 0
0 0 0 2000.00 2.59 20 3 0 39 0
0 0 0 2000.00 2.59 20 3 0 39 0
0 0 0 2000.00 2.59 20 3 0 39 0
0 0 0 2000.00 2.59 20 3 0 39 0
0 0 0 2000.00 2.59 20 3 0 39 0
0 0 0 2000.00 2.59 20 3 0 39 0
0 0 0 2000.00 2.59 20 3 0 39 0
0 0 0 2000.00 2.59 20 3 0 39 0
0 0 0 2000.00 2.59 20 3 0 39 0
0 0 0 2000.00 2.59 20 3 0 39 0
0 0 0 2000.00 2.59 20 3 0 39 0
#CONTAINERS_LOADED 
5 8 -1 22300.00 2.59 20 4 0 39 0
6 1 -1 27000.00 2.59 20 4 0 39 0
1 8 -1 20600.00 2.59 20 4 0 39 0
2 7 -1 20400.00 2.59 20 4 0 39 0
8 3 -1 27000.00 2.59 20 4 0 39 0
7 8 -1 20500.00 2.59 20 4 0 39 0
8 2 -1 26000.00 2.59 20 4 0 39 0
7 7 -1 20600.00 2.59 20 4 0 39 0
5 1 -1 25500.00 2.59 20 4 0 39 0
7 3 -1 25700.00 2.59 20 4 0 39 0
5 2 -1 27000.00 2.59 20 4 0 39 0
5 3 -1 25800.00 2.59 20 4 0 39 0
6 8 -1 20600.00 2.59 20 4 0 39 0
8 4 -1 27000.00 2.59 20 4 0 39 0
7 5 -1 27000.00 2.59 20 4 0 39 0
8 5 -1 27000.00 2.59 20 4 0 39 0
2 1 -1 27000.00 2.59 20 4 0 39 0
7 4 -1 27000.00 2.59 20 4 0 39 0
5 4 -1 27500.00 2.59 20 4 0 39 0
6 2 -1 26000.00 2.59 20 4 0 39 0
6 3 -1 25800.00 2.59 20 4 0 39 0
2 4 -1 27500.00 2.59 20 4 0 39 0
5 6 -1 27000.00 2.59 20 4 0 39 0
6 5 -1 27000.00 2.59 20 4 0 39 0
2 5 -1 27000.00 2.59 20 4 0 39 0
5 7 -1 21000.00 2.59 20 4 0 39 0
5 5 -1 28000.00 2.59 20 4 0 39 0
1 3 -1 25400.00 2.59 20 4 0 39 0
7 1 -1 27000.00 2.59 20 4 0 39 0
6 4 -1 27700.00 2.59 20 4 0 39 0
6 7 -1 19500.00 2.59 20 4 0 39 0
6 6 -1 27000.00 2.59 20 4 0 39 0
2 3 -1 27000.00 2.59 20 4 0 39 0
8 7 -1 27000.00 2.59 20 4 0 39 0
7 2 -1 27000.00 2.59 20 4 0 39 0
1 5 -1 27000.00 2.59 20 4 0 39 0
1 2 -1 27000.00 2.59 20 4 0 39 0
8 8 -1 20600.00 2.59 20 4 0 39 0
1 6 -1 27000.00 2.59 20 4 0 39 0
1 7 -1 27000.00 2.59 20 4 0 39 0
2 6 -1 26200.00 2.59 20 4 0 39 0
2 2 -1 27000.00 2.59 20 4 0 39 0
1 4 -1 27500.00 2.59 20 4 0 39 0
8 6 -1 27000.00 2.59 20 4 0 39 0
2 8 -1 20700.00 2.59 20 4 0 39 0
7 6 -1 27000.00 2.59 20 4 0 39 0
#STACKS
378000.000000 18.500000 39
432000.000000 21.100000 39
432000.000000 21.100000 39
432000.000000 21.100000 39
432000.000000 21.100000 39
432000.000000 21.100000 39
432000.000000 21.100000 39
378000.000000 18.500000 39
#CELLS
1 0 0 0 0 0 0
1 0 0 1 1 0 39
1 0 0 1 1 0 39
1 0 0 1 1 0 39
1 0 0 1 1 0 39
1 0 0 1 1 0 39
1 0 0 1 1 0 39
1 0 0 1 1 0 39
2 0 0 1 1 0 39
2 0 0 1 1 0 39
2 0 0 1 1 0 39
2 0 0 1 1 0 39
2 0 0 1 1 0 39
2 0 0 1 1 0 39
2 0 0 1 1 0 39
2 0 0 1 1 0 39
3 0 0 1 1 0 39
3 0 0 1 1 0 39
3 0 0 1 1 0 39
3 0 0 1 1 0 39
3 0 0 1 1 0 39
3 0 0 1 1 0 39
3 0 0 1 1 0 39
3 0 0 1 1 0 39
4 0 0 1 1 0 39
4 0 0 1 1 0 39
4 0 0 1 1 0 39
4 0 0 1 1 0 39
4 0 0 1 1 0 39
4 0 0 1 1 0 39
4 0 0 1 1 0 39
4 0 0 1 1 0 39
5 0 0 1 1 0 39
5 0 0 1 1 0 39
5 0 0 1 1 0 39
5 0 0 1 1 0 39
5 0 0 1 1 0 39
5 0 0 1 1 0 39
5 0 0 1 1 0 39
5 0 0 1 1 0 39
6 0 0 1 1 0 39
6 0 0 1 1 0 39
6 0 0 1 1 0 39
6 0 0 1 1 0 39
6 0 0 1 1 0 39
6 0 0 1 1 0 39
6 0 0 1 1 0 39
6 0 0 1 1 0 39
7 0 0 1 1 0 39
7 0 0 1 1 0 39
7 0 0 1 1 0 39
7 0 0 1 1 0 39
7 0 0 1 1 0 39
7 0 0 1 1 0 39
7 0 0 1 1 0 39
7 0 0 1 1 0 39
8 0 0 0 0 0 0
8 0 0 1 1 0 39
8 0 0 1 1 0 39
8 0 0 1 1 0 39
8 0 0 1 1 0 39
8 0 0 1 1 0 39
8 0 0 1 1 0 39
8 0 0 1 1 0 39
#SOLUTION-AFT
 10  34  22  17  45  62  21  61 
 42  29  44  66  2  69  41  58 
 19  37  76  64  35  60  32  65 
 11  33  56  51  48  75  46  70 
 38  26  77  28  14  63  23  74 
 25  13  16  55  31  54  40  71 
 5  12  27  59  15  57  47  50 
 0  4  24  72  1  49  3  0 
#SOLUTION-FWD
 81  123  43  18  79  91  84  116 
 118  82  20  8  104  109  86  112 
 117  119  78  67  101  110  124  122 
 114  103  52  68  105  102  93  94 
 121  100  53  30  97  108  96  92 
 106  111  9  39  90  99  88  83 
 115  120  73  36  89  98  113  85 
 0  95  6  7  87  80  107  0 
#INFO
cap20: 124  cap40: 0  reefer: 0  HC: 0  capacity: 100.000000 TEU: 124