1 22 0 10 90 1 9
#POD
4 
#LOCATIONS
88 
#CONTAINERS_TOLOAD
0 0 0 10300.00 2.90 40 4 0 88 0
0 0 0 13699.00 2.90 40 4 0 88 0
0 0 0 12500.00 2.90 40 4 0 88 0
0 0 0 11099.00 2.90 40 4 0 88 0
0 0 0 11699.00 2.90 40 4 0 88 0
0 0 0 12199.00 2.90 40 4 0 88 0
0 0 0 12500.00 2.90 40 4 0 88 0
0 0 0 11699.00 2.90 40 4 0 88 0
0 0 0 10500.00 2.90 40 4 0 88 0
0 0 0 13699.00 2.90 40 4 0 88 0
0 0 0 12400.00 2.90 40 4 0 88 0
0 0 0 12699.00 2.90 40 4 0 88 0
0 0 0 12000.00 2.90 40 4 0 88 0
0 0 0 12900.00 2.90 40 4 0 88 0
0 0 0 12699.00 2.90 40 4 0 88 0
0 0 0 10199.00 2.90 40 4 0 88 0
0 0 0 13699.00 2.90 40 4 0 88 0
0 0 0 10199.00 2.90 40 4 0 88 0
0 0 0 12699.00 2.90 40 4 0 88 0
0 0 0 10199.00 2.90 40 4 0 88 0
0 0 0 13699.00 2.90 40 4 0 88 0
0 0 0 13900.00 2.90 40 4 0 88 0
#CONTAINERS_LOADED 
#STACKS
184000.000000 5.350000 88
184000.000000 7.940000 88
184000.000000 10.530000 88
184000.000000 10.530000 88
184000.000000 10.530000 88
184000.000000 10.530000 88
184000.000000 10.530000 88
184000.000000 10.530000 88
184000.000000 7.940000 88
184000.000000 5.350000 88
#CELLS
1 0 0 0 0 0 0
1 0 0 0 0 0 0
1 0 0 0 0 0 0
1 0 0 0 0 0 0
1 0 0 0 0 0 0
1 0 0 0 0 0 0
1 0 0 0 0 0 0
1 0 0 1 1 1 88
1 0 0 1 1 1 88
2 0 0 0 0 0 0
2 0 0 0 0 0 0
2 0 0 0 0 0 0
2 0 0 0 0 0 0
2 0 0 0 0 0 0
2 0 0 0 0 0 0
2 0 0 1 1 1 88
2 0 0 1 1 1 88
2 0 0 1 1 1 88
3 0 0 0 0 0 0
3 0 0 0 0 0 0
3 0 0 0 0 0 0
3 0 0 0 0 0 0
3 0 0 0 0 0 0
3 0 0 1 1 1 88
3 0 0 1 1 1 88
3 0 0 1 1 1 88
3 0 0 1 1 1 88
4 0 0 0 0 0 0
4 0 0 0 0 0 0
4 0 0 0 0 0 0
4 0 0 0 0 0 0
4 0 0 0 0 0 0
4 0 0 1 1 1 88
4 0 0 1 1 1 88
4 0 0 1 1 1 88
4 0 0 1 1 1 88
5 0 0 0 0 0 0
5 0 0 0 0 0 0
5 0 0 0 0 0 0
5 0 0 0 0 0 0
5 0 0 0 0 0 0
5 0 0 1 1 1 88
5 0 0 1 1 1 88
5 0 0 1 1 1 88
5 0 0 1 1 1 88
6 0 0 0 0 0 0
6 0 0 0 0 0 0
6 0 0 0 0 0 0
6 0 0 0 0 0 0
6 0 0 0 0 0 0
6 0 0 1 1 1 88
6 0 0 1 1 1 88
6 0 0 1 1 1 88
6 0 0 1 1 1 88
7 0 0 0 0 0 0
7 0 0 0 0 0 0
7 0 0 0 0 0 0
7 0 0 0 0 0 0
7 0 0 0 0 0 0
7 0 0 1 1 1 88
7 0 0 1 1 1 88
7 0 0 1 1 1 88
7 0 0 1 1 1 88
8 0 0 0 0 0 0
8 0 0 0 0 0 0
8 0 0 0 0 0 0
8 0 0 0 0 0 0
8 0 0 0 0 0 0
8 0 0 1 1 1 88
8 0 0 1 1 1 88
8 0 0 1 1 1 88
8 0 0 1 1 1 88
9 0 0 0 0 0 0
9 0 0 0 0 0 0
9 0 0 0 0 0 0
9 0 0 0 0 0 0
9 0 0 0 0 0 0
9 0 0 0 0 0 0
9 0 0 1 1 1 88
9 0 0 1 1 1 88
9 0 0 1 1 1 88
10 0 0 0 0 0 0
10 0 0 0 0 0 0
10 0 0 0 0 0 0
10 0 0 0 0 0 0
10 0 0 0 0 0 0
10 0 0 0 0 0 0
10 0 0 0 0 0 0
10 0 0 1 1 1 88
10 0 0 1 1 1 88
#SOLUTION-AFT
 0  0  0  0  0  0  0  0  0  0 
 0  18  9  11  14  21  19  5  16  0 
 0  20  4  7  10  2  12  13  1  0 
 0  0  8  3  17  22  15  6  0  0 
 0  0  0  0  0  0  0  0  0  0 
 0  0  0  0  0  0  0  0  0  0 
 0  0  0  0  0  0  0  0  0  0 
 0  0  0  0  0  0  0  0  0  0 
 0  0  0  0  0  0  0  0  0  0 
#SOLUTION-FWD
 0  0  0  0  0  0  0  0  0  0 
 0  18  9  11  14  21  19  5  16  0 
 0  20  4  7  10  2  12  13  1  0 
 0  0  8  3  17  22  15  6  0  0 
 0  0  0  0  0  0  0  0  0  0 
 0  0  0  0  0  0  0  0  0  0 
 0  0  0  0  0  0  0  0  0  0 
 0  0  0  0  0  0  0  0  0  0 
 0  0  0  0  0  0  0  0  0  0 
#INFO
cap20: 0  cap40: 22  reefer: 0  HC: 22  capacity: 64.705882 TEU: 68