2 32 0 4 36 1 9
#POD
2 7 
#LOCATIONS
64 
#CONTAINERS_TOLOAD
0 0 0 15540.00 2.90 40 2 0 64 0
0 0 0 22900.00 2.90 40 7 0 64 0
0 0 0 23220.00 2.90 40 7 0 64 0
0 0 0 22900.00 2.90 40 7 0 64 0
0 0 0 28600.00 2.90 40 7 0 64 0
0 0 0 22900.00 2.90 40 7 0 64 0
0 0 0 10440.00 2.59 40 2 0 64 0
0 0 0 22900.00 2.90 40 7 0 64 0
0 0 0 23600.00 2.90 40 7 0 64 0
0 0 0 25600.00 2.90 40 7 0 64 0
0 0 0 23600.00 2.90 40 7 0 64 0
0 0 0 23600.00 2.90 40 7 0 64 0
0 0 0 10880.00 2.59 40 7 0 64 0
0 0 0 25600.00 2.90 40 7 0 64 0
0 0 0 23600.00 2.90 40 7 0 64 0
0 0 0 10250.00 2.59 40 2 0 64 0
0 0 0 18600.00 2.90 40 2 0 64 0
0 0 0 23600.00 2.90 40 7 0 64 0
0 0 0 18600.00 2.90 40 2 0 64 0
0 0 0 11414.00 2.59 40 2 0 64 0
0 0 0 22900.00 2.90 40 7 0 64 0
0 0 0 23600.00 2.90 40 7 0 64 0
0 0 0 23600.00 2.90 40 7 0 64 0
0 0 0 23600.00 2.90 40 7 0 64 0
0 0 0 10100.00 2.59 40 2 0 64 0
0 0 0 23600.00 2.90 40 7 0 64 0
0 0 0 11241.00 2.59 40 2 0 64 0
0 0 0 10200.00 2.59 40 2 0 64 0
0 0 0 22900.00 2.90 40 7 0 64 0
0 0 0 16100.00 2.90 40 2 0 64 0
0 0 0 25600.00 2.90 40 7 0 64 0
0 0 0 23600.00 2.90 40 7 0 64 0
#CONTAINERS_LOADED 
#STACKS
270000.000000 23.320000 64
270000.000000 23.320000 64
270000.000000 23.320000 64
270000.000000 23.320000 64
#CELLS
1 0 0 1 1 1 64
1 0 0 1 1 1 64
1 0 0 1 1 1 64
1 0 0 1 1 1 64
1 0 0 1 1 1 64
1 0 0 1 1 1 64
1 0 0 1 1 1 64
1 0 0 1 1 1 64
1 0 0 0 0 1 64
2 0 0 1 1 1 64
2 0 0 1 1 1 64
2 0 0 1 1 1 64
2 0 0 1 1 1 64
2 0 0 1 1 1 64
2 0 0 1 1 1 64
2 0 0 1 1 1 64
2 0 0 1 1 1 64
2 0 0 0 0 1 64
3 0 0 1 1 1 64
3 0 0 1 1 1 64
3 0 0 1 1 1 64
3 0 0 1 1 1 64
3 0 0 1 1 1 64
3 0 0 1 1 1 64
3 0 0 1 1 1 64
3 0 0 1 1 1 64
3 0 0 0 0 1 64
4 0 0 1 1 1 64
4 0 0 1 1 1 64
4 0 0 1 1 1 64
4 0 0 1 1 1 64
4 0 0 1 1 1 64
4 0 0 1 1 1 64
4 0 0 1 1 1 64
4 0 0 1 1 1 64
4 0 0 0 0 1 64
#SOLUTION-AFT
 0  0  0  0 
 13  18  19  25 
 29  11  17  28 
 4  15  32  16 
 2  12  9  7 
 8  22  10  27 
 6  26  14  20 
 21  23  31  1 
 3  24  5  30 
#SOLUTION-FWD
 0  0  0  0 
 13  18  19  25 
 29  11  17  28 
 4  15  32  16 
 2  12  9  7 
 8  22  10  27 
 6  26  14  20 
 21  23  31  1 
 3  24  5  30 
#INFO
cap20: 0  cap40: 32  reefer: 0  HC: 25  capacity: 88.888889 TEU: 72