1 73 0 5 45 1 9
#POD
5 
#LOCATIONS
14 
#CONTAINERS_TOLOAD
0 0 0 19850.00 2.59 20 5 0 14 0
0 0 0 22360.00 2.59 20 5 0 14 0
0 0 0 24000.00 2.59 20 5 0 14 0
0 0 0 22250.00 2.59 20 5 0 14 0
0 0 0 24000.00 2.59 20 5 0 14 0
0 0 0 24200.00 2.59 20 5 0 14 0
0 0 0 19980.00 2.59 20 5 0 14 0
0 0 0 5000.00 2.59 20 5 0 14 0
0 0 0 22270.00 2.59 20 5 0 14 0
0 0 0 22450.00 2.59 20 5 0 14 0
0 0 0 5730.00 2.59 20 5 0 14 0
0 0 0 22330.00 2.59 20 5 0 14 0
0 0 0 5500.00 2.59 20 5 0 14 0
0 0 0 22380.00 2.59 20 5 0 14 0
0 0 0 24200.00 2.59 20 5 0 14 0
0 0 0 22210.00 2.59 20 5 0 14 0
0 0 0 24100.00 2.59 20 5 0 14 0
0 0 0 22230.00 2.59 20 5 0 14 0
0 0 0 24100.00 2.59 20 5 0 14 0
0 0 0 22210.00 2.59 20 5 0 14 0
0 0 0 5890.00 2.59 20 5 0 14 0
0 0 0 7000.00 2.59 20 5 0 14 0
0 0 0 6200.00 2.59 20 5 0 14 0
0 0 0 4950.00 2.59 20 5 0 14 0
0 0 0 6682.00 2.59 20 5 0 14 0
0 0 0 5000.00 2.59 20 5 0 14 0
0 0 0 22500.00 2.59 20 5 0 14 0
0 0 0 24100.00 2.59 20 5 0 14 0
0 0 0 24266.00 2.59 20 5 0 14 0
0 0 0 6200.00 2.59 20 5 0 14 0
0 0 0 19900.00 2.59 20 5 0 14 0
0 0 0 22200.00 2.59 20 5 0 14 0
0 0 0 10000.00 2.90 40 5 0 14 0
0 0 0 22500.00 2.59 20 5 0 14 0
0 0 0 22210.00 2.59 20 5 0 14 0
0 0 0 22500.00 2.59 20 5 0 14 0
0 0 0 22250.00 2.59 20 5 0 14 0
0 0 0 6400.00 2.59 20 5 0 14 0
0 0 0 22210.00 2.59 20 5 0 14 0
0 0 0 22210.00 2.59 20 5 0 14 0
0 0 0 22330.00 2.59 20 5 0 14 0
0 0 0 9820.00 2.90 40 5 0 14 0
0 0 0 22490.00 2.59 20 5 0 14 0
0 0 0 24100.00 2.59 20 5 0 14 0
0 0 0 5440.00 2.59 20 5 0 14 0
0 0 0 6000.00 2.59 20 5 0 14 0
0 0 0 22245.00 2.59 20 5 0 14 0
0 0 0 22590.00 2.59 20 5 0 14 0
0 0 0 22250.00 2.59 20 5 0 14 0
0 0 0 22250.00 2.59 20 5 0 14 0
0 0 0 5410.00 2.59 20 5 0 14 0
0 0 0 22300.00 2.59 20 5 0 14 0
0 0 0 24100.00 2.59 20 5 0 14 0
0 0 0 24004.00 2.59 20 5 0 14 0
0 0 0 22330.00 2.59 20 5 0 14 0
0 0 0 19800.00 2.59 20 5 0 14 0
0 0 0 22380.00 2.59 20 5 0 14 0
0 0 0 5800.00 2.59 20 5 0 14 0
0 0 0 22400.00 2.59 20 5 0 14 0
0 0 0 5000.00 2.59 20 5 0 14 0
0 0 0 22180.00 2.59 20 5 0 14 0
0 0 0 4570.00 2.59 20 5 0 14 0
0 0 0 22330.00 2.59 20 5 0 14 0
0 0 0 22210.00 2.59 20 5 0 14 0
0 0 0 22210.00 2.59 20 5 0 14 0
0 0 0 22500.00 2.59 20 5 0 14 0
0 0 0 22200.00 2.59 20 5 0 14 0
0 0 0 5000.00 2.59 20 5 0 14 0
0 0 0 6800.00 2.59 20 5 0 14 0
0 0 0 9940.00 2.90 40 5 0 14 0
0 0 0 4740.00 2.59 20 5 0 14 0
0 0 0 6330.00 2.59 20 5 0 14 0
0 0 0 22440.00 2.59 20 5 0 14 0
#CONTAINERS_LOADED 
#STACKS
270000.000000 20.450000 14
270000.000000 23.450000 14
270000.000000 23.450000 14
270000.000000 23.450000 14
270000.000000 20.450000 14
#CELLS
1 0 0 0 0 0 0
1 0 0 1 1 1 14
1 0 0 1 1 1 14
1 0 0 1 1 1 14
1 0 0 1 1 1 14
1 0 0 1 1 1 14
1 0 0 1 1 1 14
1 0 0 1 1 1 14
1 0 0 0 0 0 0
2 0 0 1 1 1 14
2 0 0 1 1 1 14
2 0 0 1 1 1 14
2 0 0 1 1 1 14
2 0 0 1 1 1 14
2 0 0 1 1 1 14
2 0 0 1 1 1 14
2 0 0 1 1 1 14
2 0 0 1 1 1 14
3 0 0 1 1 1 14
3 0 0 1 1 1 14
3 0 0 1 1 1 14
3 0 0 1 1 1 14
3 0 0 1 1 1 14
3 0 0 1 1 1 14
3 0 0 1 1 1 14
3 0 0 1 1 1 14
3 0 0 1 1 1 14
4 0 0 1 1 1 14
4 0 0 1 1 1 14
4 0 0 1 1 1 14
4 0 0 1 1 1 14
4 0 0 1 1 1 14
4 0 0 1 1 1 14
4 0 0 1 1 1 14
4 0 0 1 1 1 14
4 0 0 1 1 1 14
5 0 0 0 0 0 0
5 0 0 1 1 1 14
5 0 0 1 1 1 14
5 0 0 1 1 1 14
5 0 0 1 1 1 14
5 0 0 1 1 1 14
5 0 0 1 1 1 14
5 0 0 1 1 1 14
5 0 0 0 0 0 0
#SOLUTION-AFT
 0  0  0  0  0 
 62  42  33  70  60 
 24  45  72  46  68 
 61  58  25  23  16 
 32  56  43  55  20 
 39  31  27  63  18 
 5  37  34  2  19 
 28  49  6  57  44 
 0  9  15  10  0 
#SOLUTION-FWD
 0  0  0  0  0 
 71  42  33  70  26 
 8  13  38  21  51 
 67  11  69  30  65 
 35  1  22  12  64 
 40  7  36  41  47 
 3  4  66  14  17 
 54  50  48  59  53 
 0  52  29  73  0 
#INFO
cap20: 70  cap40: 3  reefer: 0  HC: 3  capacity: 92.682927 TEU: 82