1 3 17 10 80 1 8
#POD
4 
#LOCATIONS
16 
#CONTAINERS_TOLOAD
0 0 0 15000.00 2.59 40 4 0 16 0
0 0 0 11200.00 2.90 40 4 1 16 0
0 0 0 15000.00 2.59 40 4 0 16 0
#CONTAINERS_LOADED 
10 2 1 17600.00 2.59 20 4 0 16 0
9 2 -1 17600.00 2.59 20 4 0 16 0
9 3 -1 17600.00 2.59 20 4 0 16 0
10 5 -1 17900.00 2.59 20 4 0 16 0
9 2 1 17600.00 2.59 20 4 0 16 0
10 5 1 17600.00 2.59 20 4 0 16 0
9 4 -1 17600.00 2.59 20 4 0 16 0
9 1 -1 17700.00 2.59 20 4 0 16 0
9 3 1 17600.00 2.59 20 4 0 16 0
9 4 1 17700.00 2.59 20 4 0 16 0
9 1 1 17600.00 2.59 20 4 0 16 0
10 4 -1 17800.00 2.59 20 4 0 16 0
10 2 -1 17600.00 2.59 20 4 0 16 0
10 4 1 17600.00 2.59 20 4 0 16 0
10 3 -1 17600.00 2.59 20 4 0 16 0
9 5 0 23100.00 2.59 40 4 0 16 0
10 3 1 17600.00 2.59 20 4 0 16 0
#STACKS
192000.000000 18.550000 16
192000.000000 21.150000 16
192000.000000 21.150000 16
192000.000000 21.150000 16
192000.000000 21.150000 16
192000.000000 21.150000 16
192000.000000 21.150000 16
192000.000000 21.150000 16
192000.000000 21.150000 16
192000.000000 18.550000 16
#CELLS
1 0 0 0 0 0 0
1 0 0 1 1 1 16
1 0 0 1 1 1 16
1 0 0 1 1 1 16
1 0 0 1 1 1 16
1 0 0 0 0 1 16
1 0 0 0 0 1 16
1 0 0 0 0 1 16
2 0 0 1 1 1 16
2 0 0 1 1 1 16
2 0 0 1 1 1 16
2 0 0 1 1 1 16
2 0 0 0 0 1 16
2 0 0 0 0 1 16
2 0 0 0 0 1 16
2 0 0 0 0 1 16
3 0 1 1 1 1 16
3 0 0 1 1 1 16
3 0 0 1 1 1 16
3 0 0 1 1 1 16
3 0 0 0 0 1 16
3 0 0 0 0 1 16
3 0 0 0 0 1 16
3 0 0 0 0 1 16
4 0 1 1 1 1 16
4 0 0 1 1 1 16
4 0 0 1 1 1 16
4 0 0 1 1 1 16
4 0 0 0 0 1 16
4 0 0 0 0 1 16
4 0 0 0 0 1 16
4 0 0 0 0 1 16
5 0 1 1 1 1 16
5 0 0 1 1 1 16
5 0 0 1 1 1 16
5 0 0 1 1 1 16
5 0 0 0 0 1 16
5 0 0 0 0 1 16
5 0 0 0 0 1 16
5 0 0 0 0 1 16
6 0 1 1 1 1 16
6 0 0 1 1 1 16
6 0 0 1 1 1 16
6 0 0 1 1 1 16
6 0 0 0 0 1 16
6 0 0 0 0 1 16
6 0 0 0 0 1 16
6 0 0 0 0 1 16
7 0 1 1 1 1 16
7 0 0 1 1 1 16
7 0 0 1 1 1 16
7 0 0 1 1 1 16
7 0 0 0 0 1 16
7 0 0 0 0 1 16
7 0 0 0 0 1 16
7 0 0 0 0 1 16
8 0 1 1 1 1 16
8 0 0 1 1 1 16
8 0 0 1 1 1 16
8 0 0 1 1 1 16
8 0 0 0 0 1 16
8 0 0 0 0 1 16
8 0 0 0 0 1 16
8 0 0 0 0 1 16
9 0 1 1 1 1 16
9 0 0 1 1 1 16
9 0 0 1 1 1 16
9 0 0 1 1 1 16
9 0 0 0 0 1 16
9 0 0 0 0 1 16
9 0 0 0 0 1 16
9 0 0 0 0 1 16
10 0 0 0 0 0 0
10 0 0 1 1 1 16
10 0 0 1 1 1 16
10 0 0 1 1 1 16
10 0 0 1 1 1 16
10 0 0 0 0 1 16
10 0 0 0 0 1 16
10 0 0 0 0 1 16
#SOLUTION-AFT
 0  0  0  0  0  0  0  0  0  0 
 0  0  0  0  0  0  0  0  0  0 
 0  0  0  0  0  0  0  0  0  0 
 0  0  0  0  0  0  0  0  19  9 
 0  0  0  0  0  0  0  0  13  17 
 0  0  0  0  0  1  0  0  12  20 
 0  0  0  0  0  3  0  0  8  4 
 0  0  0  0  0  2  0  0  14  0 
#SOLUTION-FWD
 0  0  0  0  0  0  0  0  0  0 
 0  0  0  0  0  0  0  0  0  0 
 0  0  0  0  0  0  0  0  0  0 
 0  0  0  0  0  0  0  0  19  7 
 0  0  0  0  0  0  0  0  10  15 
 0  0  0  0  0  1  0  0  6  18 
 0  0  0  0  0  3  0  0  5  16 
 0  0  0  0  0  2  0  0  11  0 
#INFO
cap20: 16  cap40: 4  reefer: 1  HC: 1  capacity: 15.384615 TEU: 156