1 32 0 4 36 1 9
#POD
4 
#LOCATIONS
34 
#CONTAINERS_TOLOAD
0 0 0 20520.00 2.90 40 4 0 34 0
0 0 0 14060.00 2.90 40 4 0 34 0
0 0 0 14086.00 2.90 40 4 0 34 0
0 0 0 14060.00 2.90 40 4 0 34 0
0 0 0 20375.00 2.90 40 4 0 34 0
0 0 0 20720.00 2.90 40 4 0 34 0
0 0 0 21136.00 2.90 40 4 0 34 0
0 0 0 20544.00 2.90 40 4 0 34 0
0 0 0 20643.00 2.90 40 4 0 34 0
0 0 0 20480.00 2.90 40 4 0 34 0
0 0 0 20200.00 2.90 40 4 0 34 0
0 0 0 14120.00 2.90 40 4 0 34 0
0 0 0 14140.00 2.90 40 4 0 34 0
0 0 0 21208.00 2.90 40 4 0 34 0
0 0 0 21212.00 2.90 40 4 0 34 0
0 0 0 14097.00 2.90 40 4 0 34 0
0 0 0 20300.00 2.90 40 4 0 34 0
0 0 0 20560.00 2.90 40 4 0 34 0
0 0 0 400.00 2.90 40 4 0 34 0
0 0 0 400.00 2.90 40 4 0 34 0
0 0 0 20420.00 2.90 40 4 0 34 0
0 0 0 20420.00 2.90 40 4 0 34 0
0 0 0 400.00 2.90 40 4 0 34 0
0 0 0 400.00 2.90 40 4 0 34 0
0 0 0 400.00 2.90 40 4 0 34 0
0 0 0 20863.00 2.90 40 4 0 34 0
0 0 0 21140.00 2.90 40 4 0 34 0
0 0 0 400.00 2.90 40 4 0 34 0
0 0 0 400.00 2.90 40 4 0 34 0
0 0 0 400.00 2.90 40 4 0 34 0
0 0 0 400.00 2.90 40 4 0 34 0
0 0 0 400.00 2.90 40 4 0 34 0
#CONTAINERS_LOADED 
#STACKS
270000.000000 23.320000 34
270000.000000 23.320000 34
270000.000000 23.320000 34
270000.000000 23.320000 34
#CELLS
1 0 0 1 1 1 34
1 0 0 1 1 1 34
1 0 0 1 1 1 34
1 0 0 1 1 1 34
1 0 0 1 1 1 34
1 0 0 1 1 1 34
1 0 0 1 1 1 34
1 0 0 1 1 1 34
1 0 0 1 1 1 34
2 0 0 1 1 1 34
2 0 0 1 1 1 34
2 0 0 1 1 1 34
2 0 0 1 1 1 34
2 0 0 1 1 1 34
2 0 0 1 1 1 34
2 0 0 1 1 1 34
2 0 0 1 1 1 34
2 0 0 1 1 1 34
3 0 0 1 1 1 34
3 0 0 1 1 1 34
3 0 0 1 1 1 34
3 0 0 1 1 1 34
3 0 0 1 1 1 34
3 0 0 1 1 1 34
3 0 0 1 1 1 34
3 0 0 1 1 1 34
3 0 0 1 1 1 34
4 0 0 1 1 1 34
4 0 0 1 1 1 34
4 0 0 1 1 1 34
4 0 0 1 1 1 34
4 0 0 1 1 1 34
4 0 0 1 1 1 34
4 0 0 1 1 1 34
4 0 0 1 1 1 34
4 0 0 1 1 1 34
#SOLUTION-AFT
 0  0  0  0 
 32  20  18  4 
 31  28  9  2 
 11  29  6  3 
 17  24  26  16 
 5  30  7  12 
 22  23  27  13 
 21  25  14  1 
 10  19  15  8 
#SOLUTION-FWD
 0  0  0  0 
 32  20  18  4 
 31  28  9  2 
 11  29  6  3 
 17  24  26  16 
 5  30  7  12 
 22  23  27  13 
 21  25  14  1 
 10  19  15  8 
#INFO
cap20: 0  cap40: 32  reefer: 0  HC: 32  capacity: 88.888889 TEU: 72