1 24 0 6 54 1 9
#POD
3 
#LOCATIONS
3 
#CONTAINERS_TOLOAD
0 0 0 26670.00 2.59 20 3 0 3 0
0 0 0 26670.00 2.59 20 3 0 3 0
0 0 0 26730.00 2.59 20 3 0 3 0
0 0 0 26730.00 2.59 20 3 0 3 0
0 0 0 26730.00 2.59 20 3 0 3 0
0 0 0 26730.00 2.59 20 3 0 3 0
0 0 0 26670.00 2.59 20 3 0 3 0
0 0 0 26730.00 2.59 20 3 0 3 0
0 0 0 26670.00 2.59 20 3 0 3 0
0 0 0 26670.00 2.59 20 3 0 3 0
0 0 0 26730.00 2.59 20 3 0 3 0
0 0 0 26730.00 2.59 20 3 0 3 0
0 0 0 26670.00 2.59 20 3 0 3 0
0 0 0 26730.00 2.59 20 3 0 3 0
0 0 0 26670.00 2.59 20 3 0 3 0
0 0 0 26730.00 2.59 20 3 0 3 0
0 0 0 26730.00 2.59 20 3 0 3 0
0 0 0 26670.00 2.59 20 3 0 3 0
0 0 0 26670.00 2.59 20 3 0 3 0
0 0 0 26670.00 2.59 20 3 0 3 0
0 0 0 26670.00 2.59 20 3 0 3 0
0 0 0 26730.00 2.59 20 3 0 3 0
0 0 0 26730.00 2.59 20 3 0 3 0
0 0 0 26670.00 2.59 20 3 0 3 0
#CONTAINERS_LOADED 
#STACKS
54000.000000 3.090000 3
108000.000000 5.690000 3
162000.000000 8.290000 3
162000.000000 8.290000 3
108000.000000 5.690000 3
54000.000000 3.090000 3
#CELLS
1 0 0 0 0 0 0
1 0 0 0 0 0 0
1 0 0 0 0 0 0
1 0 0 0 0 0 0
1 0 0 0 0 0 0
1 0 0 0 0 0 0
1 0 0 0 0 0 0
1 0 0 0 0 0 0
1 0 0 1 1 1 3
2 0 0 0 0 0 0
2 0 0 0 0 0 0
2 0 0 0 0 0 0
2 0 0 0 0 0 0
2 0 0 0 0 0 0
2 0 0 0 0 0 0
2 0 0 0 0 0 0
2 0 0 1 1 1 3
2 0 0 1 1 1 3
3 0 0 0 0 0 0
3 0 0 0 0 0 0
3 0 0 0 0 0 0
3 0 0 0 0 0 0
3 0 0 0 0 0 0
3 0 0 0 0 0 0
3 0 0 1 1 1 3
3 0 0 1 1 1 3
3 0 0 1 1 1 3
4 0 0 0 0 0 0
4 0 0 0 0 0 0
4 0 0 0 0 0 0
4 0 0 0 0 0 0
4 0 0 0 0 0 0
4 0 0 0 0 0 0
4 0 0 1 1 1 3
4 0 0 1 1 1 3
4 0 0 1 1 1 3
5 0 0 0 0 0 0
5 0 0 0 0 0 0
5 0 0 0 0 0 0
5 0 0 0 0 0 0
5 0 0 0 0 0 0
5 0 0 0 0 0 0
5 0 0 0 0 0 0
5 0 0 1 1 1 3
5 0 0 1 1 1 3
6 0 0 0 0 0 0
6 0 0 0 0 0 0
6 0 0 0 0 0 0
6 0 0 0 0 0 0
6 0 0 0 0 0 0
6 0 0 0 0 0 0
6 0 0 0 0 0 0
6 0 0 0 0 0 0
6 0 0 1 1 1 3
#SOLUTION-AFT
 22  24  20  13  21  4 
 0  16  18  14  1  0 
 0  0  8  6  0  0 
 0  0  0  0  0  0 
 0  0  0  0  0  0 
 0  0  0  0  0  0 
 0  0  0  0  0  0 
 0  0  0  0  0  0 
 0  0  0  0  0  0 
#SOLUTION-FWD
 9  2  10  7  15  12 
 0  3  23  17  19  0 
 0  0  5  11  0  0 
 0  0  0  0  0  0 
 0  0  0  0  0  0 
 0  0  0  0  0  0 
 0  0  0  0  0  0 
 0  0  0  0  0  0 
 0  0  0  0  0  0 
#INFO
cap20: 24  cap40: 0  reefer: 0  HC: 0  capacity: 100.000000 TEU: 24