1 5 0 8 64 1 8
#POD
5 
#LOCATIONS
34 
#CONTAINERS_TOLOAD
0 0 0 21518.00 2.90 40 5 0 34 0
0 0 0 22879.00 2.59 40 5 0 34 0
0 0 0 23886.00 2.59 40 5 0 34 0
0 0 0 22807.00 2.59 20 5 0 34 0
0 0 0 18896.00 2.59 20 5 0 34 0
#CONTAINERS_LOADED 
#STACKS
244900.000000 18.500000 34
241800.000000 21.100000 34
241800.000000 21.100000 34
241800.000000 21.100000 34
241800.000000 21.100000 34
241800.000000 21.100000 34
241800.000000 21.100000 34
244900.000000 18.500000 34
#CELLS
1 0 0 0 0 0 0
1 0 0 1 1 1 34
1 0 0 1 1 1 34
1 0 0 1 1 1 34
1 0 0 1 1 1 34
1 0 0 1 1 1 34
1 0 0 1 1 1 34
1 0 0 0 0 1 34
2 0 0 1 1 1 34
2 0 0 1 1 1 34
2 0 0 1 1 1 34
2 0 0 1 1 1 34
2 0 0 1 1 1 34
2 0 0 1 1 1 34
2 0 0 1 1 1 34
2 0 0 0 0 1 34
3 0 0 1 1 1 34
3 0 0 1 1 1 34
3 0 0 1 1 1 34
3 0 0 1 1 1 34
3 0 0 1 1 1 34
3 0 0 1 1 1 34
3 0 0 1 1 1 34
3 0 0 0 0 1 34
4 0 0 1 1 1 34
4 0 0 1 1 1 34
4 0 0 1 1 1 34
4 0 0 1 1 1 34
4 0 0 1 1 1 34
4 0 0 1 1 1 34
4 0 0 1 1 1 34
4 0 0 0 0 1 34
5 0 0 1 1 1 34
5 0 0 1 1 1 34
5 0 0 1 1 1 34
5 0 0 1 1 1 34
5 0 0 1 1 1 34
5 0 0 1 1 1 34
5 0 0 1 1 1 34
5 0 0 0 0 1 34
6 0 0 1 1 1 34
6 0 0 1 1 1 34
6 0 0 1 1 1 34
6 0 0 1 1 1 34
6 0 0 1 1 1 34
6 0 0 1 1 1 34
6 0 0 1 1 1 34
6 0 0 0 0 1 34
7 0 0 1 1 1 34
7 0 0 1 1 1 34
7 0 0 1 1 1 34
7 0 0 1 1 1 34
7 0 0 1 1 1 34
7 0 0 1 1 1 34
7 0 0 1 1 1 34
7 0 0 0 0 1 34
8 0 0 0 0 0 0
8 0 0 1 1 1 34
8 0 0 1 1 1 34
8 0 0 1 1 1 34
8 0 0 1 1 1 34
8 0 0 1 1 1 34
8 0 0 1 1 1 34
8 0 0 0 0 1 34
#SOLUTION-AFT
 0  0  0  0  0  0  0  0 
 0  0  0  0  0  0  0  0 
 0  0  0  0  0  0  0  0 
 1  0  0  0  0  0  0  0 
 2  0  0  0  0  0  0  0 
 3  0  0  0  0  0  0  0 
 5  0  0  0  0  0  0  0 
 0  0  0  0  0  0  0  0 
#SOLUTION-FWD
 0  0  0  0  0  0  0  0 
 0  0  0  0  0  0  0  0 
 0  0  0  0  0  0  0  0 
 1  0  0  0  0  0  0  0 
 2  0  0  0  0  0  0  0 
 3  0  0  0  0  0  0  0 
 4  0  0  0  0  0  0  0 
 0  0  0  0  0  0  0  0 
#INFO
cap20: 2  cap40: 3  reefer: 0  HC: 1  capacity: 6.451613 TEU: 124