2 78 0 10 90 1 9
#POD
7 10 
#LOCATIONS
70 
#CONTAINERS_TOLOAD
0 0 0 13599.00 2.90 40 7 0 70 0
0 0 0 10650.00 2.90 40 7 0 70 0
0 0 0 10650.00 2.90 40 7 0 70 0
0 0 0 21600.00 2.90 40 7 0 70 0
0 0 0 23900.00 2.90 40 7 1 70 0
0 0 0 21600.00 2.90 40 7 0 70 0
0 0 0 10650.00 2.90 40 7 0 70 0
0 0 0 12540.00 2.90 40 7 0 70 0
0 0 0 10650.00 2.90 40 7 0 70 0
0 0 0 13599.00 2.90 40 7 0 70 0
0 0 0 20000.00 2.90 40 7 0 70 0
0 0 0 10650.00 2.90 40 7 0 70 0
0 0 0 15599.00 2.90 40 7 0 70 0
0 0 0 21000.00 2.90 40 7 1 70 0
0 0 0 26399.00 2.90 40 7 1 70 0
0 0 0 22670.00 2.90 40 7 1 70 0
0 0 0 26399.00 2.90 40 7 1 70 0
0 0 0 10650.00 2.90 40 7 0 70 0
0 0 0 16399.00 2.90 40 10 1 70 0
0 0 0 15599.00 2.90 40 7 0 70 0
0 0 0 19600.00 2.90 40 7 0 70 0
0 0 0 15460.00 2.90 40 7 0 70 0
0 0 0 20600.00 2.90 40 7 0 70 0
0 0 0 14700.00 2.90 40 7 0 70 0
0 0 0 14144.00 2.90 40 7 0 70 0
0 0 0 20600.00 2.90 40 7 0 70 0
0 0 0 10650.00 2.90 40 7 0 70 0
0 0 0 10650.00 2.90 40 7 0 70 0
0 0 0 19000.00 2.90 40 7 1 70 0
0 0 0 23000.00 2.90 40 7 1 70 0
0 0 0 15440.00 2.90 40 7 0 70 0
0 0 0 10650.00 2.90 40 7 0 70 0
0 0 0 24570.00 2.90 40 7 1 70 0
0 0 0 10650.00 2.90 40 7 0 70 0
0 0 0 25000.00 2.90 40 7 1 70 0
0 0 0 25000.00 2.90 40 7 1 70 0
0 0 0 12414.00 2.90 40 7 0 70 0
0 0 0 13100.00 2.90 40 7 0 70 0
0 0 0 10650.00 2.90 40 7 0 70 0
0 0 0 13599.00 2.90 40 7 0 70 0
0 0 0 15599.00 2.90 40 7 0 70 0
0 0 0 10650.00 2.90 40 7 0 70 0
0 0 0 15957.00 2.90 40 7 0 70 0
0 0 0 15599.00 2.90 40 7 0 70 0
0 0 0 13599.00 2.90 40 7 0 70 0
0 0 0 15599.00 2.90 40 7 0 70 0
0 0 0 10650.00 2.90 40 7 0 70 0
0 0 0 10650.00 2.90 40 7 0 70 0
0 0 0 13599.00 2.90 40 7 0 70 0
0 0 0 25300.00 2.90 40 7 1 70 0
0 0 0 10650.00 2.90 40 7 0 70 0
0 0 0 12200.00 2.90 40 10 0 70 0
0 0 0 19600.00 2.90 40 7 0 70 0
0 0 0 22240.00 2.90 40 7 1 70 0
0 0 0 10650.00 2.90 40 7 0 70 0
0 0 0 24300.00 2.90 40 7 1 70 0
0 0 0 13700.00 2.90 40 7 0 70 0
0 0 0 10650.00 2.90 40 7 0 70 0
0 0 0 10650.00 2.90 40 7 0 70 0
0 0 0 14000.00 2.90 40 7 0 70 0
0 0 0 26000.00 2.90 40 7 1 70 0
0 0 0 12414.00 2.90 40 7 0 70 0
0 0 0 22127.00 2.90 40 7 1 70 0
0 0 0 22900.00 2.90 40 7 0 70 0
0 0 0 12599.00 2.90 40 7 0 70 0
0 0 0 15380.00 2.90 40 7 0 70 0
0 0 0 14300.00 2.90 40 7 0 70 0
0 0 0 15599.00 2.90 40 7 0 70 0
0 0 0 13150.00 2.90 40 7 0 70 0
0 0 0 13599.00 2.90 40 7 0 70 0
0 0 0 15599.00 2.90 40 7 0 70 0
0 0 0 22800.00 2.90 40 7 0 70 0
0 0 0 15599.00 2.90 40 7 0 70 0
0 0 0 22610.00 2.90 40 7 1 70 0
0 0 0 15599.00 2.90 40 7 0 70 0
0 0 0 14300.00 2.90 40 7 0 70 0
0 0 0 19600.00 2.90 40 7 0 70 0
0 0 0 21600.00 2.90 40 7 0 70 0
#CONTAINERS_LOADED 
#STACKS
184000.000000 20.730000 70
270000.000000 23.320000 70
270000.000000 23.320000 70
270000.000000 23.320000 70
270000.000000 23.320000 70
270000.000000 23.320000 70
270000.000000 23.320000 70
270000.000000 23.320000 70
270000.000000 23.320000 70
184000.000000 20.730000 70
#CELLS
1 0 0 0 0 0 0
1 0 1 1 1 1 70
1 0 1 1 1 1 70
1 0 1 1 1 1 70
1 0 1 1 1 1 70
1 0 0 1 1 1 70
1 0 0 1 1 1 70
1 0 0 1 1 1 70
1 0 0 0 0 1 70
2 0 1 1 1 1 70
2 0 1 1 1 1 70
2 0 1 1 1 1 70
2 0 1 1 1 1 70
2 0 1 1 1 1 70
2 1 0 1 1 1 70
2 0 0 1 1 1 70
2 0 0 1 1 1 70
2 0 0 0 0 1 70
3 0 1 1 1 1 70
3 0 1 1 1 1 70
3 0 1 1 1 1 70
3 0 1 1 1 1 70
3 0 1 1 1 1 70
3 1 0 1 1 1 70
3 0 0 1 1 1 70
3 0 0 1 1 1 70
3 0 0 0 0 1 70
4 0 1 1 1 1 70
4 0 1 1 1 1 70
4 0 1 1 1 1 70
4 0 1 1 1 1 70
4 0 1 1 1 1 70
4 1 0 1 1 1 70
4 0 0 1 1 1 70
4 0 0 1 1 1 70
4 0 0 0 0 1 70
5 0 1 1 1 1 70
5 0 1 1 1 1 70
5 0 1 1 1 1 70
5 0 1 1 1 1 70
5 0 1 1 1 1 70
5 1 0 1 1 1 70
5 0 0 1 1 1 70
5 0 0 1 1 1 70
5 0 0 0 0 1 70
6 0 1 1 1 1 70
6 0 1 1 1 1 70
6 0 1 1 1 1 70
6 0 1 1 1 1 70
6 0 1 1 1 1 70
6 1 0 1 1 1 70
6 0 0 1 1 1 70
6 0 0 1 1 1 70
6 0 0 0 0 1 70
7 0 1 1 1 1 70
7 0 1 1 1 1 70
7 0 1 1 1 1 70
7 0 1 1 1 1 70
7 0 1 1 1 1 70
7 1 0 1 1 1 70
7 0 0 1 1 1 70
7 0 0 1 1 1 70
7 0 0 0 0 1 70
8 0 1 1 1 1 70
8 0 1 1 1 1 70
8 0 1 1 1 1 70
8 0 1 1 1 1 70
8 0 1 1 1 1 70
8 1 0 1 1 1 70
8 0 0 1 1 1 70
8 0 0 1 1 1 70
8 0 0 0 0 1 70
9 0 1 1 1 1 70
9 0 1 1 1 1 70
9 0 1 1 1 1 70
9 0 1 1 1 1 70
9 0 1 1 1 1 70
9 1 0 1 1 1 70
9 0 0 1 1 1 70
9 0 0 1 1 1 70
9 0 0 0 0 1 70
10 0 0 0 0 0 0
10 0 1 1 1 1 70
10 0 1 1 1 1 70
10 0 1 1 1 1 70
10 0 1 1 1 1 70
10 0 0 1 1 1 70
10 0 0 1 1 1 70
10 0 0 1 1 1 70
10 0 0 0 0 1 70
#SOLUTION-AFT
 0  0  0  0  0  0  0  0  0  0 
 42  77  62  2  78  68  66  70  59  47 
 34  21  37  1  72  71  31  45  55  48 
 39  53  8  57  64  73  22  49  58  51 
 28  11  65  60  56  75  13  54  3  9 
 32  23  38  25  33  43  20  74  7  12 
 52  26  69  67  36  61  46  16  29  18 
 19  4  40  76  35  17  41  30  14  27 
 0  6  10  24  50  15  44  5  63  0 
#SOLUTION-FWD
 0  0  0  0  0  0  0  0  0  0 
 42  77  62  2  78  68  66  70  59  47 
 34  21  37  1  72  71  31  45  55  48 
 39  53  8  57  64  73  22  49  58  51 
 28  11  65  60  56  75  13  54  3  9 
 32  23  38  25  33  43  20  74  7  12 
 52  26  69  67  36  61  46  16  29  18 
 19  4  40  76  35  17  41  30  14  27 
 0  6  10  24  50  15  44  5  63  0 
#INFO
cap20: 0  cap40: 78  reefer: 17  HC: 78  capacity: 88.636364 TEU: 176