1 22 0 4 36 1 9
#POD
3 
#LOCATIONS
62 
#CONTAINERS_TOLOAD
0 0 0 18920.00 2.59 40 3 0 62 0
0 0 0 18740.00 2.59 40 3 0 62 0
0 0 0 24000.00 2.59 40 3 0 62 0
0 0 0 24000.00 2.59 40 3 0 62 0
0 0 0 18700.00 2.59 40 3 0 62 0
0 0 0 18870.00 2.59 40 3 0 62 0
0 0 0 29415.00 2.90 40 3 0 62 0
0 0 0 24000.00 2.59 40 3 0 62 0
0 0 0 29475.00 2.90 40 3 0 62 0
0 0 0 18700.00 2.59 40 3 0 62 0
0 0 0 18920.00 2.59 40 3 0 62 0
0 0 0 24000.00 2.59 40 3 0 62 0
0 0 0 24000.00 2.59 40 3 0 62 0
0 0 0 21000.00 2.90 40 3 0 62 0
0 0 0 29415.00 2.90 40 3 0 62 0
0 0 0 18920.00 2.59 40 3 0 62 0
0 0 0 21700.00 2.59 40 3 0 62 0
0 0 0 18690.00 2.59 40 3 0 62 0
0 0 0 23000.00 2.59 40 3 0 62 0
0 0 0 29415.00 2.90 40 3 0 62 0
0 0 0 29475.00 2.90 40 3 0 62 0
0 0 0 18700.00 2.59 40 3 0 62 0
#CONTAINERS_LOADED 
#STACKS
270000.000000 16.100000 62
270000.000000 16.100000 62
270000.000000 16.100000 62
270000.000000 16.100000 62
#CELLS
1 0 0 0 0 0 0
1 0 0 0 0 0 0
1 0 0 0 0 0 0
1 0 0 1 1 1 62
1 0 0 1 1 1 62
1 0 0 1 1 1 62
1 0 0 1 1 1 62
1 0 0 1 1 1 62
1 0 0 1 1 1 62
2 0 0 0 0 0 0
2 0 0 0 0 0 0
2 0 0 0 0 0 0
2 0 0 1 1 1 62
2 0 0 1 1 1 62
2 0 0 1 1 1 62
2 0 0 1 1 1 62
2 0 0 1 1 1 62
2 0 0 1 1 1 62
3 0 0 0 0 0 0
3 0 0 0 0 0 0
3 0 0 0 0 0 0
3 0 0 1 1 1 62
3 0 0 1 1 1 62
3 0 0 1 1 1 62
3 0 0 1 1 1 62
3 0 0 1 1 1 62
3 0 0 1 1 1 62
4 0 0 0 0 0 0
4 0 0 0 0 0 0
4 0 0 0 0 0 0
4 0 0 1 1 1 62
4 0 0 1 1 1 62
4 0 0 1 1 1 62
4 0 0 1 1 1 62
4 0 0 1 1 1 62
4 0 0 1 1 1 62
#SOLUTION-AFT
 0  6  0  12 
 18  11  14  8 
 22  16  20  13 
 5  1  7  3 
 10  17  9  4 
 2  19  21  15 
 0  0  0  0 
 0  0  0  0 
 0  0  0  0 
#SOLUTION-FWD
 0  6  0  12 
 18  11  14  8 
 22  16  20  13 
 5  1  7  3 
 10  17  9  4 
 2  19  21  15 
 0  0  0  0 
 0  0  0  0 
 0  0  0  0 
#INFO
cap20: 0  cap40: 22  reefer: 0  HC: 6  capacity: 91.666667 TEU: 48