1 5 0 3 24 1 8
#POD
8 
#LOCATIONS
42 
#CONTAINERS_TOLOAD
0 0 0 11560.00 2.90 40 8 0 42 0
0 0 0 11243.00 2.59 40 8 0 42 0
0 0 0 12140.00 2.90 40 8 0 42 0
0 0 0 11380.00 2.90 40 8 0 42 0
0 0 0 9974.00 2.90 40 8 0 42 0
#CONTAINERS_LOADED 
#STACKS
340000.000000 21.280000 42
340000.000000 21.280000 42
340000.000000 21.280000 42
#CELLS
1 0 1 1 1 1 42
1 0 1 1 1 1 42
1 0 1 1 1 1 42
1 0 1 1 1 1 42
1 0 1 1 1 1 42
1 0 1 1 1 1 42
1 0 0 1 1 1 42
1 0 0 0 0 1 42
2 0 0 1 1 1 42
2 0 0 1 1 1 42
2 0 0 1 1 1 42
2 0 0 1 1 1 42
2 0 0 1 1 1 42
2 0 0 1 1 1 42
2 0 0 1 1 1 42
2 0 0 0 0 1 42
3 0 1 1 1 1 42
3 0 1 1 1 1 42
3 0 1 1 1 1 42
3 0 1 1 1 1 42
3 0 1 1 1 1 42
3 0 1 1 1 1 42
3 0 0 1 1 1 42
3 0 0 0 0 1 42
#SOLUTION-AFT
 0  0  0 
 0  0  0 
 0  0  0 
 0  5  0 
 0  2  0 
 0  4  0 
 0  1  0 
 0  3  0 
#SOLUTION-FWD
 0  0  0 
 0  0  0 
 0  0  0 
 0  5  0 
 0  2  0 
 0  4  0 
 0  1  0 
 0  3  0 
#INFO
cap20: 0  cap40: 5  reefer: 0  HC: 4  capacity: 20.833333 TEU: 48