1 29 0 10 90 1 9
#POD
4 
#LOCATIONS
73 
#CONTAINERS_TOLOAD
0 0 0 19004.00 2.90 40 4 1 73 0
0 0 0 20846.00 2.90 40 4 1 73 0
0 0 0 19633.00 2.90 40 4 1 73 0
0 0 0 21650.00 2.90 40 4 1 73 0
0 0 0 20916.00 2.90 40 4 1 73 0
0 0 0 20572.00 2.90 40 4 1 73 0
0 0 0 20147.00 2.90 40 4 1 73 0
0 0 0 21935.00 2.90 40 4 1 73 0
0 0 0 21696.00 2.90 40 4 1 73 0
0 0 0 21446.00 2.90 40 4 1 73 0
0 0 0 19570.00 2.90 40 4 1 73 0
0 0 0 21814.00 2.90 40 4 1 73 0
0 0 0 21328.00 2.90 40 4 1 73 0
0 0 0 20682.00 2.90 40 4 1 73 0
0 0 0 19996.00 2.90 40 4 1 73 0
0 0 0 19049.00 2.90 40 4 1 73 0
0 0 0 19299.00 2.90 40 4 1 73 0
0 0 0 20194.00 2.90 40 4 1 73 0
0 0 0 19482.00 2.90 40 4 1 73 0
0 0 0 19543.00 2.90 40 4 1 73 0
0 0 0 22239.00 2.90 40 4 1 73 0
0 0 0 20460.00 2.90 40 4 1 73 0
0 0 0 19390.00 2.90 40 4 1 73 0
0 0 0 19015.00 2.90 40 4 1 73 0
0 0 0 19029.00 2.90 40 4 1 73 0
0 0 0 20238.00 2.90 40 4 1 73 0
0 0 0 20742.00 2.90 40 4 1 73 0
0 0 0 20871.00 2.90 40 4 1 73 0
0 0 0 20971.00 2.90 40 4 1 73 0
#CONTAINERS_LOADED 
#STACKS
184000.000000 15.720000 73
184000.000000 15.720000 73
184000.000000 18.310000 73
184000.000000 18.310000 73
184000.000000 18.310000 73
184000.000000 18.310000 73
184000.000000 18.310000 73
184000.000000 18.310000 73
184000.000000 15.720000 73
184000.000000 15.720000 73
#CELLS
1 0 0 0 0 0 0
1 0 0 0 0 0 0
1 0 0 0 0 0 0
1 0 1 1 1 1 73
1 0 1 1 1 1 73
1 0 0 1 1 1 73
1 0 0 1 1 1 73
1 0 0 1 1 1 73
1 0 0 1 1 1 73
2 0 0 0 0 0 0
2 0 0 0 0 0 0
2 0 0 0 0 0 0
2 0 1 1 1 1 73
2 0 1 1 1 1 73
2 0 1 1 1 1 73
2 0 0 1 1 1 73
2 0 0 1 1 1 73
2 0 0 1 1 1 73
3 0 0 0 0 0 0
3 0 0 0 0 0 0
3 0 1 1 1 1 73
3 0 1 1 1 1 73
3 0 1 1 1 1 73
3 1 0 1 1 1 73
3 0 0 1 1 1 73
3 0 0 1 1 1 73
3 0 0 1 1 1 73
4 0 0 0 0 0 0
4 0 0 0 0 0 0
4 0 1 1 1 1 73
4 0 1 1 1 1 73
4 0 1 1 1 1 73
4 1 0 1 1 1 73
4 0 0 1 1 1 73
4 0 0 1 1 1 73
4 0 0 1 1 1 73
5 0 0 0 0 0 0
5 0 0 0 0 0 0
5 0 1 1 1 1 73
5 0 1 1 1 1 73
5 0 1 1 1 1 73
5 1 0 1 1 1 73
5 0 0 1 1 1 73
5 0 0 1 1 1 73
5 0 0 1 1 1 73
6 0 0 0 0 0 0
6 0 0 0 0 0 0
6 0 1 1 1 1 73
6 0 1 1 1 1 73
6 0 1 1 1 1 73
6 1 0 1 1 1 73
6 0 0 1 1 1 73
6 0 0 1 1 1 73
6 0 0 1 1 1 73
7 0 0 0 0 0 0
7 0 0 0 0 0 0
7 0 1 1 1 1 73
7 0 1 1 1 1 73
7 0 1 1 1 1 73
7 1 0 1 1 1 73
7 0 0 1 1 1 73
7 0 0 1 1 1 73
7 0 0 1 1 1 73
8 0 0 0 0 0 0
8 0 0 0 0 0 0
8 0 1 1 1 1 73
8 0 1 1 1 1 73
8 0 1 1 1 1 73
8 1 0 1 1 1 73
8 0 0 1 1 1 73
8 0 0 1 1 1 73
8 0 0 1 1 1 73
9 0 0 0 0 0 0
9 0 0 0 0 0 0
9 0 0 0 0 0 0
9 0 1 1 1 1 73
9 0 1 1 1 1 73
9 0 1 1 1 1 73
9 0 0 1 1 1 73
9 0 0 1 1 1 73
9 0 0 1 1 1 73
10 0 0 0 0 0 0
10 0 0 0 0 0 0
10 0 0 0 0 0 0
10 0 1 1 1 1 73
10 0 1 1 1 1 73
10 0 1 1 1 1 73
10 0 0 1 1 1 73
10 0 0 1 1 1 73
10 0 0 1 1 1 73
#SOLUTION-AFT
 0  0  0  0  0  0  0  0  0  0 
 0  0  0  0  0  0  0  0  0  0 
 0  0  0  0  0  0  0  0  0  0 
 0  27  0  0  0  0  0  0  28  26 
 25  9  29  21  18  23  17  19  6  11 
 16  10  3  1  12  5  2  8  7  14 
 0  0  4  22  13  24  15  20  0  0 
 0  0  0  0  0  0  0  0  0  0 
 0  0  0  0  0  0  0  0  0  0 
#SOLUTION-FWD
 0  0  0  0  0  0  0  0  0  0 
 0  0  0  0  0  0  0  0  0  0 
 0  0  0  0  0  0  0  0  0  0 
 0  27  0  0  0  0  0  0  28  26 
 25  9  29  21  18  23  17  19  6  11 
 16  10  3  1  12  5  2  8  7  14 
 0  0  4  22  13  24  15  20  0  0 
 0  0  0  0  0  0  0  0  0  0 
 0  0  0  0  0  0  0  0  0  0 
#INFO
cap20: 0  cap40: 29  reefer: 29  HC: 29  capacity: 43.939394 TEU: 132