2 20 37 8 64 1 8
#POD
3 5 
#LOCATIONS
54 
#CONTAINERS_TOLOAD
0 0 0 29139.00 2.90 40 3 0 54 0
0 0 0 28876.00 2.90 40 3 0 54 0
0 0 0 29184.00 2.90 40 3 0 54 0
0 0 0 28395.00 2.90 40 3 0 54 0
0 0 0 28740.00 2.90 40 3 0 54 0
0 0 0 28368.00 2.90 40 3 0 54 0
0 0 0 28377.00 2.90 40 3 0 54 0
0 0 0 28295.00 2.90 40 3 0 54 0
0 0 0 28386.00 2.90 40 3 0 54 0
0 0 0 28304.00 2.90 40 3 0 54 0
0 0 0 28676.00 2.90 40 3 0 54 0
0 0 0 28467.00 2.90 40 3 0 54 0
0 0 0 29311.00 2.90 40 3 0 54 0
0 0 0 28994.00 2.90 40 3 0 54 0
0 0 0 28830.00 2.90 40 3 0 54 0
0 0 0 28286.00 2.90 40 3 0 54 0
0 0 0 28839.00 2.90 40 3 0 54 0
0 0 0 28395.00 2.90 40 3 0 54 0
0 0 0 29384.00 2.90 40 3 0 54 0
0 0 0 29030.00 2.90 40 3 0 54 0
#CONTAINERS_LOADED 
5 1 0 24900.00 2.59 40 5 0 54 0
5 6 0 27100.00 2.59 40 5 0 54 0
7 7 0 25300.00 2.59 40 5 0 54 0
8 2 0 30100.00 2.90 40 5 0 54 0
6 7 0 25300.00 2.59 40 5 0 54 0
6 1 0 26400.00 2.59 40 5 0 54 0
7 5 0 29100.00 2.59 40 5 0 54 0
5 7 0 29400.00 2.59 40 5 0 54 0
6 4 0 28900.00 2.59 40 5 0 54 0
6 2 0 28600.00 2.59 40 5 0 54 0
4 2 0 28800.00 2.90 40 5 0 54 0
8 3 0 20900.00 2.90 40 5 0 54 0
4 3 0 28200.00 2.90 40 5 0 54 0
4 5 0 28300.00 2.90 40 5 0 54 0
8 7 0 23300.00 2.90 40 5 0 54 0
8 5 0 28600.00 2.90 40 5 0 54 0
5 3 0 24800.00 2.59 40 5 0 54 0
6 6 0 27600.00 2.59 40 5 0 54 0
4 7 0 30500.00 2.90 40 5 0 54 0
6 8 0 25100.00 2.90 40 5 0 54 0
5 4 0 29000.00 2.59 40 5 0 54 0
6 3 0 28700.00 2.59 40 5 0 54 0
6 5 0 28400.00 2.59 40 5 0 54 0
5 5 0 24900.00 2.59 40 5 0 54 0
8 6 0 27800.00 2.90 40 5 0 54 0
8 4 0 28800.00 2.90 40 5 0 54 0
7 8 0 29200.00 2.90 40 5 0 54 0
4 6 0 29200.00 2.90 40 5 0 54 0
5 2 0 29200.00 2.59 40 5 0 54 0
4 1 0 31200.00 2.90 40 5 0 54 0
4 4 0 26200.00 2.90 40 5 0 54 0
7 1 0 26600.00 2.59 40 5 0 54 0
7 3 0 26600.00 2.59 40 5 0 54 0
7 6 0 26400.00 2.59 40 5 0 54 0
7 4 0 27100.00 2.59 40 5 0 54 0
7 2 0 26600.00 2.59 40 5 0 54 0
5 8 0 21200.00 2.90 40 5 0 54 0
#STACKS
250200.000000 18.500000 54
247000.000000 21.100000 54
247000.000000 21.100000 54
247000.000000 21.100000 54
247000.000000 21.100000 54
247000.000000 21.100000 54
247000.000000 21.100000 54
250200.000000 18.500000 54
#CELLS
1 0 0 0 0 0 0
1 0 0 1 1 1 54
1 0 0 1 1 1 54
1 0 0 1 1 1 54
1 0 0 1 1 1 54
1 0 0 1 1 1 54
1 0 0 1 1 1 54
1 0 0 0 0 1 54
2 0 0 1 1 1 54
2 0 0 1 1 1 54
2 0 0 1 1 1 54
2 0 0 1 1 1 54
2 0 0 1 1 1 54
2 0 0 1 1 1 54
2 0 0 1 1 1 54
2 0 0 0 0 1 54
3 0 0 1 1 1 54
3 0 0 1 1 1 54
3 0 0 1 1 1 54
3 0 0 1 1 1 54
3 0 0 1 1 1 54
3 0 0 1 1 1 54
3 0 0 1 1 1 54
3 0 0 0 0 1 54
4 0 0 1 1 1 54
4 0 0 1 1 1 54
4 0 0 1 1 1 54
4 0 0 1 1 1 54
4 0 0 1 1 1 54
4 0 0 1 1 1 54
4 0 0 1 1 1 54
4 0 0 0 0 1 54
5 0 0 1 1 1 54
5 0 0 1 1 1 54
5 0 0 1 1 1 54
5 0 0 1 1 1 54
5 0 0 1 1 1 54
5 0 0 1 1 1 54
5 0 0 1 1 1 54
5 0 0 0 0 1 54
6 0 0 1 1 1 54
6 0 0 1 1 1 54
6 0 0 1 1 1 54
6 0 0 1 1 1 54
6 0 0 1 1 1 54
6 0 0 1 1 1 54
6 0 0 1 1 1 54
6 0 0 0 0 1 54
7 0 0 1 1 1 54
7 0 0 1 1 1 54
7 0 0 1 1 1 54
7 0 0 1 1 1 54
7 0 0 1 1 1 54
7 0 0 1 1 1 54
7 0 0 1 1 1 54
7 0 0 0 0 1 54
8 0 0 0 0 0 0
8 0 0 1 1 1 54
8 0 0 1 1 1 54
8 0 0 1 1 1 54
8 0 0 1 1 1 54
8 0 0 1 1 1 54
8 0 0 1 1 1 54
8 0 0 0 0 1 54
#SOLUTION-AFT
 0  0  0  0  57  40  47  0 
 16  4  2  39  28  25  23  35 
 8  18  14  48  22  38  54  45 
 10  12  20  34  44  43  27  36 
 6  11  1  51  41  29  55  46 
 7  5  3  33  37  42  53  32 
 9  15  13  31  49  30  56  24 
 0  17  19  50  21  26  52  0 
#SOLUTION-FWD
 0  0  0  0  57  40  47  0 
 16  4  2  39  28  25  23  35 
 8  18  14  48  22  38  54  45 
 10  12  20  34  44  43  27  36 
 6  11  1  51  41  29  55  46 
 7  5  3  33  37  42  53  32 
 9  15  13  31  49  30  56  24 
 0  17  19  50  21  26  52  0 
#INFO
cap20: 0  cap40: 57  reefer: 0  HC: 36  capacity: 91.935484 TEU: 124