1 28 0 4 52 1 13
#POD
4 
#LOCATIONS
8 
#CONTAINERS_TOLOAD
0 0 0 2000.00 2.59 20 4 0 8 0
0 0 0 2000.00 2.59 20 4 0 8 0
0 0 0 2000.00 2.59 20 4 0 8 0
0 0 0 2000.00 2.59 20 4 0 8 0
0 0 0 2000.00 2.59 20 4 0 8 0
0 0 0 2000.00 2.59 20 4 0 8 0
0 0 0 2000.00 2.59 20 4 0 8 0
0 0 0 2000.00 2.59 20 4 0 8 0
0 0 0 2000.00 2.59 20 4 0 8 0
0 0 0 2000.00 2.59 20 4 0 8 0
0 0 0 2000.00 2.59 20 4 0 8 0
0 0 0 2000.00 2.59 20 4 0 8 0
0 0 0 2000.00 2.59 20 4 0 8 0
0 0 0 2000.00 2.59 20 4 0 8 0
0 0 0 2000.00 2.59 20 4 0 8 0
0 0 0 2000.00 2.59 20 4 0 8 0
0 0 0 2000.00 2.59 20 4 0 8 0
0 0 0 2000.00 2.59 20 4 0 8 0
0 0 0 2000.00 2.59 20 4 0 8 0
0 0 0 2000.00 2.59 20 4 0 8 0
0 0 0 2000.00 2.59 20 4 0 8 0
0 0 0 2000.00 2.59 20 4 0 8 0
0 0 0 2000.00 2.59 20 4 0 8 0
0 0 0 2000.00 2.59 20 4 0 8 0
0 0 0 2000.00 2.59 20 4 0 8 0
0 0 0 2000.00 2.59 20 4 0 8 0
0 0 0 2000.00 2.59 20 4 0 8 0
0 0 0 2000.00 2.59 20 4 0 8 0
#CONTAINERS_LOADED 
#STACKS
180000.000000 7.920000 8
240000.000000 10.510000 8
240000.000000 10.510000 8
180000.000000 7.920000 8
#CELLS
1 0 0 0 0 0 0
1 0 0 0 0 0 0
1 0 0 0 0 0 0
1 0 0 0 0 0 0
1 0 0 0 0 0 0
1 0 0 0 0 0 0
1 0 0 1 1 0 8
1 0 0 1 1 0 8
1 0 0 1 1 0 8
1 0 0 0 0 0 0
1 0 0 0 0 0 0
1 0 0 0 0 0 0
1 0 0 0 0 0 0
2 0 0 0 0 0 0
2 0 0 0 0 0 0
2 0 0 0 0 0 0
2 0 0 0 0 0 0
2 0 0 0 0 0 0
2 0 0 1 1 0 8
2 0 0 1 1 0 8
2 0 0 1 1 0 8
2 0 0 1 1 0 8
2 0 0 0 0 0 0
2 0 0 0 0 0 0
2 0 0 0 0 0 0
2 0 0 0 0 0 0
3 0 0 0 0 0 0
3 0 0 0 0 0 0
3 0 0 0 0 0 0
3 0 0 0 0 0 0
3 0 0 0 0 0 0
3 0 0 1 1 0 8
3 0 0 1 1 0 8
3 0 0 1 1 0 8
3 0 0 1 1 0 8
3 0 0 0 0 0 0
3 0 0 0 0 0 0
3 0 0 0 0 0 0
3 0 0 0 0 0 0
4 0 0 0 0 0 0
4 0 0 0 0 0 0
4 0 0 0 0 0 0
4 0 0 0 0 0 0
4 0 0 0 0 0 0
4 0 0 0 0 0 0
4 0 0 1 1 0 8
4 0 0 1 1 0 8
4 0 0 1 1 0 8
4 0 0 0 0 0 0
4 0 0 0 0 0 0
4 0 0 0 0 0 0
4 0 0 0 0 0 0
#SOLUTION-AFT
 0  0  0  0 
 0  0  0  0 
 0  0  0  0 
 0  0  0  0 
 16  18  14  25 
 1  8  10  28 
 7  26  27  4 
 0  22  2  0 
 0  0  0  0 
 0  0  0  0 
 0  0  0  0 
 0  0  0  0 
 0  0  0  0 
#SOLUTION-FWD
 0  0  0  0 
 0  0  0  0 
 0  0  0  0 
 0  0  0  0 
 23  21  5  17 
 20  3  6  9 
 24  15  12  19 
 0  11  13  0 
 0  0  0  0 
 0  0  0  0 
 0  0  0  0 
 0  0  0  0 
 0  0  0  0 
#INFO
cap20: 28  cap40: 0  reefer: 0  HC: 0  capacity: 100.000000 TEU: 28