1 116 0 8 64 1 8
#POD
5 
#LOCATIONS
35 
#CONTAINERS_TOLOAD
0 0 0 19390.00 2.59 20 5 0 35 0
0 0 0 19004.00 2.90 40 5 0 35 0
0 0 0 21615.00 2.59 20 5 0 35 0
0 0 0 29449.00 2.59 20 5 0 35 0
0 0 0 20410.00 2.59 20 5 0 35 0
0 0 0 12170.00 2.59 20 5 0 35 0
0 0 0 17810.00 2.59 20 5 0 35 0
0 0 0 21288.00 2.59 20 5 0 35 0
0 0 0 19422.00 2.59 20 5 0 35 0
0 0 0 13800.00 2.59 20 5 0 35 0
0 0 0 12300.00 2.59 20 5 0 35 0
0 0 0 18633.00 2.59 20 5 0 35 0
0 0 0 20940.00 2.59 20 5 0 35 0
0 0 0 12230.00 2.59 20 5 0 35 0
0 0 0 22060.00 2.59 20 5 0 35 0
0 0 0 21525.00 2.59 20 5 0 35 0
0 0 0 13270.00 2.59 20 5 0 35 0
0 0 0 10323.00 2.59 20 5 0 35 0
0 0 0 21108.00 2.59 20 5 0 35 0
0 0 0 27870.00 2.90 40 5 0 35 0
0 0 0 21172.00 2.59 20 5 0 35 0
0 0 0 9780.00 2.59 20 5 0 35 0
0 0 0 17180.00 2.59 20 5 0 35 0
0 0 0 17004.00 2.59 20 5 0 35 0
0 0 0 18463.00 2.59 20 5 0 35 0
0 0 0 19410.00 2.59 20 5 0 35 0
0 0 0 20459.00 2.59 20 5 0 35 0
0 0 0 12300.00 2.59 20 5 0 35 0
0 0 0 20846.00 2.90 40 5 0 35 0
0 0 0 19970.00 2.59 20 5 0 35 0
0 0 0 16415.00 2.59 20 5 0 35 0
0 0 0 14920.00 2.59 20 5 0 35 0
0 0 0 13960.00 2.59 20 5 0 35 0
0 0 0 19633.00 2.90 40 5 0 35 0
0 0 0 12170.00 2.59 20 5 0 35 0
0 0 0 21795.00 2.59 20 5 0 35 0
0 0 0 17630.00 2.59 20 5 0 35 0
0 0 0 21196.00 2.59 20 5 0 35 0
0 0 0 12960.00 2.59 20 5 0 35 0
0 0 0 12300.00 2.59 20 5 0 35 0
0 0 0 20907.00 2.59 20 5 0 35 0
0 0 0 13960.00 2.59 20 5 0 35 0
0 0 0 18440.00 2.59 20 5 0 35 0
0 0 0 17644.00 2.59 20 5 0 35 0
0 0 0 15818.00 2.59 20 5 0 35 0
0 0 0 17810.00 2.59 20 5 0 35 0
0 0 0 12220.00 2.59 20 5 0 35 0
0 0 0 19422.00 2.59 20 5 0 35 0
0 0 0 19292.00 2.59 20 5 0 35 0
0 0 0 19292.00 2.59 20 5 0 35 0
0 0 0 18513.00 2.59 20 5 0 35 0
0 0 0 12300.00 2.59 20 5 0 35 0
0 0 0 19180.00 2.59 20 5 0 35 0
0 0 0 18403.00 2.59 20 5 0 35 0
0 0 0 12230.00 2.59 20 5 0 35 0
0 0 0 13810.00 2.59 20 5 0 35 0
0 0 0 20029.00 2.59 20 5 0 35 0
0 0 0 18183.00 2.59 20 5 0 35 0
0 0 0 18533.00 2.59 20 5 0 35 0
0 0 0 18533.00 2.59 20 5 0 35 0
0 0 0 21170.00 2.59 20 5 0 35 0
0 0 0 13854.00 2.59 20 5 0 35 0
0 0 0 21535.00 2.59 20 5 0 35 0
0 0 0 12300.00 2.59 20 5 0 35 0
0 0 0 20830.00 2.59 20 5 0 35 0
0 0 0 29580.00 2.90 40 5 0 35 0
0 0 0 12280.00 2.59 20 5 0 35 0
0 0 0 20360.00 2.59 20 5 0 35 0
0 0 0 10170.00 2.59 20 5 0 35 0
0 0 0 26660.00 2.90 40 5 0 35 0
0 0 0 21008.00 2.59 20 5 0 35 0
0 0 0 12300.00 2.59 20 5 0 35 0
0 0 0 12170.00 2.59 20 5 0 35 0
0 0 0 14280.00 2.59 20 5 0 35 0
0 0 0 12150.00 2.59 20 5 0 35 0
0 0 0 18500.00 2.59 20 5 0 35 0
0 0 0 14686.00 2.59 20 5 0 35 0
0 0 0 20830.00 2.59 20 5 0 35 0
0 0 0 20410.00 2.59 20 5 0 35 0
0 0 0 21239.00 2.59 20 5 0 35 0
0 0 0 14270.00 2.59 20 5 0 35 0
0 0 0 14820.00 2.59 20 5 0 35 0
0 0 0 20030.00 2.59 20 5 0 35 0
0 0 0 12170.00 2.59 20 5 0 35 0
0 0 0 12170.00 2.59 20 5 0 35 0
0 0 0 13810.00 2.59 20 5 0 35 0
0 0 0 17434.00 2.59 20 5 0 35 0
0 0 0 9961.00 2.59 20 5 0 35 0
0 0 0 21200.00 2.59 20 5 0 35 0
0 0 0 14852.00 2.59 20 5 0 35 0
0 0 0 12230.00 2.59 20 5 0 35 0
0 0 0 14920.00 2.59 20 5 0 35 0
0 0 0 12833.00 2.59 20 5 0 35 0
0 0 0 9500.00 2.59 20 5 0 35 0
0 0 0 15430.00 2.59 20 5 0 35 0
0 0 0 20760.00 2.59 20 5 0 35 0
0 0 0 12880.00 2.59 20 5 0 35 0
0 0 0 17145.00 2.59 20 5 0 35 0
0 0 0 12230.00 2.59 20 5 0 35 0
0 0 0 20760.00 2.59 20 5 0 35 0
0 0 0 20968.00 2.59 20 5 0 35 0
0 0 0 21200.00 2.59 20 5 0 35 0
0 0 0 20780.00 2.59 20 5 0 35 0
0 0 0 20460.00 2.59 20 5 0 35 0
0 0 0 14920.00 2.59 20 5 0 35 0
0 0 0 12280.00 2.59 20 5 0 35 0
0 0 0 21699.00 2.59 20 5 0 35 0
0 0 0 21208.00 2.59 20 5 0 35 0
0 0 0 19402.00 2.59 20 5 0 35 0
0 0 0 21599.00 2.59 20 5 0 35 0
0 0 0 12395.00 2.59 20 5 0 35 0
0 0 0 20830.00 2.59 20 5 0 35 0
0 0 0 20760.00 2.59 20 5 0 35 0
0 0 0 19292.00 2.59 20 5 0 35 0
0 0 0 18420.00 2.59 20 5 0 35 0
0 0 0 14992.00 2.59 20 5 0 35 0
#CONTAINERS_LOADED 
#STACKS
340000.000000 18.690000 35
340000.000000 21.280000 35
340000.000000 21.280000 35
340000.000000 21.280000 35
340000.000000 21.280000 35
340000.000000 21.280000 35
340000.000000 21.280000 35
340000.000000 18.690000 35
#CELLS
1 0 0 0 0 0 0
1 0 0 1 1 1 35
1 0 0 1 1 1 35
1 0 0 1 1 1 35
1 0 0 1 1 1 35
1 0 0 1 1 1 35
1 0 0 1 1 1 35
1 0 0 1 1 1 35
2 0 1 1 1 1 35
2 0 1 1 1 1 35
2 0 1 1 1 1 35
2 0 1 1 1 1 35
2 0 1 1 1 1 35
2 0 1 1 1 1 35
2 0 0 1 1 1 35
2 0 0 0 0 1 35
3 0 0 1 1 1 35
3 0 1 1 1 1 35
3 0 1 1 1 1 35
3 0 1 1 1 1 35
3 0 1 1 1 1 35
3 0 1 1 1 1 35
3 0 0 1 1 1 35
3 0 0 0 0 1 35
4 0 0 1 1 1 35
4 0 1 1 1 1 35
4 0 1 1 1 1 35
4 0 1 1 1 1 35
4 0 1 1 1 1 35
4 0 1 1 1 1 35
4 0 0 1 1 1 35
4 0 0 0 0 1 35
5 0 0 1 1 1 35
5 0 1 1 1 1 35
5 0 1 1 1 1 35
5 0 1 1 1 1 35
5 0 1 1 1 1 35
5 0 1 1 1 1 35
5 0 0 1 1 1 35
5 0 0 0 0 1 35
6 0 0 1 1 1 35
6 0 1 1 1 1 35
6 0 1 1 1 1 35
6 0 1 1 1 1 35
6 0 1 1 1 1 35
6 0 1 1 1 1 35
6 0 0 1 1 1 35
6 0 0 0 0 1 35
7 0 1 1 1 1 35
7 0 1 1 1 1 35
7 0 1 1 1 1 35
7 0 1 1 1 1 35
7 0 1 1 1 1 35
7 0 1 1 1 1 35
7 0 0 1 1 1 35
7 0 0 0 0 1 35
8 0 0 0 0 0 0
8 0 0 1 1 1 35
8 0 0 1 1 1 35
8 0 0 1 1 1 35
8 0 0 1 1 1 35
8 0 0 1 1 1 35
8 0 0 1 1 1 35
8 0 0 1 1 1 35
#SOLUTION-AFT
 22  20  29  0  2  34  66  70 
 88  85  10  105  21  77  106  35 
 18  47  62  95  102  82  72  12 
 54  91  33  31  108  32  64  50 
 115  9  81  98  8  78  11  49 
 76  57  100  37  110  13  93  109 
 51  68  113  44  107  71  39  26 
 0  5  103  58  15  19  17  0 
#SOLUTION-FWD
 94  20  29  0  2  34  66  70 
 69  84  56  116  38  74  67  73 
 75  99  86  45  89  90  28  59 
 6  14  42  24  80  92  52  53 
 43  55  27  23  16  112  40  114 
 25  30  104  87  63  41  111  1 
 60  83  96  46  3  101  97  48 
 0  79  65  7  36  61  4  0 
#INFO
cap20: 110  cap40: 6  reefer: 0  HC: 6  capacity: 98.387097 TEU: 124