2 5 28 4 36 1 9
#POD
5 9 
#LOCATIONS
44 
#CONTAINERS_TOLOAD
0 0 0 29880.00 2.90 40 5 0 44 0
0 0 0 29950.00 2.90 40 5 0 44 0
0 0 0 29880.00 2.90 40 5 0 44 0
0 0 0 19004.00 2.90 40 5 0 44 0
0 0 0 29880.00 2.90 40 5 0 44 0
#CONTAINERS_LOADED 
3 5 0 16800.00 2.90 40 9 0 44 0
3 7 0 17000.00 2.90 40 9 0 44 0
3 6 0 24200.00 2.90 40 9 0 44 0
3 1 0 24200.00 2.90 40 9 0 44 0
2 1 -1 20100.00 2.59 20 9 0 44 0
4 2 0 13700.00 2.59 40 5 0 44 0
4 6 0 11300.00 2.90 40 5 0 44 0
4 3 0 12500.00 2.90 40 5 0 44 0
2 1 1 20400.00 2.59 20 9 0 44 0
4 4 0 12000.00 2.90 40 5 0 44 0
3 2 0 17100.00 2.90 40 9 0 44 0
1 2 0 12200.00 2.90 40 9 0 44 0
1 3 0 12800.00 2.90 40 9 0 44 0
3 4 0 31300.00 2.90 40 9 0 44 0
3 8 0 24300.00 2.90 40 9 0 44 0
2 2 -1 20500.00 2.59 20 9 0 44 0
4 1 0 15100.00 2.90 40 5 0 44 0
2 5 0 26600.00 2.59 40 9 0 44 0
2 4 0 27900.00 2.59 40 9 0 44 0
2 6 0 5400.00 2.59 40 9 0 44 0
2 3 -1 20200.00 2.59 20 9 0 44 0
3 3 0 17100.00 2.90 40 9 0 44 0
4 7 0 11400.00 2.90 40 5 0 44 0
2 2 1 14300.00 2.59 20 9 0 44 0
1 1 0 28700.00 2.90 40 9 0 44 0
4 5 0 12500.00 2.90 40 5 0 44 0
4 8 0 11800.00 2.90 40 5 0 44 0
2 3 1 10200.00 2.59 20 9 0 44 0
#STACKS
270000.000000 23.320000 44
270000.000000 23.320000 44
270000.000000 23.320000 44
270000.000000 23.320000 44
#CELLS
1 0 0 1 1 1 44
1 0 0 1 1 1 44
1 0 0 1 1 1 44
1 0 0 1 1 1 44
1 0 0 1 1 1 44
1 0 0 1 1 1 44
1 0 0 1 1 1 44
1 0 0 1 1 1 44
1 0 0 0 0 1 44
2 0 0 1 1 1 44
2 0 0 1 1 1 44
2 0 0 1 1 1 44
2 0 0 1 1 1 44
2 0 0 1 1 1 44
2 0 0 1 1 1 44
2 0 0 1 1 1 44
2 0 0 1 1 1 44
2 0 0 0 0 1 44
3 0 0 1 1 1 44
3 0 0 1 1 1 44
3 0 0 1 1 1 44
3 0 0 1 1 1 44
3 0 0 1 1 1 44
3 0 0 1 1 1 44
3 0 0 1 1 1 44
3 0 0 1 1 1 44
3 0 0 0 0 1 44
4 0 0 1 1 1 44
4 0 0 1 1 1 44
4 0 0 1 1 1 44
4 0 0 1 1 1 44
4 0 0 1 1 1 44
4 0 0 1 1 1 44
4 0 0 1 1 1 44
4 0 0 1 1 1 44
4 0 0 0 0 1 44
#SOLUTION-AFT
 0  0  0  0 
 3  0  20  32 
 5  0  7  28 
 1  25  8  12 
 2  23  6  31 
 4  24  19  15 
 18  33  27  13 
 17  29  16  11 
 30  14  9  22 
#SOLUTION-FWD
 0  0  0  0 
 3  0  20  32 
 5  0  7  28 
 1  25  8  12 
 2  23  6  31 
 4  24  19  15 
 18  26  27  13 
 17  21  16  11 
 30  10  9  22 
#INFO
cap20: 6  cap40: 27  reefer: 0  HC: 23  capacity: 83.333333 TEU: 72