1 136 0 8 104 1 13
#POD
5 
#LOCATIONS
33 
#CONTAINERS_TOLOAD
0 0 0 27800.00 2.59 20 5 0 33 0
0 0 0 18300.00 2.59 20 5 0 33 0
0 0 0 27500.00 2.59 20 5 0 33 0
0 0 0 18300.00 2.59 20 5 0 33 0
0 0 0 27199.00 2.59 20 5 0 33 0
0 0 0 27800.00 2.59 20 5 0 33 0
0 0 0 17000.00 2.59 20 5 0 33 0
0 0 0 18199.00 2.59 20 5 0 33 0
0 0 0 27500.00 2.59 20 5 0 33 0
0 0 0 9000.00 2.59 20 5 0 33 0
0 0 0 22500.00 2.59 20 5 0 33 0
0 0 0 18199.00 2.59 20 5 0 33 0
0 0 0 18899.00 2.59 20 5 0 33 0
0 0 0 18699.00 2.59 20 5 0 33 0
0 0 0 27899.00 2.59 20 5 0 33 0
0 0 0 17199.00 2.59 20 5 0 33 0
0 0 0 13000.00 2.59 20 5 0 33 0
0 0 0 27399.00 2.59 20 5 0 33 0
0 0 0 9000.00 2.59 20 5 0 33 0
0 0 0 27899.00 2.59 20 5 0 33 0
0 0 0 9599.00 2.59 20 5 0 33 0
0 0 0 27300.00 2.59 20 5 0 33 0
0 0 0 28000.00 2.59 20 5 0 33 0
0 0 0 18399.00 2.59 20 5 0 33 0
0 0 0 17399.00 2.59 20 5 0 33 0
0 0 0 19399.00 2.59 20 5 0 33 0
0 0 0 27800.00 2.59 20 5 0 33 0
0 0 0 27899.00 2.59 20 5 0 33 0
0 0 0 27899.00 2.59 20 5 0 33 0
0 0 0 23800.00 2.59 20 5 0 33 0
0 0 0 27899.00 2.59 20 5 0 33 0
0 0 0 9000.00 2.59 20 5 0 33 0
0 0 0 27800.00 2.59 20 5 0 33 0
0 0 0 27899.00 2.59 20 5 0 33 0
0 0 0 18000.00 2.59 20 5 0 33 0
0 0 0 29399.00 2.59 20 5 0 33 0
0 0 0 27199.00 2.59 20 5 0 33 0
0 0 0 9000.00 2.59 20 5 0 33 0
0 0 0 9000.00 2.59 20 5 0 33 0
0 0 0 27399.00 2.59 20 5 0 33 0
0 0 0 28000.00 2.59 20 5 0 33 0
0 0 0 27800.00 2.59 20 5 0 33 0
0 0 0 21399.00 2.59 20 5 0 33 0
0 0 0 27899.00 2.59 20 5 0 33 0
0 0 0 27800.00 2.59 20 5 0 33 0
0 0 0 27899.00 2.59 20 5 0 33 0
0 0 0 27300.00 2.59 20 5 0 33 0
0 0 0 27899.00 2.59 20 5 0 33 0
0 0 0 27199.00 2.59 20 5 0 33 0
0 0 0 27500.00 2.59 20 5 0 33 0
0 0 0 9000.00 2.59 20 5 0 33 0
0 0 0 23300.00 2.59 20 5 0 33 0
0 0 0 18300.00 2.59 20 5 0 33 0
0 0 0 9500.00 2.59 20 5 0 33 0
0 0 0 10099.00 2.59 20 5 0 33 0
0 0 0 27899.00 2.59 20 5 0 33 0
0 0 0 27199.00 2.59 20 5 0 33 0
0 0 0 9599.00 2.59 20 5 0 33 0
0 0 0 27800.00 2.59 20 5 0 33 0
0 0 0 24399.00 2.59 20 5 0 33 0
0 0 0 9000.00 2.59 20 5 0 33 0
0 0 0 10000.00 2.59 20 5 0 33 0
0 0 0 7000.00 2.59 20 5 0 33 0
0 0 0 27800.00 2.59 20 5 0 33 0
0 0 0 17399.00 2.59 20 5 0 33 0
0 0 0 27899.00 2.59 20 5 0 33 0
0 0 0 27899.00 2.59 20 5 0 33 0
0 0 0 6700.00 2.59 20 5 0 33 0
0 0 0 27899.00 2.59 20 5 0 33 0
0 0 0 27899.00 2.59 20 5 0 33 0
0 0 0 22000.00 2.59 20 5 0 33 0
0 0 0 28000.00 2.59 20 5 0 33 0
0 0 0 27800.00 2.59 20 5 0 33 0
0 0 0 27399.00 2.59 20 5 0 33 0
0 0 0 27300.00 2.59 20 5 0 33 0
0 0 0 18199.00 2.59 20 5 0 33 0
0 0 0 27500.00 2.59 20 5 0 33 0
0 0 0 27899.00 2.59 20 5 0 33 0
0 0 0 9599.00 2.59 20 5 0 33 0
0 0 0 27199.00 2.59 20 5 0 33 0
0 0 0 24399.00 2.59 20 5 0 33 0
0 0 0 18000.00 2.59 20 5 0 33 0
0 0 0 18300.00 2.59 20 5 0 33 0
0 0 0 27800.00 2.59 20 5 0 33 0
0 0 0 27100.00 2.59 20 5 0 33 0
0 0 0 27899.00 2.59 20 5 0 33 0
0 0 0 9300.00 2.59 20 5 0 33 0
0 0 0 27300.00 2.59 20 5 0 33 0
0 0 0 27899.00 2.59 20 5 0 33 0
0 0 0 9699.00 2.59 20 5 0 33 0
0 0 0 18300.00 2.59 20 5 0 33 0
0 0 0 9000.00 2.59 20 5 0 33 0
0 0 0 27899.00 2.59 20 5 0 33 0
0 0 0 18300.00 2.59 20 5 0 33 0
0 0 0 9000.00 2.59 20 5 0 33 0
0 0 0 20000.00 2.59 20 5 0 33 0
0 0 0 27800.00 2.59 20 5 0 33 0
0 0 0 9000.00 2.59 20 5 0 33 0
0 0 0 22399.00 2.59 20 5 0 33 0
0 0 0 18300.00 2.59 20 5 0 33 0
0 0 0 10400.00 2.59 20 5 0 33 0
0 0 0 18300.00 2.59 20 5 0 33 0
0 0 0 18300.00 2.59 20 5 0 33 0
0 0 0 11099.00 2.59 20 5 0 33 0
0 0 0 9000.00 2.59 20 5 0 33 0
0 0 0 27300.00 2.59 20 5 0 33 0
0 0 0 27300.00 2.59 20 5 0 33 0
0 0 0 27300.00 2.59 20 5 0 33 0
0 0 0 27300.00 2.59 20 5 0 33 0
0 0 0 27800.00 2.59 20 5 0 33 0
0 0 0 27800.00 2.59 20 5 0 33 0
0 0 0 27899.00 2.59 20 5 0 33 0
0 0 0 27899.00 2.59 20 5 0 33 0
0 0 0 27100.00 2.59 20 5 0 33 0
0 0 0 27899.00 2.59 20 5 0 33 0
0 0 0 20000.00 2.59 20 5 0 33 0
0 0 0 23300.00 2.59 20 5 0 33 0
0 0 0 27899.00 2.59 20 5 0 33 0
0 0 0 27000.00 2.59 20 5 0 33 0
0 0 0 27800.00 2.59 20 5 0 33 0
0 0 0 9000.00 2.59 20 5 0 33 0
0 0 0 27899.00 2.59 20 5 0 33 0
0 0 0 27899.00 2.59 20 5 0 33 0
0 0 0 7400.00 2.59 20 5 0 33 0
0 0 0 27899.00 2.59 20 5 0 33 0
0 0 0 27199.00 2.59 20 5 0 33 0
0 0 0 7799.00 2.59 20 5 0 33 0
0 0 0 27899.00 2.59 20 5 0 33 0
0 0 0 9000.00 2.59 20 5 0 33 0
0 0 0 9000.00 2.59 20 5 0 33 0
0 0 0 23800.00 2.59 20 5 0 33 0
0 0 0 27300.00 2.59 20 5 0 33 0
0 0 0 9000.00 2.59 20 5 0 33 0
0 0 0 18300.00 2.59 20 5 0 33 0
0 0 0 18300.00 2.59 20 5 0 33 0
0 0 0 9000.00 2.59 20 5 0 33 0
#CONTAINERS_LOADED 
#STACKS
130000.000000 10.710000 33
490000.000000 26.620000 33
490000.000000 26.620000 33
490000.000000 26.620000 33
490000.000000 26.620000 33
490000.000000 26.620000 33
490000.000000 26.620000 33
130000.000000 10.710000 33
#CELLS
1 0 0 0 0 0 0
1 0 0 0 0 0 0
1 0 0 0 0 0 0
1 0 0 0 0 0 0
1 0 0 0 0 0 0
1 0 0 0 0 0 0
1 0 0 0 0 0 0
1 0 0 0 0 0 0
1 0 0 0 0 0 0
1 0 0 1 1 0 33
1 0 0 1 1 0 33
1 0 0 1 1 0 33
1 0 0 1 1 0 33
2 0 0 0 0 0 0
2 0 0 0 0 0 0
2 0 0 0 0 0 0
2 0 0 1 1 0 33
2 0 0 1 1 0 33
2 0 0 1 1 0 33
2 0 0 1 1 0 33
2 0 0 1 1 0 33
2 0 0 1 1 0 33
2 0 0 1 1 0 33
2 1 0 1 1 0 33
2 0 0 1 1 0 33
2 0 0 1 1 0 33
3 0 0 0 0 0 0
3 0 0 0 0 0 0
3 0 0 0 0 0 0
3 0 0 1 1 0 33
3 0 0 1 1 0 33
3 0 0 1 1 0 33
3 0 0 1 1 0 33
3 0 0 1 1 0 33
3 0 0 1 1 0 33
3 1 0 1 1 0 33
3 1 0 1 1 0 33
3 0 0 1 1 0 33
3 0 0 1 1 0 33
4 0 0 0 0 0 0
4 0 0 0 0 0 0
4 0 0 0 0 0 0
4 0 0 1 1 0 33
4 0 0 1 1 0 33
4 0 0 1 1 0 33
4 0 0 1 1 0 33
4 0 0 1 1 0 33
4 0 0 1 1 0 33
4 1 0 1 1 0 33
4 1 0 1 1 0 33
4 0 0 1 1 0 33
4 0 0 1 1 0 33
5 0 0 0 0 0 0
5 0 0 0 0 0 0
5 0 0 0 0 0 0
5 0 0 1 1 0 33
5 0 0 1 1 0 33
5 0 0 1 1 0 33
5 0 0 1 1 0 33
5 0 0 1 1 0 33
5 0 0 1 1 0 33
5 1 0 1 1 0 33
5 1 0 1 1 0 33
5 0 0 1 1 0 33
5 0 0 1 1 0 33
6 0 0 0 0 0 0
6 0 0 0 0 0 0
6 0 0 0 0 0 0
6 0 0 1 1 0 33
6 0 0 1 1 0 33
6 0 0 1 1 0 33
6 0 0 1 1 0 33
6 0 0 1 1 0 33
6 0 0 1 1 0 33
6 1 0 1 1 0 33
6 1 0 1 1 0 33
6 0 0 1 1 0 33
6 0 0 1 1 0 33
7 0 0 0 0 0 0
7 0 0 0 0 0 0
7 0 0 0 0 0 0
7 0 0 1 1 0 33
7 0 0 1 1 0 33
7 0 0 1 1 0 33
7 0 0 1 1 0 33
7 0 0 1 1 0 33
7 0 0 1 1 0 33
7 0 0 1 1 0 33
7 1 0 1 1 0 33
7 0 0 1 1 0 33
7 0 0 1 1 0 33
8 0 0 0 0 0 0
8 0 0 0 0 0 0
8 0 0 0 0 0 0
8 0 0 0 0 0 0
8 0 0 0 0 0 0
8 0 0 0 0 0 0
8 0 0 0 0 0 0
8 0 0 0 0 0 0
8 0 0 0 0 0 0
8 0 0 1 1 0 33
8 0 0 1 1 0 33
8 0 0 1 1 0 33
8 0 0 1 1 0 33
#SOLUTION-AFT
 32  25  95  68  91  92  101  58 
 133  76  19  127  103  130  90  62 
 87  12  42  119  24  107  55  17 
 21  100  1  114  13  74  135  16 
 0  53  110  37  116  40  28  0 
 0  4  86  5  71  77  48  0 
 0  67  89  49  11  3  125  0 
 0  122  93  109  52  84  20  0 
 0  44  128  88  30  73  41  0 
 0  34  56  106  60  33  72  0 
 0  0  0  0  0  0  0  0 
 0  0  0  0  0  0  0  0 
 0  0  0  0  0  0  0  0 
#SOLUTION-FWD
 121  65  105  63  134  129  98  79 
 39  82  51  124  83  136  38  104 
 10  8  111  85  14  75  61  7 
 54  2  97  80  26  18  118  35 
 0  94  120  126  96  50  31  0 
 0  102  59  57  43  9  46  0 
 0  69  115  132  99  45  29  0 
 0  70  15  108  117  6  78  0 
 0  66  113  47  131  64  23  0 
 0  123  112  22  81  27  36  0 
 0  0  0  0  0  0  0  0 
 0  0  0  0  0  0  0  0 
 0  0  0  0  0  0  0  0 
#INFO
cap20: 136  cap40: 0  reefer: 0  HC: 0  capacity: 100.000000 TEU: 136