1 32 0 4 36 1 9
#POD
4 
#LOCATIONS
59 
#CONTAINERS_TOLOAD
0 0 0 11741.00 2.90 40 4 0 59 0
0 0 0 11974.00 2.90 40 4 0 59 0
0 0 0 11640.00 2.90 40 4 0 59 0
0 0 0 12065.00 2.90 40 4 0 59 0
0 0 0 11640.00 2.90 40 4 0 59 0
0 0 0 11638.00 2.90 40 4 0 59 0
0 0 0 11970.00 2.90 40 4 0 59 0
0 0 0 11543.00 2.90 40 4 0 59 0
0 0 0 11780.00 2.90 40 4 0 59 0
0 0 0 11544.00 2.90 40 4 0 59 0
0 0 0 11980.00 2.90 40 4 0 59 0
0 0 0 12000.00 2.90 40 4 0 59 0
0 0 0 11920.00 2.90 40 4 0 59 0
0 0 0 11633.00 2.90 40 4 0 59 0
0 0 0 11665.00 2.90 40 4 0 59 0
0 0 0 400.00 2.90 40 4 0 59 0
0 0 0 400.00 2.90 40 4 0 59 0
0 0 0 400.00 2.90 40 4 0 59 0
0 0 0 400.00 2.90 40 4 0 59 0
0 0 0 11732.00 2.90 40 4 0 59 0
0 0 0 400.00 2.90 40 4 0 59 0
0 0 0 400.00 2.90 40 4 0 59 0
0 0 0 400.00 2.90 40 4 0 59 0
0 0 0 11646.00 2.90 40 4 0 59 0
0 0 0 11550.00 2.90 40 4 0 59 0
0 0 0 11860.00 2.90 40 4 0 59 0
0 0 0 400.00 2.90 40 4 0 59 0
0 0 0 400.00 2.90 40 4 0 59 0
0 0 0 400.00 2.90 40 4 0 59 0
0 0 0 11693.00 2.90 40 4 0 59 0
0 0 0 11631.00 2.90 40 4 0 59 0
0 0 0 11550.00 2.90 40 4 0 59 0
#CONTAINERS_LOADED 
#STACKS
270000.000000 23.320000 59
270000.000000 23.320000 59
270000.000000 23.320000 59
270000.000000 23.320000 59
#CELLS
1 0 1 1 1 1 59
1 0 1 1 1 1 59
1 0 1 1 1 1 59
1 0 1 1 1 1 59
1 0 1 1 1 1 59
1 0 1 1 1 1 59
1 0 0 1 1 1 59
1 0 0 1 1 1 59
1 0 0 1 1 1 59
2 0 1 1 1 1 59
2 0 1 1 1 1 59
2 0 1 1 1 1 59
2 0 1 1 1 1 59
2 0 1 1 1 1 59
2 0 1 1 1 1 59
2 0 0 1 1 1 59
2 0 0 1 1 1 59
2 0 0 1 1 1 59
3 0 1 1 1 1 59
3 0 1 1 1 1 59
3 0 1 1 1 1 59
3 0 1 1 1 1 59
3 0 1 1 1 1 59
3 0 1 1 1 1 59
3 0 0 1 1 1 59
3 0 0 1 1 1 59
3 0 0 1 1 1 59
4 0 1 1 1 1 59
4 0 1 1 1 1 59
4 0 1 1 1 1 59
4 0 1 1 1 1 59
4 0 1 1 1 1 59
4 0 1 1 1 1 59
4 0 0 1 1 1 59
4 0 0 1 1 1 59
4 0 0 1 1 1 59
#SOLUTION-AFT
 0  0  0  0 
 29  6  9  18 
 28  5  26  19 
 8  3  13  17 
 10  24  7  21 
 32  15  2  22 
 25  30  11  16 
 31  20  12  23 
 14  1  4  27 
#SOLUTION-FWD
 0  0  0  0 
 29  6  9  18 
 28  5  26  19 
 8  3  13  17 
 10  24  7  21 
 32  15  2  22 
 25  30  11  16 
 31  20  12  23 
 14  1  4  27 
#INFO
cap20: 0  cap40: 32  reefer: 0  HC: 32  capacity: 88.888889 TEU: 72