1 23 0 3 24 1 8
#POD
5 
#LOCATIONS
50 
#CONTAINERS_TOLOAD
0 0 0 5000.00 2.59 40 5 0 50 0
0 0 0 5000.00 2.59 40 5 0 50 0
0 0 0 5000.00 2.59 40 5 0 50 0
0 0 0 5000.00 2.59 40 5 0 50 0
0 0 0 5000.00 2.59 40 5 0 50 0
0 0 0 5000.00 2.59 40 5 0 50 0
0 0 0 5000.00 2.59 40 5 0 50 0
0 0 0 5000.00 2.59 40 5 0 50 0
0 0 0 5000.00 2.59 40 5 0 50 0
0 0 0 5000.00 2.59 40 5 0 50 0
0 0 0 5000.00 2.59 40 5 0 50 0
0 0 0 5000.00 2.59 40 5 0 50 0
0 0 0 14805.00 2.59 40 5 0 50 0
0 0 0 5000.00 2.59 40 5 0 50 0
0 0 0 5000.00 2.59 40 5 0 50 0
0 0 0 5000.00 2.59 40 5 0 50 0
0 0 0 5000.00 2.59 40 5 0 50 0
0 0 0 5000.00 2.59 40 5 0 50 0
0 0 0 5000.00 2.59 40 5 0 50 0
0 0 0 17228.00 2.59 40 5 0 50 0
0 0 0 14602.00 2.59 40 5 0 50 0
0 0 0 18151.00 2.59 40 5 0 50 0
0 0 0 11295.00 2.59 40 5 0 50 0
#CONTAINERS_LOADED 
#STACKS
270000.000000 21.290000 50
270000.000000 18.690000 50
270000.000000 21.290000 50
#CELLS
1 0 0 1 1 1 50
1 0 1 1 1 1 50
1 0 1 1 1 1 50
1 0 1 1 1 1 50
1 0 1 1 1 1 50
1 0 0 1 1 1 50
1 0 0 1 1 1 50
1 0 0 1 1 1 50
2 0 0 0 0 0 0
2 0 0 1 1 1 50
2 0 1 1 1 1 50
2 0 1 1 1 1 50
2 0 1 1 1 1 50
2 0 0 1 1 1 50
2 0 0 1 1 1 50
2 0 0 1 1 1 50
3 0 0 1 1 1 50
3 0 1 1 1 1 50
3 0 1 1 1 1 50
3 0 1 1 1 1 50
3 0 1 1 1 1 50
3 0 0 1 1 1 50
3 0 0 1 1 1 50
3 0 0 1 1 1 50
#SOLUTION-AFT
 17  2  16 
 18  14  10 
 12  19  4 
 9  5  23 
 15  1  21 
 8  6  13 
 11  7  20 
 3  0  22 
#SOLUTION-FWD
 17  2  16 
 18  14  10 
 12  19  4 
 9  5  23 
 15  1  21 
 8  6  13 
 11  7  20 
 3  0  22 
#INFO
cap20: 0  cap40: 23  reefer: 0  HC: 0  capacity: 100.000000 TEU: 46