2 48 64 10 90 1 9
#POD
2 6 
#LOCATIONS
38 
#CONTAINERS_TOLOAD
0 0 0 5500.00 2.59 20 2 0 38 0
0 0 0 28399.00 2.59 20 2 0 38 0
0 0 0 29500.00 2.59 20 2 0 38 0
0 0 0 29800.00 2.59 20 2 0 38 0
0 0 0 8000.00 2.59 20 2 0 38 0
0 0 0 14199.00 2.59 20 2 0 38 0
0 0 0 9000.00 2.59 20 2 0 38 0
0 0 0 4000.00 2.59 20 2 0 38 0
0 0 0 18000.00 2.59 40 2 0 38 0
0 0 0 29600.00 2.59 20 2 0 38 0
0 0 0 9000.00 2.59 20 2 0 38 0
0 0 0 29699.00 2.59 20 2 0 38 0
0 0 0 28300.00 2.59 20 2 0 38 0
0 0 0 16800.00 2.59 20 2 0 38 0
0 0 0 28600.00 2.59 20 2 0 38 0
0 0 0 27600.00 2.59 20 2 0 38 0
0 0 0 18000.00 2.59 40 2 0 38 0
0 0 0 9000.00 2.59 20 2 0 38 0
0 0 0 29600.00 2.59 20 2 0 38 0
0 0 0 28699.00 2.59 20 2 0 38 0
0 0 0 28699.00 2.59 20 2 0 38 0
0 0 0 6200.00 2.59 20 2 0 38 0
0 0 0 6000.00 2.59 20 2 0 38 0
0 0 0 8699.00 2.59 20 2 0 38 0
0 0 0 6500.00 2.59 20 2 0 38 0
0 0 0 14000.00 2.59 40 2 0 38 0
0 0 0 12000.00 2.59 20 2 0 38 0
0 0 0 12000.00 2.59 20 2 0 38 0
0 0 0 6799.00 2.59 20 2 0 38 0
0 0 0 26899.00 2.59 20 2 0 38 0
0 0 0 6000.00 2.59 20 2 0 38 0
0 0 0 5700.00 2.59 20 2 0 38 0
0 0 0 18000.00 2.59 40 2 0 38 0
0 0 0 6000.00 2.59 20 2 0 38 0
0 0 0 7000.00 2.59 20 2 0 38 0
0 0 0 24500.00 2.59 20 2 0 38 0
0 0 0 28500.00 2.59 20 2 0 38 0
0 0 0 26600.00 2.59 20 2 0 38 0
0 0 0 22199.00 2.59 40 2 0 38 0
0 0 0 28600.00 2.59 20 2 0 38 0
0 0 0 29500.00 2.59 20 2 0 38 0
0 0 0 5000.00 2.59 20 2 0 38 0
0 0 0 28300.00 2.59 20 2 0 38 0
0 0 0 27600.00 2.59 20 2 0 38 0
0 0 0 18000.00 2.59 40 2 0 38 0
0 0 0 6799.00 2.59 20 2 0 38 0
0 0 0 12000.00 2.59 20 2 0 38 0
0 0 0 24300.00 2.59 20 2 0 38 0
#CONTAINERS_LOADED 
9 1 0 22200.00 2.59 40 6 0 38 0
8 2 0 8400.00 2.90 40 6 0 38 0
4 7 0 17700.00 2.90 40 6 0 38 0
9 2 0 23700.00 2.59 40 6 0 38 0
8 6 0 9300.00 2.90 40 6 0 38 0
1 4 1 5100.00 2.59 20 6 0 38 0
10 4 1 7300.00 2.59 20 6 0 38 0
4 3 0 10800.00 2.90 40 6 0 38 0
4 2 0 15100.00 2.90 40 6 0 38 0
3 2 0 12900.00 2.90 40 6 0 38 0
10 5 0 11700.00 2.59 40 6 0 38 0
1 9 0 12900.00 2.59 40 6 0 38 0
10 3 -1 9900.00 2.59 20 6 0 38 0
2 6 0 8200.00 2.59 40 6 0 38 0
3 4 0 15900.00 2.90 40 6 0 38 0
1 3 -1 19200.00 2.59 20 6 0 38 0
3 5 0 18400.00 2.90 40 6 0 38 0
10 7 0 7400.00 2.59 40 6 0 38 0
4 5 0 7400.00 2.90 40 6 0 38 0
9 3 0 12800.00 2.59 40 6 0 38 0
8 3 0 9400.00 2.90 40 6 0 38 0
4 4 0 14500.00 2.90 40 6 0 38 0
2 2 0 25700.00 2.59 40 6 0 38 0
2 1 0 12800.00 2.59 40 6 0 38 0
1 6 0 9700.00 2.59 40 6 0 38 0
1 7 0 9700.00 2.59 40 6 0 38 0
3 1 0 10400.00 2.90 40 6 0 38 0
2 7 0 13200.00 2.59 40 6 0 38 0
10 2 1 14600.00 2.59 20 6 0 38 0
1 2 -1 4800.00 2.59 20 6 0 38 0
1 3 1 14200.00 2.59 20 6 0 38 0
1 8 0 8700.00 2.59 40 6 0 38 0
10 3 1 6700.00 2.59 20 6 0 38 0
3 3 0 16400.00 2.90 40 6 0 38 0
10 9 0 7700.00 2.59 40 6 0 38 0
1 2 1 4400.00 2.59 20 6 0 38 0
2 3 0 25200.00 2.59 40 6 0 38 0
4 1 0 9300.00 2.90 40 6 0 38 0
10 2 -1 7700.00 2.59 20 6 0 38 0
9 8 0 7400.00 2.59 40 6 0 38 0
9 9 0 7600.00 2.59 40 6 0 38 0
1 5 0 14700.00 2.59 40 6 0 38 0
2 8 0 14100.00 2.59 40 6 0 38 0
8 4 0 15900.00 2.90 40 6 0 38 0
3 7 0 7400.00 2.90 40 6 0 38 0
3 8 0 13500.00 2.90 40 6 0 38 0
2 4 0 16700.00 2.59 40 6 0 38 0
9 4 0 10700.00 2.59 40 6 0 38 0
2 5 0 8700.00 2.59 40 6 0 38 0
8 8 0 10600.00 2.90 40 6 0 38 0
10 6 0 6600.00 2.59 40 6 0 38 0
10 4 -1 7200.00 2.59 20 6 0 38 0
9 5 0 8700.00 2.59 40 6 0 38 0
10 8 0 9300.00 2.59 40 6 0 38 0
3 6 0 9400.00 2.90 40 6 0 38 0
4 8 0 7900.00 2.90 40 6 0 38 0
4 6 0 6900.00 2.90 40 6 0 38 0
8 7 0 7400.00 2.90 40 6 0 38 0
1 4 -1 3700.00 2.59 20 6 0 38 0
2 9 0 13100.00 2.59 40 6 0 38 0
8 1 0 9500.00 2.90 40 6 0 38 0
9 6 0 9700.00 2.59 40 6 0 38 0
8 5 0 13100.00 2.90 40 6 0 38 0
9 7 0 18300.00 2.59 40 6 0 38 0
#STACKS
384000.000000 21.590000 38
432000.000000 24.180000 38
432000.000000 24.180000 38
432000.000000 24.180000 38
432000.000000 24.180000 38
432000.000000 24.180000 38
432000.000000 24.180000 38
432000.000000 24.180000 38
432000.000000 24.180000 38
384000.000000 21.590000 38
#CELLS
1 0 0 0 0 0 0
1 0 0 1 1 1 38
1 0 0 1 1 1 38
1 0 0 1 1 1 38
1 0 0 1 1 1 38
1 0 0 1 1 1 38
1 0 0 1 1 1 38
1 0 0 1 1 1 38
1 0 0 1 1 1 38
2 0 0 1 1 1 38
2 0 0 1 1 1 38
2 0 0 1 1 1 38
2 0 0 1 1 1 38
2 0 0 1 1 1 38
2 0 0 1 1 1 38
2 0 0 1 1 1 38
2 0 0 1 1 1 38
2 0 0 1 1 1 38
3 0 0 1 1 1 38
3 0 0 1 1 1 38
3 0 0 1 1 1 38
3 0 0 1 1 1 38
3 0 0 1 1 1 38
3 0 0 1 1 1 38
3 0 0 1 1 1 38
3 0 0 1 1 1 38
3 0 0 1 1 1 38
4 0 0 1 1 1 38
4 0 0 1 1 1 38
4 0 0 1 1 1 38
4 0 0 1 1 1 38
4 0 0 1 1 1 38
4 0 0 1 1 1 38
4 0 0 1 1 1 38
4 0 0 1 1 1 38
4 0 0 1 1 1 38
5 0 0 1 1 1 38
5 0 0 1 1 1 38
5 0 0 1 1 1 38
5 0 0 1 1 1 38
5 0 0 1 1 1 38
5 0 0 1 1 1 38
5 0 0 1 1 1 38
5 0 0 1 1 1 38
5 0 0 1 1 1 38
6 0 0 1 1 1 38
6 0 0 1 1 1 38
6 0 0 1 1 1 38
6 0 0 1 1 1 38
6 0 0 1 1 1 38
6 0 0 1 1 1 38
6 0 0 1 1 1 38
6 0 0 1 1 1 38
6 0 0 1 1 1 38
7 0 0 1 1 1 38
7 0 0 1 1 1 38
7 0 0 1 1 1 38
7 0 0 1 1 1 38
7 0 0 1 1 1 38
7 0 0 1 1 1 38
7 0 0 1 1 1 38
7 0 0 1 1 1 38
7 0 0 1 1 1 38
8 0 0 1 1 1 38
8 0 0 1 1 1 38
8 0 0 1 1 1 38
8 0 0 1 1 1 38
8 0 0 1 1 1 38
8 0 0 1 1 1 38
8 0 0 1 1 1 38
8 0 0 1 1 1 38
8 0 0 1 1 1 38
9 0 0 1 1 1 38
9 0 0 1 1 1 38
9 0 0 1 1 1 38
9 0 0 1 1 1 38
9 0 0 1 1 1 38
9 0 0 1 1 1 38
9 0 0 1 1 1 38
9 0 0 1 1 1 38
9 0 0 1 1 1 38
10 0 0 0 0 0 0
10 0 0 1 1 1 38
10 0 0 1 1 1 38
10 0 0 1 1 1 38
10 0 0 1 1 1 38
10 0 0 1 1 1 38
10 0 0 1 1 1 38
10 0 0 1 1 1 38
10 0 0 1 1 1 38
#SOLUTION-AFT
 60  108  0  0  45  9  26  0  89  83 
 80  91  94  104  33  39  17  98  88  102 
 74  76  93  51  48  18  8  106  112  66 
 73  62  103  105  30  27  1  53  110  99 
 90  97  65  67  16  28  34  111  101  59 
 54  95  63  70  13  6  31  92  96  55 
 79  85  82  56  37  41  25  69  68  81 
 84  71  58  57  40  19  29  50  52  77 
 0  72  75  86  21  12  24  109  49  0 
#SOLUTION-FWD
 60  108  0  0  45  9  26  0  89  83 
 80  91  94  104  33  39  17  98  88  102 
 74  76  93  51  36  11  42  106  112  66 
 73  62  103  105  38  7  32  53  110  99 
 90  97  65  67  44  47  23  111  101  59 
 107  95  63  70  43  14  22  92  96  100 
 64  85  82  56  2  3  46  69  68  61 
 78  71  58  57  15  10  35  50  52  87 
 0  72  75  86  20  4  5  109  49  0 
#INFO
cap20: 54  cap40: 58  reefer: 0  HC: 24  capacity: 96.590909 TEU: 176