3 10 37 4 36 1 9
#POD
2 3 4 
#LOCATIONS
42 
#CONTAINERS_TOLOAD
0 0 0 11150.00 2.59 20 2 0 42 0
0 0 0 8771.00 2.59 20 2 0 42 0
0 0 0 20490.00 2.59 20 2 1 42 0
0 0 0 10585.00 2.59 20 2 0 42 0
0 0 0 15330.00 2.59 20 2 1 42 0
0 0 0 12030.00 2.59 20 2 0 42 0
0 0 0 11150.00 2.59 20 2 0 42 0
0 0 0 14990.00 2.59 20 2 1 42 0
0 0 0 15640.00 2.59 20 2 1 42 0
0 0 0 14000.00 2.59 20 2 1 42 0
#CONTAINERS_LOADED 
1 4 -1 16100.00 2.59 20 3 1 42 0
2 5 0 23200.00 2.90 40 3 1 42 0
3 7 0 26800.00 2.59 40 2 0 42 0
3 6 0 29800.00 2.59 40 2 0 42 0
1 1 1 20100.00 2.59 20 3 0 42 0
1 4 1 12600.00 2.59 20 3 0 42 0
1 6 0 15400.00 2.90 40 3 1 42 0
1 2 -1 14600.00 2.59 20 3 1 42 0
1 2 1 20100.00 2.59 20 3 0 42 0
3 3 1 22500.00 2.59 20 2 0 42 0
2 6 0 15700.00 2.90 40 3 1 42 0
4 2 -1 13300.00 2.59 20 4 1 42 0
3 4 1 22400.00 2.59 20 2 0 42 0
2 4 1 14200.00 2.59 20 3 0 42 0
3 4 -1 15200.00 2.59 20 2 1 42 0
4 1 -1 11400.00 2.59 20 4 1 42 0
2 1 -1 15500.00 2.59 20 3 1 42 0
3 5 -1 13000.00 2.59 20 2 1 42 0
4 2 1 24100.00 2.59 20 4 0 42 0
3 1 -1 15800.00 2.59 20 2 1 42 0
2 4 -1 13900.00 2.59 20 3 1 42 0
1 5 0 21500.00 2.90 40 3 1 42 0
3 2 -1 15900.00 2.59 20 2 1 42 0
1 3 1 15100.00 2.59 20 3 0 42 0
3 2 1 22900.00 2.59 20 2 0 42 0
2 2 1 20100.00 2.59 20 3 0 42 0
2 3 -1 15300.00 2.59 20 3 1 42 0
1 3 -1 15500.00 2.59 20 3 1 42 0
3 1 1 24800.00 2.59 20 2 0 42 0
3 5 1 22800.00 2.59 20 2 0 42 0
3 3 -1 15800.00 2.59 20 2 1 42 0
4 1 1 24500.00 2.59 20 4 0 42 0
1 1 -1 20800.00 2.59 20 3 1 42 0
2 1 1 20200.00 2.59 20 3 0 42 0
2 7 0 10600.00 2.90 40 3 0 42 0
2 2 -1 15100.00 2.59 20 3 1 42 0
2 3 1 15800.00 2.59 20 3 0 42 0
#STACKS
378000.000000 23.890000 42
378000.000000 23.890000 42
378000.000000 23.890000 42
378000.000000 23.890000 42
#CELLS
1 1 0 1 1 1 42
1 1 0 1 1 1 42
1 1 0 1 1 1 42
1 1 0 1 1 1 42
1 1 0 1 1 1 42
1 1 0 1 1 1 42
1 1 0 1 1 1 42
1 0 0 1 1 1 42
1 0 0 1 1 1 42
2 1 0 1 1 1 42
2 1 0 1 1 1 42
2 1 0 1 1 1 42
2 1 0 1 1 1 42
2 1 0 1 1 1 42
2 1 0 1 1 1 42
2 1 0 1 1 1 42
2 0 0 1 1 1 42
2 0 0 1 1 1 42
3 1 0 1 1 1 42
3 1 0 1 1 1 42
3 1 0 1 1 1 42
3 1 0 1 1 1 42
3 1 0 1 1 1 42
3 1 0 1 1 1 42
3 1 0 1 1 1 42
3 0 0 1 1 1 42
3 0 0 1 1 1 42
4 1 0 1 1 1 42
4 1 0 1 1 1 42
4 1 0 1 1 1 42
4 1 0 1 1 1 42
4 1 0 1 1 1 42
4 1 0 1 1 1 42
4 1 0 1 1 1 42
4 0 0 1 1 1 42
4 0 0 1 1 1 42
#SOLUTION-AFT
 0  0  0  0 
 0  0  0  0 
 0  45  13  2 
 17  21  14  4 
 32  12  40  7 
 16  24  23  1 
 34  47  20  6 
 19  36  35  29 
 15  44  39  42 
#SOLUTION-FWD
 0  0  0  0 
 0  0  0  0 
 0  45  13  10 
 17  21  14  8 
 32  12  28  5 
 11  31  25  9 
 38  37  41  3 
 18  46  33  22 
 43  27  30  26 
#INFO
cap20: 40  cap40: 7  reefer: 24  HC: 5  capacity: 75.000000 TEU: 72