1 46 0 8 64 1 8
#POD
5 
#LOCATIONS
43 
#CONTAINERS_TOLOAD
0 0 0 8042.00 2.59 40 5 0 43 0
0 0 0 7305.00 2.59 40 5 0 43 0
0 0 0 12863.00 2.59 40 5 0 43 0
0 0 0 8224.00 2.59 40 5 0 43 0
0 0 0 13300.00 2.90 40 5 0 43 0
0 0 0 7882.00 2.59 40 5 0 43 0
0 0 0 7902.00 2.59 40 5 0 43 0
0 0 0 12860.00 2.90 40 5 0 43 0
0 0 0 9960.00 2.59 40 5 0 43 0
0 0 0 10142.00 2.59 40 5 0 43 0
0 0 0 23840.00 2.90 40 5 0 43 0
0 0 0 7862.00 2.59 40 5 0 43 0
0 0 0 16250.00 2.90 40 5 0 43 0
0 0 0 14120.00 2.90 40 5 0 43 0
0 0 0 7912.00 2.59 40 5 0 43 0
0 0 0 7285.00 2.59 40 5 0 43 0
0 0 0 7280.00 2.59 20 5 0 43 0
0 0 0 7315.00 2.59 40 5 0 43 0
0 0 0 21905.00 2.90 40 5 0 43 0
0 0 0 7269.00 2.59 40 5 0 43 0
0 0 0 8437.00 2.59 40 5 0 43 0
0 0 0 7942.00 2.59 40 5 0 43 0
0 0 0 7140.00 2.59 20 5 0 43 0
0 0 0 7760.00 2.59 40 5 0 43 0
0 0 0 14109.00 2.90 40 5 0 43 0
0 0 0 7314.00 2.59 40 5 0 43 0
0 0 0 7982.00 2.59 40 5 0 43 0
0 0 0 12850.00 2.90 40 5 0 43 0
0 0 0 7264.00 2.59 40 5 0 43 0
0 0 0 7706.00 2.59 20 5 0 43 0
0 0 0 7294.00 2.59 40 5 0 43 0
0 0 0 8172.00 2.59 40 5 0 43 0
0 0 0 13700.00 2.90 40 5 0 43 0
0 0 0 8644.00 2.59 20 5 0 43 0
0 0 0 21580.00 2.90 40 5 0 43 0
0 0 0 7792.00 2.59 40 5 0 43 0
0 0 0 22080.00 2.90 40 5 0 43 0
0 0 0 8910.00 2.59 20 5 0 43 0
0 0 0 12850.00 2.90 40 5 0 43 0
0 0 0 7992.00 2.59 40 5 0 43 0
0 0 0 7992.00 2.59 40 5 0 43 0
0 0 0 7942.00 2.59 40 5 0 43 0
0 0 0 15840.00 2.90 40 5 0 43 0
0 0 0 15160.00 2.90 40 5 0 43 0
0 0 0 6442.00 2.59 20 5 0 43 0
0 0 0 14078.00 2.90 40 5 0 43 0
#CONTAINERS_LOADED 
#STACKS
340000.000000 18.690000 43
340000.000000 21.280000 43
340000.000000 21.280000 43
340000.000000 21.280000 43
340000.000000 21.280000 43
340000.000000 21.280000 43
340000.000000 21.280000 43
340000.000000 18.690000 43
#CELLS
1 0 0 0 0 0 0
1 0 0 1 1 1 43
1 0 0 1 1 1 43
1 0 0 1 1 1 43
1 0 0 1 1 1 43
1 0 0 1 1 1 43
1 0 0 1 1 1 43
1 0 0 1 1 1 43
2 0 1 1 1 1 43
2 0 1 1 1 1 43
2 0 1 1 1 1 43
2 0 1 1 1 1 43
2 0 1 1 1 1 43
2 0 1 1 1 1 43
2 0 0 1 1 1 43
2 0 0 0 0 1 43
3 0 0 1 1 1 43
3 0 1 1 1 1 43
3 0 1 1 1 1 43
3 0 1 1 1 1 43
3 0 1 1 1 1 43
3 0 1 1 1 1 43
3 0 0 1 1 1 43
3 0 0 0 0 1 43
4 0 0 1 1 1 43
4 0 1 1 1 1 43
4 0 1 1 1 1 43
4 0 1 1 1 1 43
4 0 1 1 1 1 43
4 0 1 1 1 1 43
4 0 0 1 1 1 43
4 0 0 0 0 1 43
5 0 0 1 1 1 43
5 0 1 1 1 1 43
5 0 1 1 1 1 43
5 0 1 1 1 1 43
5 0 1 1 1 1 43
5 0 1 1 1 1 43
5 0 0 1 1 1 43
5 0 0 0 0 1 43
6 0 0 1 1 1 43
6 0 1 1 1 1 43
6 0 1 1 1 1 43
6 0 1 1 1 1 43
6 0 1 1 1 1 43
6 0 1 1 1 1 43
6 0 0 1 1 1 43
6 0 0 0 0 1 43
7 0 1 1 1 1 43
7 0 1 1 1 1 43
7 0 1 1 1 1 43
7 0 1 1 1 1 43
7 0 1 1 1 1 43
7 0 1 1 1 1 43
7 0 0 1 1 1 43
7 0 0 0 0 1 43
8 0 0 0 0 0 0
8 0 0 1 1 1 43
8 0 0 1 1 1 43
8 0 0 1 1 1 43
8 0 0 1 1 1 43
8 0 0 1 1 1 43
8 0 0 1 1 1 43
8 0 0 1 1 1 43
#SOLUTION-AFT
 29  7  0  0  0  1  0  0 
 20  15  14  0  0  32  39  18 
 16  22  44  0  0  4  8  24 
 31  42  43  0  0  21  46  36 
 2  27  13  0  0  9  25  12 
 26  41  35  0  0  10  45  6 
 28  40  19  0  0  3  17  5 
 0  33  37  0  0  11  34  0 
#SOLUTION-FWD
 29  7  0  0  0  1  0  0 
 20  15  14  0  0  32  39  18 
 16  22  44  0  0  4  8  24 
 31  42  43  0  0  21  46  36 
 2  27  13  0  0  9  25  12 
 26  41  35  0  0  10  23  6 
 28  40  19  0  0  3  30  5 
 0  33  37  0  0  11  38  0 
#INFO
cap20: 6  cap40: 40  reefer: 0  HC: 15  capacity: 69.354839 TEU: 124