1 32 0 4 36 1 9
#POD
7 
#LOCATIONS
24 
#CONTAINERS_TOLOAD
0 0 0 15900.00 2.90 40 7 0 24 0
0 0 0 15620.00 2.90 40 7 0 24 0
0 0 0 15550.00 2.90 40 7 0 24 0
0 0 0 15900.00 2.90 40 7 0 24 0
0 0 0 15699.00 2.90 40 7 0 24 0
0 0 0 15680.00 2.90 40 7 0 24 0
0 0 0 15599.00 2.90 40 7 0 24 0
0 0 0 15900.00 2.90 40 7 0 24 0
0 0 0 16100.00 2.90 40 7 0 24 0
0 0 0 15550.00 2.90 40 7 0 24 0
0 0 0 15900.00 2.90 40 7 0 24 0
0 0 0 15548.00 2.90 40 7 0 24 0
0 0 0 15548.00 2.90 40 7 0 24 0
0 0 0 15548.00 2.90 40 7 0 24 0
0 0 0 15548.00 2.90 40 7 0 24 0
0 0 0 15548.00 2.90 40 7 0 24 0
0 0 0 15900.00 2.90 40 7 0 24 0
0 0 0 15548.00 2.90 40 7 0 24 0
0 0 0 15670.00 2.90 40 7 0 24 0
0 0 0 16100.00 2.90 40 7 0 24 0
0 0 0 15548.00 2.90 40 7 0 24 0
0 0 0 15548.00 2.90 40 7 0 24 0
0 0 0 15548.00 2.90 40 7 0 24 0
0 0 0 15548.00 2.90 40 7 0 24 0
0 0 0 15548.00 2.90 40 7 0 24 0
0 0 0 15548.00 2.90 40 7 0 24 0
0 0 0 15548.00 2.90 40 7 0 24 0
0 0 0 15548.00 2.90 40 7 0 24 0
0 0 0 15548.00 2.90 40 7 0 24 0
0 0 0 15548.00 2.90 40 7 0 24 0
0 0 0 15548.00 2.90 40 7 0 24 0
0 0 0 15548.00 2.90 40 7 0 24 0
#CONTAINERS_LOADED 
#STACKS
270000.000000 23.490000 24
270000.000000 23.490000 24
270000.000000 23.490000 24
270000.000000 23.490000 24
#CELLS
1 0 0 1 1 1 24
1 0 0 1 1 1 24
1 0 0 1 1 1 24
1 0 0 1 1 1 24
1 0 0 1 1 1 24
1 0 0 1 1 1 24
1 0 0 1 1 1 24
1 0 0 1 1 1 24
1 0 0 0 0 1 24
2 0 0 1 1 1 24
2 0 0 1 1 1 24
2 0 0 1 1 1 24
2 0 0 1 1 1 24
2 0 0 1 1 1 24
2 0 0 1 1 1 24
2 0 0 1 1 1 24
2 0 0 1 1 1 24
2 0 0 0 0 1 24
3 0 0 1 1 1 24
3 0 0 1 1 1 24
3 0 0 1 1 1 24
3 0 0 1 1 1 24
3 0 0 1 1 1 24
3 0 0 1 1 1 24
3 0 0 1 1 1 24
3 0 0 1 1 1 24
3 0 0 0 0 1 24
4 0 0 1 1 1 24
4 0 0 1 1 1 24
4 0 0 1 1 1 24
4 0 0 1 1 1 24
4 0 0 1 1 1 24
4 0 0 1 1 1 24
4 0 0 1 1 1 24
4 0 0 1 1 1 24
4 0 0 0 0 1 24
#SOLUTION-AFT
 0  0  0  0 
 30  26  5  18 
 28  25  1  32 
 12  10  4  16 
 24  3  17  15 
 14  7  11  22 
 21  2  8  23 
 27  19  9  31 
 29  6  20  13 
#SOLUTION-FWD
 0  0  0  0 
 30  26  5  18 
 28  25  1  32 
 12  10  4  16 
 24  3  17  15 
 14  7  11  22 
 21  2  8  23 
 27  19  9  31 
 29  6  20  13 
#INFO
cap20: 0  cap40: 32  reefer: 0  HC: 32  capacity: 88.888889 TEU: 72