1 7 0 10 90 1 9
#POD
7 
#LOCATIONS
43 
#CONTAINERS_TOLOAD
0 0 0 23940.00 2.90 40 7 0 43 0
0 0 0 25900.00 2.90 40 7 0 43 0
0 0 0 25880.00 2.90 40 7 0 43 0
0 0 0 23940.00 2.90 40 7 0 43 0
0 0 0 23890.00 2.90 40 7 0 43 0
0 0 0 3700.00 2.59 40 7 0 43 0
0 0 0 23880.00 2.90 40 7 0 43 0
#CONTAINERS_LOADED 
#STACKS
270000.000000 11.700000 43
270000.000000 11.700000 43
270000.000000 11.700000 43
270000.000000 11.700000 43
270000.000000 11.700000 43
270000.000000 11.700000 43
270000.000000 11.700000 43
270000.000000 11.700000 43
270000.000000 11.700000 43
270000.000000 11.700000 43
#CELLS
1 0 0 0 0 0 0
1 0 0 0 0 0 0
1 0 0 0 0 0 0
1 0 0 0 0 0 0
1 0 0 1 1 1 43
1 0 0 1 1 1 43
1 0 0 1 1 1 43
1 0 0 1 1 1 43
1 0 0 0 0 0 0
2 0 0 0 0 0 0
2 0 0 0 0 0 0
2 0 0 0 0 0 0
2 0 0 0 0 0 0
2 0 0 1 1 1 43
2 0 0 1 1 1 43
2 0 0 1 1 1 43
2 0 0 1 1 1 43
2 0 0 0 0 0 0
3 0 0 0 0 0 0
3 0 0 0 0 0 0
3 0 0 0 0 0 0
3 0 0 0 0 0 0
3 0 0 1 1 1 43
3 0 0 1 1 1 43
3 0 0 1 1 1 43
3 0 0 1 1 1 43
3 0 0 0 0 0 0
4 0 0 0 0 0 0
4 0 0 0 0 0 0
4 0 0 0 0 0 0
4 0 0 0 0 0 0
4 0 0 1 1 1 43
4 0 0 1 1 1 43
4 0 0 1 1 1 43
4 0 0 1 1 1 43
4 0 0 0 0 0 0
5 0 0 0 0 0 0
5 0 0 0 0 0 0
5 0 0 0 0 0 0
5 0 0 0 0 0 0
5 0 0 1 1 1 43
5 0 0 1 1 1 43
5 0 0 1 1 1 43
5 0 0 1 1 1 43
5 0 0 0 0 0 0
6 0 0 0 0 0 0
6 0 0 0 0 0 0
6 0 0 0 0 0 0
6 0 0 0 0 0 0
6 0 0 1 1 1 43
6 0 0 1 1 1 43
6 0 0 1 1 1 43
6 0 0 1 1 1 43
6 0 0 0 0 0 0
7 0 0 0 0 0 0
7 0 0 0 0 0 0
7 0 0 0 0 0 0
7 0 0 0 0 0 0
7 0 0 1 1 1 43
7 0 0 1 1 1 43
7 0 0 1 1 1 43
7 0 0 1 1 1 43
7 0 0 0 0 0 0
8 0 0 0 0 0 0
8 0 0 0 0 0 0
8 0 0 0 0 0 0
8 0 0 0 0 0 0
8 0 0 1 1 1 43
8 0 0 1 1 1 43
8 0 0 1 1 1 43
8 0 0 1 1 1 43
8 0 0 0 0 0 0
9 0 0 0 0 0 0
9 0 0 0 0 0 0
9 0 0 0 0 0 0
9 0 0 0 0 0 0
9 0 0 1 1 1 43
9 0 0 1 1 1 43
9 0 0 1 1 1 43
9 0 0 1 1 1 43
9 0 0 0 0 0 0
10 0 0 0 0 0 0
10 0 0 0 0 0 0
10 0 0 0 0 0 0
10 0 0 0 0 0 0
10 0 0 1 1 1 43
10 0 0 1 1 1 43
10 0 0 1 1 1 43
10 0 0 1 1 1 43
10 0 0 0 0 0 0
#SOLUTION-AFT
 0  0  0  0  0  0  0  0  0  0 
 0  0  0  0  0  0  0  0  1  0 
 0  0  0  0  0  0  0  0  4  6 
 0  0  0  0  0  0  0  0  3  7 
 0  0  0  0  0  0  0  0  2  5 
 0  0  0  0  0  0  0  0  0  0 
 0  0  0  0  0  0  0  0  0  0 
 0  0  0  0  0  0  0  0  0  0 
 0  0  0  0  0  0  0  0  0  0 
#SOLUTION-FWD
 0  0  0  0  0  0  0  0  0  0 
 0  0  0  0  0  0  0  0  1  0 
 0  0  0  0  0  0  0  0  4  6 
 0  0  0  0  0  0  0  0  3  7 
 0  0  0  0  0  0  0  0  2  5 
 0  0  0  0  0  0  0  0  0  0 
 0  0  0  0  0  0  0  0  0  0 
 0  0  0  0  0  0  0  0  0  0 
 0  0  0  0  0  0  0  0  0  0 
#INFO
cap20: 0  cap40: 7  reefer: 0  HC: 6  capacity: 17.500000 TEU: 80