1 34 0 4 36 1 9
#POD
5 
#LOCATIONS
46 
#CONTAINERS_TOLOAD
0 0 0 22700.00 2.59 40 5 0 46 0
0 0 0 14400.00 2.90 40 5 0 46 0
0 0 0 14000.00 2.90 40 5 0 46 0
0 0 0 14100.00 2.90 40 5 0 46 0
0 0 0 13600.00 2.59 40 5 0 46 0
0 0 0 23000.00 2.59 40 5 0 46 0
0 0 0 14500.00 2.59 40 5 0 46 0
0 0 0 14400.00 2.59 40 5 0 46 0
0 0 0 14100.00 2.90 40 5 0 46 0
0 0 0 12600.00 2.59 40 5 0 46 0
0 0 0 13800.00 2.59 40 5 0 46 0
0 0 0 14400.00 2.90 40 5 0 46 0
0 0 0 23410.00 2.59 40 5 0 46 0
0 0 0 24100.00 2.59 40 5 0 46 0
0 0 0 23000.00 2.59 40 5 0 46 0
0 0 0 14500.00 2.90 40 5 0 46 0
0 0 0 23630.00 2.59 40 5 0 46 0
0 0 0 12780.00 2.59 40 5 0 46 0
0 0 0 11900.00 2.59 40 5 0 46 0
0 0 0 11800.00 2.59 40 5 0 46 0
0 0 0 11900.00 2.59 40 5 0 46 0
0 0 0 12200.00 2.59 40 5 0 46 0
0 0 0 22400.00 2.59 40 5 0 46 0
0 0 0 13500.00 2.59 40 5 0 46 0
0 0 0 22900.00 2.59 40 5 0 46 0
0 0 0 27800.00 2.59 40 5 0 46 0
0 0 0 26800.00 2.59 40 5 0 46 0
0 0 0 28500.00 2.59 40 5 0 46 0
0 0 0 22600.00 2.59 40 5 0 46 0
0 0 0 13700.00 2.59 40 5 0 46 0
0 0 0 14100.00 2.90 40 5 0 46 0
0 0 0 14100.00 2.59 40 5 0 46 0
0 0 0 24000.00 2.59 40 5 0 46 0
0 0 0 12200.00 2.59 40 5 0 46 0
#CONTAINERS_LOADED 
#STACKS
378000.000000 21.280000 46
378000.000000 23.870000 46
378000.000000 23.870000 46
378000.000000 23.870000 46
#CELLS
1 0 0 0 0 0 0
1 0 0 0 0 1 46
1 0 0 0 0 1 46
1 0 0 0 0 1 46
1 0 0 0 0 1 46
1 0 0 0 0 1 46
1 0 0 0 0 1 46
1 0 0 0 0 1 46
1 0 0 0 0 1 46
2 0 0 0 0 1 46
2 0 0 0 0 1 46
2 0 0 0 0 1 46
2 0 0 0 0 1 46
2 0 0 0 0 1 46
2 0 0 0 0 1 46
2 0 0 0 0 1 46
2 0 0 0 0 1 46
2 0 0 0 0 1 46
3 0 0 0 0 1 46
3 0 0 0 0 1 46
3 0 0 0 0 1 46
3 0 0 0 0 1 46
3 0 0 0 0 1 46
3 0 0 0 0 1 46
3 0 0 0 0 1 46
3 0 0 0 0 1 46
3 0 0 0 0 1 46
4 0 0 0 0 1 46
4 0 0 0 0 1 46
4 0 0 0 0 1 46
4 0 0 0 0 1 46
4 0 0 0 0 1 46
4 0 0 0 0 1 46
4 0 0 0 0 1 46
4 0 0 0 0 1 46
4 0 0 0 0 1 46
#SOLUTION-AFT
 23  32  0  20 
 29  8  30  21 
 1  16  11  19 
 25  7  3  34 
 15  33  4  22 
 6  14  9  10 
 13  27  31  18 
 17  26  12  24 
 0  28  2  5 
#SOLUTION-FWD
 23  32  0  20 
 29  8  30  21 
 1  16  11  19 
 25  7  3  34 
 15  33  4  22 
 6  14  9  10 
 13  27  31  18 
 17  26  12  24 
 0  28  2  5 
#INFO
cap20: 0  cap40: 34  reefer: 0  HC: 7  capacity: 97.142857 TEU: 70