2 66 2 8 56 1 7
#POD
5 7 
#LOCATIONS
29 
#CONTAINERS_TOLOAD
0 0 0 27143.00 2.59 20 5 0 29 0
0 0 0 27143.00 2.59 20 5 0 29 0
0 0 0 21200.00 2.59 20 5 0 29 0
0 0 0 7000.00 2.59 20 5 0 29 0
0 0 0 19004.00 2.90 40 5 1 29 0
0 0 0 26417.00 2.59 20 5 0 29 0
0 0 0 20846.00 2.90 40 5 1 29 0
0 0 0 19633.00 2.90 40 5 1 29 0
0 0 0 29333.00 2.90 40 5 0 29 0
0 0 0 29333.00 2.90 40 5 0 29 0
0 0 0 21650.00 2.90 40 5 1 29 0
0 0 0 21300.00 2.90 40 5 0 29 0
0 0 0 23167.00 2.59 20 5 0 29 0
0 0 0 20916.00 2.90 40 5 1 29 0
0 0 0 26417.00 2.59 20 5 0 29 0
0 0 0 27143.00 2.59 20 5 0 29 0
0 0 0 26417.00 2.59 20 5 0 29 0
0 0 0 30000.00 2.90 40 5 0 29 0
0 0 0 23167.00 2.59 20 5 0 29 0
0 0 0 27143.00 2.59 20 5 0 29 0
0 0 0 27143.00 2.59 20 5 0 29 0
0 0 0 26417.00 2.59 20 5 0 29 0
0 0 0 27750.00 2.90 40 5 0 29 0
0 0 0 23167.00 2.59 20 5 0 29 0
0 0 0 20572.00 2.90 40 5 0 29 0
0 0 0 27750.00 2.90 40 5 0 29 0
0 0 0 20147.00 2.90 40 5 1 29 0
0 0 0 21200.00 2.59 20 5 0 29 0
0 0 0 26417.00 2.59 20 5 0 29 0
0 0 0 27143.00 2.59 20 5 0 29 0
0 0 0 21935.00 2.90 40 5 1 29 0
0 0 0 27143.00 2.59 20 5 0 29 0
0 0 0 27143.00 2.59 20 5 0 29 0
0 0 0 21200.00 2.59 20 5 0 29 0
0 0 0 27143.00 2.59 20 5 0 29 0
0 0 0 21696.00 2.90 40 5 1 29 0
0 0 0 27143.00 2.59 20 5 0 29 0
0 0 0 21200.00 2.59 20 5 0 29 0
0 0 0 21200.00 2.59 20 5 0 29 0
0 0 0 26417.00 2.59 20 5 0 29 0
0 0 0 21446.00 2.90 40 5 1 29 0
0 0 0 27750.00 2.90 40 5 0 29 0
0 0 0 29333.00 2.90 40 5 0 29 0
0 0 0 19570.00 2.90 40 5 1 29 0
0 0 0 26417.00 2.59 20 5 0 29 0
0 0 0 23000.00 2.59 20 5 1 29 0
0 0 0 26417.00 2.59 20 5 0 29 0
0 0 0 27143.00 2.59 20 5 0 29 0
0 0 0 21814.00 2.90 40 5 1 29 0
0 0 0 30000.00 2.90 40 5 0 29 0
0 0 0 21328.00 2.90 40 5 1 29 0
0 0 0 26417.00 2.59 20 5 0 29 0
0 0 0 23167.00 2.59 20 5 0 29 0
0 0 0 20682.00 2.90 40 5 1 29 0
0 0 0 26417.00 2.59 20 5 0 29 0
0 0 0 27143.00 2.59 20 5 0 29 0
0 0 0 27143.00 2.59 20 5 0 29 0
0 0 0 29667.00 2.90 40 5 1 29 0
0 0 0 19996.00 2.90 40 5 1 29 0
0 0 0 21300.00 2.90 40 5 0 29 0
0 0 0 26417.00 2.59 20 5 0 29 0
0 0 0 19049.00 2.90 40 5 1 29 0
0 0 0 21300.00 2.90 40 5 0 29 0
0 0 0 23167.00 2.59 20 5 0 29 0
0 0 0 27143.00 2.59 20 5 0 29 0
0 0 0 23167.00 2.59 20 5 0 29 0
#CONTAINERS_LOADED 
7 2 -1 26300.00 2.59 20 7 0 29 0
7 2 1 26300.00 2.59 20 7 0 29 0
#STACKS
336000.000000 16.090000 29
336000.000000 18.690000 29
336000.000000 18.690000 29
336000.000000 18.690000 29
336000.000000 18.690000 29
336000.000000 18.690000 29
336000.000000 18.690000 29
336000.000000 16.090000 29
#CELLS
1 0 0 0 0 0 0
1 0 1 1 1 1 29
1 0 1 1 1 1 29
1 0 1 1 1 1 29
1 0 0 1 1 1 29
1 0 0 1 1 1 29
1 0 0 1 1 1 29
2 0 0 1 1 1 29
2 0 1 1 1 1 29
2 0 1 1 1 1 29
2 0 1 1 1 1 29
2 0 1 1 1 1 29
2 0 0 1 1 1 29
2 0 0 1 1 1 29
3 0 0 1 1 1 29
3 0 1 1 1 1 29
3 0 1 1 1 1 29
3 0 1 1 1 1 29
3 0 1 1 1 1 29
3 0 0 1 1 1 29
3 0 0 1 1 1 29
4 0 0 1 1 1 29
4 0 1 1 1 1 29
4 0 1 1 1 1 29
4 0 1 1 1 1 29
4 0 1 1 1 1 29
4 0 0 1 1 1 29
4 0 0 1 1 1 29
5 0 0 1 1 1 29
5 0 1 1 1 1 29
5 0 1 1 1 1 29
5 0 1 1 1 1 29
5 0 1 1 1 1 29
5 0 0 1 1 1 29
5 0 0 1 1 1 29
6 0 0 1 1 1 29
6 0 1 1 1 1 29
6 0 1 1 1 1 29
6 0 1 1 1 1 29
6 0 1 1 1 1 29
6 0 0 1 1 1 29
6 0 0 1 1 1 29
7 0 0 1 1 1 29
7 0 1 1 1 1 29
7 0 1 1 1 1 29
7 0 1 1 1 1 29
7 0 1 1 1 1 29
7 0 0 1 1 1 29
7 0 0 1 1 1 29
8 0 0 0 0 0 0
8 0 1 1 1 1 29
8 0 1 1 1 1 29
8 0 1 1 1 1 29
8 0 0 1 1 1 29
8 0 0 1 1 1 29
8 0 0 1 1 1 29
#SOLUTION-AFT
 4  0  0  0  0  0  17  12 
 20  60  63  23  50  42  22  38 
 30  58  27  9  62  10  6  34 
 48  49  5  18  11  44  61  13 
 1  59  36  8  51  41  40  33 
 65  46  7  54  14  31  68  16 
 0  64  26  24  25  43  0  0 
#SOLUTION-FWD
 39  0  0  0  0  0  15  12 
 29  60  63  23  50  42  52  3 
 21  58  27  9  62  10  47  28 
 37  49  5  18  11  44  45  35 
 57  59  36  8  51  41  55  2 
 56  19  7  54  14  31  67  32 
 0  53  26  66  25  43  0  0 
#INFO
cap20: 40  cap40: 28  reefer: 17  HC: 28  capacity: 88.888889 TEU: 108