1 6 0 10 100 1 10
#POD
3 
#LOCATIONS
41 
#CONTAINERS_TOLOAD
0 0 0 25000.00 2.59 40 3 0 41 0
0 0 0 17150.00 2.59 20 3 0 41 0
0 0 0 25000.00 2.59 40 3 0 41 0
0 0 0 25000.00 2.59 40 3 0 41 0
0 0 0 15000.00 2.59 20 3 1 41 0
0 0 0 25000.00 2.59 40 3 0 41 0
#CONTAINERS_LOADED 
#STACKS
350000.000000 20.520000 41
400000.000000 23.350000 41
400000.000000 23.350000 41
400000.000000 23.350000 41
400000.000000 23.350000 41
400000.000000 23.350000 41
400000.000000 23.350000 41
400000.000000 23.350000 41
400000.000000 23.350000 41
350000.000000 20.520000 41
#CELLS
1 0 0 0 0 0 0
1 0 0 1 1 1 41
1 0 0 1 1 1 41
1 0 0 1 1 1 41
1 0 0 1 1 1 41
1 0 0 1 1 1 41
1 0 0 1 1 1 41
1 0 0 1 1 1 41
1 0 0 0 0 0 0
1 0 0 0 0 0 0
2 0 0 1 1 1 41
2 0 1 1 1 1 41
2 0 1 1 1 1 41
2 0 1 1 1 1 41
2 0 1 1 1 1 41
2 0 1 1 1 1 41
2 0 0 1 1 1 41
2 0 0 1 1 1 41
2 0 0 1 1 1 41
2 0 0 0 0 0 0
3 0 1 1 1 1 41
3 0 1 1 1 1 41
3 0 1 1 1 1 41
3 0 1 1 1 1 41
3 0 1 1 1 1 41
3 0 1 1 1 1 41
3 0 0 1 1 1 41
3 0 0 1 1 1 41
3 0 0 1 1 1 41
3 0 0 0 0 0 0
4 0 1 1 1 1 41
4 0 1 1 1 1 41
4 0 1 1 1 1 41
4 0 1 1 1 1 41
4 0 1 1 1 1 41
4 0 1 1 1 1 41
4 0 0 1 1 1 41
4 0 0 1 1 1 41
4 0 0 1 1 1 41
4 0 0 0 0 0 0
5 0 1 1 1 1 41
5 0 1 1 1 1 41
5 0 1 1 1 1 41
5 0 1 1 1 1 41
5 0 1 1 1 1 41
5 0 1 1 1 1 41
5 0 0 1 1 1 41
5 0 0 1 1 1 41
5 0 0 1 1 1 41
5 0 0 0 0 0 0
6 0 1 1 1 1 41
6 0 1 1 1 1 41
6 0 1 1 1 1 41
6 0 1 1 1 1 41
6 0 1 1 1 1 41
6 0 1 1 1 1 41
6 0 0 1 1 1 41
6 0 0 1 1 1 41
6 0 0 1 1 1 41
6 0 0 0 0 0 0
7 0 1 1 1 1 41
7 0 1 1 1 1 41
7 0 1 1 1 1 41
7 0 1 1 1 1 41
7 0 1 1 1 1 41
7 0 1 1 1 1 41
7 0 0 1 1 1 41
7 0 0 1 1 1 41
7 0 0 1 1 1 41
7 0 0 0 0 0 0
8 0 1 1 1 1 41
8 0 1 1 1 1 41
8 0 1 1 1 1 41
8 0 1 1 1 1 41
8 0 1 1 1 1 41
8 0 1 1 1 1 41
8 0 0 1 1 1 41
8 0 0 1 1 1 41
8 0 0 1 1 1 41
8 0 0 0 0 0 0
9 0 0 1 1 1 41
9 0 1 1 1 1 41
9 0 1 1 1 1 41
9 0 1 1 1 1 41
9 0 1 1 1 1 41
9 0 1 1 1 1 41
9 0 0 1 1 1 41
9 0 0 1 1 1 41
9 0 0 1 1 1 41
9 0 0 0 0 0 0
10 0 0 0 0 0 0
10 0 0 1 1 1 41
10 0 0 1 1 1 41
10 0 0 1 1 1 41
10 0 0 1 1 1 41
10 0 0 1 1 1 41
10 0 0 1 1 1 41
10 0 0 1 1 1 41
10 0 0 0 0 0 0
10 0 0 0 0 0 0
#SOLUTION-AFT
 0  0  0  0  0  0  0  0  0  0 
 0  0  0  0  0  0  0  0  0  0 
 0  0  0  0  0  0  0  0  0  0 
 0  0  0  0  0  0  0  0  0  0 
 0  0  0  0  0  0  0  0  0  0 
 0  0  0  0  0  3  0  0  0  0 
 0  0  0  0  0  1  0  0  0  0 
 0  0  0  0  0  6  0  0  0  0 
 0  0  0  0  0  4  0  0  0  0 
 0  0  0  0  0  5  0  0  0  0 
#SOLUTION-FWD
 0  0  0  0  0  0  0  0  0  0 
 0  0  0  0  0  0  0  0  0  0 
 0  0  0  0  0  0  0  0  0  0 
 0  0  0  0  0  0  0  0  0  0 
 0  0  0  0  0  0  0  0  0  0 
 0  0  0  0  0  3  0  0  0  0 
 0  0  0  0  0  1  0  0  0  0 
 0  0  0  0  0  6  0  0  0  0 
 0  0  0  0  0  4  0  0  0  0 
 0  0  0  0  0  2  0  0  0  0 
#INFO
cap20: 2  cap40: 4  reefer: 1  HC: 0  capacity: 5.813953 TEU: 172