1 45 0 5 45 1 9
#POD
7 
#LOCATIONS
22 
#CONTAINERS_TOLOAD
0 0 0 3700.00 2.59 40 7 0 22 0
0 0 0 3700.00 2.59 40 7 0 22 0
0 0 0 3700.00 2.59 40 7 0 22 0
0 0 0 3700.00 2.59 40 7 0 22 0
0 0 0 3700.00 2.59 40 7 0 22 0
0 0 0 3700.00 2.59 40 7 0 22 0
0 0 0 3700.00 2.59 40 7 0 22 0
0 0 0 3700.00 2.59 40 7 0 22 0
0 0 0 3700.00 2.59 40 7 0 22 0
0 0 0 3700.00 2.59 40 7 0 22 0
0 0 0 3700.00 2.59 40 7 0 22 0
0 0 0 3700.00 2.59 40 7 0 22 0
0 0 0 3700.00 2.59 40 7 0 22 0
0 0 0 3700.00 2.59 40 7 0 22 0
0 0 0 3700.00 2.59 40 7 0 22 0
0 0 0 3700.00 2.59 40 7 0 22 0
0 0 0 3700.00 2.59 40 7 0 22 0
0 0 0 3700.00 2.59 40 7 0 22 0
0 0 0 3700.00 2.59 40 7 0 22 0
0 0 0 3700.00 2.59 40 7 0 22 0
0 0 0 3700.00 2.59 40 7 0 22 0
0 0 0 3700.00 2.59 40 7 0 22 0
0 0 0 3700.00 2.59 40 7 0 22 0
0 0 0 3700.00 2.59 40 7 0 22 0
0 0 0 3700.00 2.59 40 7 0 22 0
0 0 0 3700.00 2.59 40 7 0 22 0
0 0 0 3700.00 2.59 40 7 0 22 0
0 0 0 3700.00 2.59 40 7 0 22 0
0 0 0 3700.00 2.59 40 7 0 22 0
0 0 0 3700.00 2.59 40 7 0 22 0
0 0 0 3700.00 2.59 40 7 0 22 0
0 0 0 3700.00 2.59 40 7 0 22 0
0 0 0 3700.00 2.59 40 7 0 22 0
0 0 0 3700.00 2.59 40 7 0 22 0
0 0 0 3700.00 2.59 40 7 0 22 0
0 0 0 3700.00 2.59 40 7 0 22 0
0 0 0 3700.00 2.59 40 7 0 22 0
0 0 0 3700.00 2.59 40 7 0 22 0
0 0 0 3700.00 2.59 40 7 0 22 0
0 0 0 3700.00 2.59 40 7 0 22 0
0 0 0 3700.00 2.59 40 7 0 22 0
0 0 0 3700.00 2.59 40 7 0 22 0
0 0 0 3700.00 2.59 40 7 0 22 0
0 0 0 3700.00 2.59 40 7 0 22 0
0 0 0 3700.00 2.59 40 7 0 22 0
#CONTAINERS_LOADED 
#STACKS
270000.000000 23.450000 22
270000.000000 23.450000 22
270000.000000 23.450000 22
270000.000000 23.450000 22
270000.000000 23.450000 22
#CELLS
1 0 0 1 1 1 22
1 0 0 1 1 1 22
1 0 0 1 1 1 22
1 0 0 1 1 1 22
1 0 0 1 1 1 22
1 0 0 1 1 1 22
1 0 0 1 1 1 22
1 0 0 1 1 1 22
1 0 0 1 1 1 22
2 0 0 1 1 1 22
2 0 0 1 1 1 22
2 0 0 1 1 1 22
2 0 0 1 1 1 22
2 0 0 1 1 1 22
2 0 0 1 1 1 22
2 0 0 1 1 1 22
2 0 0 1 1 1 22
2 0 0 1 1 1 22
3 0 0 1 1 1 22
3 0 0 1 1 1 22
3 0 0 1 1 1 22
3 0 0 1 1 1 22
3 0 0 1 1 1 22
3 0 0 1 1 1 22
3 0 0 1 1 1 22
3 0 0 1 1 1 22
3 0 0 1 1 1 22
4 0 0 1 1 1 22
4 0 0 1 1 1 22
4 0 0 1 1 1 22
4 0 0 1 1 1 22
4 0 0 1 1 1 22
4 0 0 1 1 1 22
4 0 0 1 1 1 22
4 0 0 1 1 1 22
4 0 0 1 1 1 22
5 0 0 1 1 1 22
5 0 0 1 1 1 22
5 0 0 1 1 1 22
5 0 0 1 1 1 22
5 0 0 1 1 1 22
5 0 0 1 1 1 22
5 0 0 1 1 1 22
5 0 0 1 1 1 22
5 0 0 1 1 1 22
#SOLUTION-AFT
 25  4  20  5  45 
 37  13  42  16  43 
 33  15  24  2  44 
 40  11  41  14  38 
 29  17  34  18  30 
 32  12  27  6  39 
 36  9  21  1  28 
 35  10  26  7  31 
 23  3  19  8  22 
#SOLUTION-FWD
 25  4  20  5  45 
 37  13  42  16  43 
 33  15  24  2  44 
 40  11  41  14  38 
 29  17  34  18  30 
 32  12  27  6  39 
 36  9  21  1  28 
 35  10  26  7  31 
 23  3  19  8  22 
#INFO
cap20: 0  cap40: 45  reefer: 0  HC: 0  capacity: 100.000000 TEU: 90