1 8 0 3 24 1 8
#POD
5 
#LOCATIONS
54 
#CONTAINERS_TOLOAD
0 0 0 5000.00 2.59 40 5 0 54 0
0 0 0 5000.00 2.59 40 5 0 54 0
0 0 0 5000.00 2.59 40 5 0 54 0
0 0 0 5000.00 2.59 40 5 0 54 0
0 0 0 5000.00 2.59 40 5 0 54 0
0 0 0 5000.00 2.59 40 5 0 54 0
0 0 0 5000.00 2.59 40 5 0 54 0
0 0 0 5000.00 2.59 40 5 0 54 0
#CONTAINERS_LOADED 
#STACKS
270000.000000 21.290000 54
270000.000000 18.690000 54
270000.000000 21.290000 54
#CELLS
1 0 0 1 1 1 54
1 0 1 1 1 1 54
1 0 1 1 1 1 54
1 0 1 1 1 1 54
1 0 1 1 1 1 54
1 0 0 1 1 1 54
1 0 0 1 1 1 54
1 0 0 1 1 1 54
2 0 0 0 0 0 0
2 0 0 1 1 1 54
2 0 0 1 1 1 54
2 0 0 1 1 1 54
2 0 0 1 1 1 54
2 0 0 1 1 1 54
2 0 0 1 1 1 54
2 0 0 1 1 1 54
3 0 0 1 1 1 54
3 0 1 1 1 1 54
3 0 1 1 1 1 54
3 0 1 1 1 1 54
3 0 1 1 1 1 54
3 0 0 1 1 1 54
3 0 0 1 1 1 54
3 0 0 1 1 1 54
#SOLUTION-AFT
 0  0  8 
 0  0  1 
 0  0  3 
 0  0  7 
 0  0  6 
 0  0  5 
 0  0  4 
 0  0  2 
#SOLUTION-FWD
 0  0  8 
 0  0  1 
 0  0  3 
 0  0  7 
 0  0  6 
 0  0  5 
 0  0  4 
 0  0  2 
#INFO
cap20: 0  cap40: 8  reefer: 0  HC: 0  capacity: 34.782609 TEU: 46