1 18 0 3 24 1 8
#POD
3 
#LOCATIONS
38 
#CONTAINERS_TOLOAD
0 0 0 12464.00 2.59 20 3 0 38 0
0 0 0 12464.00 2.59 20 3 0 38 0
0 0 0 12464.00 2.59 20 3 0 38 0
0 0 0 12464.00 2.59 20 3 0 38 0
0 0 0 12464.00 2.59 20 3 0 38 0
0 0 0 12464.00 2.59 20 3 0 38 0
0 0 0 12464.00 2.59 20 3 0 38 0
0 0 0 12464.00 2.59 20 3 0 38 0
0 0 0 12464.00 2.59 20 3 0 38 0
0 0 0 14764.00 2.59 20 3 0 38 0
0 0 0 12464.00 2.59 20 3 0 38 0
0 0 0 12464.00 2.59 20 3 0 38 0
0 0 0 12464.00 2.59 20 3 0 38 0
0 0 0 12464.00 2.59 20 3 0 38 0
0 0 0 14764.00 2.59 20 3 0 38 0
0 0 0 12464.00 2.59 20 3 0 38 0
0 0 0 12464.00 2.59 20 3 0 38 0
0 0 0 14764.00 2.59 20 3 0 38 0
#CONTAINERS_LOADED 
#STACKS
162000.000000 8.350000 38
162000.000000 8.350000 38
162000.000000 8.350000 38
#CELLS
1 0 0 0 0 0 0
1 0 0 0 0 0 0
1 0 0 0 0 0 0
1 0 0 0 0 0 0
1 0 0 0 0 0 0
1 0 0 1 1 1 38
1 0 0 1 1 1 38
1 0 0 1 1 1 38
2 0 0 0 0 0 0
2 0 0 0 0 0 0
2 0 0 0 0 0 0
2 0 0 0 0 0 0
2 0 0 0 0 0 0
2 0 0 1 1 1 38
2 0 0 1 1 1 38
2 0 0 1 1 1 38
3 0 0 0 0 0 0
3 0 0 0 0 0 0
3 0 0 0 0 0 0
3 0 0 0 0 0 0
3 0 0 0 0 0 0
3 0 0 1 1 1 38
3 0 0 1 1 1 38
3 0 0 1 1 1 38
#SOLUTION-AFT
 12  17  14 
 7  13  6 
 4  15  3 
 0  0  0 
 0  0  0 
 0  0  0 
 0  0  0 
 0  0  0 
#SOLUTION-FWD
 2  5  11 
 8  18  9 
 16  10  1 
 0  0  0 
 0  0  0 
 0  0  0 
 0  0  0 
 0  0  0 
#INFO
cap20: 18  cap40: 0  reefer: 0  HC: 0  capacity: 100.000000 TEU: 18