1 16 4 5 45 1 9
#POD
5 
#LOCATIONS
26 
#CONTAINERS_TOLOAD
0 0 0 12613.00 2.90 40 5 0 26 0
0 0 0 10080.00 2.90 40 5 0 26 0
0 0 0 11940.00 2.90 40 5 0 26 0
0 0 0 12000.00 2.90 40 5 0 26 0
0 0 0 10000.00 2.90 40 5 0 26 0
0 0 0 10000.00 2.90 40 5 0 26 0
0 0 0 10680.00 2.90 40 5 0 26 0
0 0 0 12400.00 2.90 40 5 0 26 0
0 0 0 10000.00 2.90 40 5 0 26 0
0 0 0 11200.00 2.90 40 5 0 26 0
0 0 0 11818.00 2.90 40 5 0 26 0
0 0 0 10416.00 2.90 40 5 0 26 0
0 0 0 10300.00 2.90 40 5 0 26 0
0 0 0 4000.00 2.59 40 5 0 26 0
0 0 0 10300.00 2.90 40 5 0 26 0
0 0 0 12650.00 2.90 40 5 0 26 0
#CONTAINERS_LOADED 
1 8 0 9400.00 2.90 40 5 0 26 0
1 6 0 8400.00 2.90 40 5 0 26 0
1 7 0 10800.00 2.90 40 5 0 26 0
1 5 0 15900.00 2.90 40 5 0 26 0
#STACKS
270000.000000 11.700000 26
270000.000000 11.700000 26
270000.000000 11.700000 26
270000.000000 11.700000 26
270000.000000 11.700000 26
#CELLS
1 0 0 0 0 0 0
1 0 0 0 0 0 0
1 0 0 0 0 0 0
1 0 0 0 0 0 0
1 0 0 1 1 1 26
1 0 0 1 1 1 26
1 0 0 1 1 1 26
1 0 0 1 1 1 26
1 0 0 0 0 0 0
2 0 0 0 0 0 0
2 0 0 0 0 0 0
2 0 0 0 0 0 0
2 0 0 0 0 0 0
2 0 0 1 1 1 26
2 0 0 1 1 1 26
2 0 0 1 1 1 26
2 0 0 1 1 1 26
2 0 0 0 0 0 0
3 0 0 0 0 0 0
3 0 0 0 0 0 0
3 0 0 0 0 0 0
3 0 0 0 0 0 0
3 0 0 1 1 1 26
3 0 0 1 1 1 26
3 0 0 1 1 1 26
3 0 0 1 1 1 26
3 0 0 0 0 0 0
4 0 0 0 0 0 0
4 0 0 0 0 0 0
4 0 0 0 0 0 0
4 0 0 0 0 0 0
4 0 0 1 1 1 26
4 0 0 1 1 1 26
4 0 0 1 1 1 26
4 0 0 1 1 1 26
4 0 0 0 0 0 0
5 0 0 0 0 0 0
5 0 0 0 0 0 0
5 0 0 0 0 0 0
5 0 0 0 0 0 0
5 0 0 1 1 1 26
5 0 0 1 1 1 26
5 0 0 1 1 1 26
5 0 0 1 1 1 26
5 0 0 0 0 0 0
#SOLUTION-AFT
 0  0  0  0  0 
 17  2  4  7  14 
 19  15  8  10  9 
 18  13  1  11  5 
 20  12  16  3  6 
 0  0  0  0  0 
 0  0  0  0  0 
 0  0  0  0  0 
 0  0  0  0  0 
#SOLUTION-FWD
 0  0  0  0  0 
 17  2  4  7  14 
 19  15  8  10  9 
 18  13  1  11  5 
 20  12  16  3  6 
 0  0  0  0  0 
 0  0  0  0  0 
 0  0  0  0  0 
 0  0  0  0  0 
#INFO
cap20: 0  cap40: 20  reefer: 0  HC: 19  capacity: 100.000000 TEU: 40