1 32 0 4 36 1 9
#POD
7 
#LOCATIONS
29 
#CONTAINERS_TOLOAD
0 0 0 15548.00 2.90 40 7 0 29 0
0 0 0 15548.00 2.90 40 7 0 29 0
0 0 0 15548.00 2.90 40 7 0 29 0
0 0 0 15548.00 2.90 40 7 0 29 0
0 0 0 15548.00 2.90 40 7 0 29 0
0 0 0 15548.00 2.90 40 7 0 29 0
0 0 0 15548.00 2.90 40 7 0 29 0
0 0 0 15548.00 2.90 40 7 0 29 0
0 0 0 15548.00 2.90 40 7 0 29 0
0 0 0 15548.00 2.90 40 7 0 29 0
0 0 0 15548.00 2.90 40 7 0 29 0
0 0 0 15548.00 2.90 40 7 0 29 0
0 0 0 15548.00 2.90 40 7 0 29 0
0 0 0 15548.00 2.90 40 7 0 29 0
0 0 0 15548.00 2.90 40 7 0 29 0
0 0 0 15548.00 2.90 40 7 0 29 0
0 0 0 15548.00 2.90 40 7 0 29 0
0 0 0 15548.00 2.90 40 7 0 29 0
0 0 0 15548.00 2.90 40 7 0 29 0
0 0 0 15548.00 2.90 40 7 0 29 0
0 0 0 15548.00 2.90 40 7 0 29 0
0 0 0 15548.00 2.90 40 7 0 29 0
0 0 0 15548.00 2.90 40 7 0 29 0
0 0 0 15548.00 2.90 40 7 0 29 0
0 0 0 15548.00 2.90 40 7 0 29 0
0 0 0 15548.00 2.90 40 7 0 29 0
0 0 0 15548.00 2.90 40 7 0 29 0
0 0 0 15548.00 2.90 40 7 0 29 0
0 0 0 15548.00 2.90 40 7 0 29 0
0 0 0 15548.00 2.90 40 7 0 29 0
0 0 0 15548.00 2.90 40 7 0 29 0
0 0 0 15548.00 2.90 40 7 0 29 0
#CONTAINERS_LOADED 
#STACKS
270000.000000 23.490000 29
270000.000000 23.490000 29
270000.000000 23.490000 29
270000.000000 23.490000 29
#CELLS
1 0 0 1 1 1 29
1 0 0 1 1 1 29
1 0 0 1 1 1 29
1 0 0 1 1 1 29
1 0 0 1 1 1 29
1 0 0 1 1 1 29
1 0 0 1 1 1 29
1 0 0 1 1 1 29
1 0 0 0 0 1 29
2 0 0 1 1 1 29
2 0 0 1 1 1 29
2 0 0 1 1 1 29
2 0 0 1 1 1 29
2 0 0 1 1 1 29
2 0 0 1 1 1 29
2 0 0 1 1 1 29
2 0 0 1 1 1 29
2 0 0 0 0 1 29
3 0 0 1 1 1 29
3 0 0 1 1 1 29
3 0 0 1 1 1 29
3 0 0 1 1 1 29
3 0 0 1 1 1 29
3 0 0 1 1 1 29
3 0 0 1 1 1 29
3 0 0 1 1 1 29
3 0 0 0 0 1 29
4 0 0 1 1 1 29
4 0 0 1 1 1 29
4 0 0 1 1 1 29
4 0 0 1 1 1 29
4 0 0 1 1 1 29
4 0 0 1 1 1 29
4 0 0 1 1 1 29
4 0 0 1 1 1 29
4 0 0 0 0 1 29
#SOLUTION-AFT
 0  0  0  0 
 30  6  15  25 
 26  21  7  12 
 17  13  22  18 
 8  24  5  16 
 31  27  10  11 
 23  29  14  9 
 32  28  20  19 
 4  2  1  3 
#SOLUTION-FWD
 0  0  0  0 
 30  6  15  25 
 26  21  7  12 
 17  13  22  18 
 8  24  5  16 
 31  27  10  11 
 23  29  14  9 
 32  28  20  19 
 4  2  1  3 
#INFO
cap20: 0  cap40: 32  reefer: 0  HC: 32  capacity: 88.888889 TEU: 72