2 51 85 10 110 1 11
#POD
2 4 
#LOCATIONS
48 
#CONTAINERS_TOLOAD
0 0 0 29899.00 2.90 40 2 0 48 0
0 0 0 29199.00 2.59 20 2 0 48 0
0 0 0 9400.00 2.59 20 2 0 48 0
0 0 0 29699.00 2.59 20 2 0 48 0
0 0 0 27124.00 2.59 20 2 0 48 0
0 0 0 29544.00 2.59 20 2 0 48 0
0 0 0 9500.00 2.59 20 2 0 48 0
0 0 0 12199.00 2.59 40 2 0 48 0
0 0 0 12199.00 2.59 40 2 0 48 0
0 0 0 9699.00 2.59 40 2 0 48 0
0 0 0 10400.00 2.59 40 2 0 48 0
0 0 0 9199.00 2.59 40 2 0 48 0
0 0 0 9599.00 2.59 40 2 0 48 0
0 0 0 25899.00 2.90 40 2 0 48 0
0 0 0 25899.00 2.90 40 2 0 48 0
0 0 0 25899.00 2.90 40 2 0 48 0
0 0 0 13900.00 2.59 40 2 0 48 0
0 0 0 11699.00 2.59 40 2 0 48 0
0 0 0 9880.00 2.59 40 2 0 48 0
0 0 0 9900.00 2.59 40 2 0 48 0
0 0 0 11300.00 2.59 40 2 0 48 0
0 0 0 10699.00 2.59 40 2 0 48 0
0 0 0 29594.00 2.59 20 2 0 48 0
0 0 0 15699.00 2.59 40 2 0 48 0
0 0 0 10400.00 2.59 40 2 0 48 0
0 0 0 13699.00 2.59 40 2 0 48 0
0 0 0 13099.00 2.59 40 2 0 48 0
0 0 0 11900.00 2.59 40 2 0 48 0
0 0 0 16699.00 2.59 40 2 0 48 0
0 0 0 29699.00 2.59 20 2 0 48 0
0 0 0 12699.00 2.59 40 2 0 48 0
0 0 0 29699.00 2.59 20 2 0 48 0
0 0 0 29924.00 2.59 20 2 0 48 0
0 0 0 10699.00 2.59 40 2 0 48 0
0 0 0 29464.00 2.59 20 2 0 48 0
0 0 0 9800.00 2.59 40 2 0 48 0
0 0 0 25899.00 2.90 40 2 0 48 0
0 0 0 25899.00 2.90 40 2 0 48 0
0 0 0 13699.00 2.59 40 2 0 48 0
0 0 0 25899.00 2.90 40 2 0 48 0
0 0 0 25899.00 2.90 40 2 0 48 0
0 0 0 12900.00 2.59 40 2 0 48 0
0 0 0 25899.00 2.90 40 2 0 48 0
0 0 0 14699.00 2.59 40 2 0 48 0
0 0 0 11930.00 2.59 40 2 0 48 0
0 0 0 9500.00 2.59 40 2 0 48 0
0 0 0 29226.00 2.59 20 2 0 48 0
0 0 0 19004.00 2.90 40 2 0 48 0
0 0 0 12199.00 2.59 40 2 0 48 0
0 0 0 12699.00 2.59 40 2 0 48 0
0 0 0 28900.00 2.59 40 2 0 48 0
#CONTAINERS_LOADED 
8 11 0 12400.00 2.90 40 4 0 48 0
8 1 1 22100.00 2.59 20 4 0 48 0
6 3 1 10000.00 2.59 20 4 0 48 0
7 10 0 14700.00 2.90 40 4 0 48 0
9 3 -1 20000.00 2.59 20 4 0 48 0
7 3 -1 12100.00 2.59 20 4 0 48 0
6 5 -1 6200.00 2.59 20 4 0 48 0
9 8 0 15300.00 2.59 40 4 0 48 0
6 4 1 5000.00 2.59 20 4 0 48 0
9 1 -1 27400.00 2.59 20 4 0 48 0
9 4 1 8500.00 2.59 20 4 0 48 0
8 4 -1 7000.00 2.59 20 4 0 48 0
6 9 0 14800.00 2.90 40 4 0 48 0
6 11 0 13000.00 2.59 40 4 0 48 0
9 6 1 5500.00 2.59 20 4 0 48 0
6 3 -1 10000.00 2.59 20 4 0 48 0
8 3 1 15300.00 2.59 20 4 0 48 0
9 1 1 27500.00 2.59 20 4 0 48 0
6 8 0 14600.00 2.59 40 4 0 48 0
7 3 1 12300.00 2.59 20 4 0 48 0
10 6 1 5300.00 2.59 20 4 0 48 0
7 2 1 29200.00 2.59 20 4 0 48 0
10 4 -1 8000.00 2.59 20 4 0 48 0
10 8 0 11900.00 2.59 40 4 0 48 0
8 2 -1 22200.00 2.59 20 4 0 48 0
9 11 0 7700.00 2.90 40 4 0 48 0
10 3 1 15000.00 2.59 20 4 0 48 0
10 1 -1 23000.00 2.59 20 4 0 48 0
10 6 -1 4200.00 2.59 20 4 0 48 0
7 4 -1 8000.00 2.59 20 4 0 48 0
7 1 -1 26400.00 2.59 20 4 0 48 0
7 9 0 13600.00 2.59 40 4 0 48 0
9 4 -1 12000.00 2.59 20 4 0 48 0
6 1 1 30100.00 2.59 20 4 0 48 0
8 6 -1 3400.00 2.59 20 4 0 48 0
10 1 1 27400.00 2.59 20 4 0 48 0
8 9 0 14300.00 2.59 40 4 0 48 0
7 11 0 12100.00 2.59 40 4 0 48 0
6 5 1 7200.00 2.59 20 4 0 48 0
8 2 1 17000.00 2.59 20 4 0 48 0
10 5 -1 7200.00 2.59 20 4 0 48 0
7 5 -1 5800.00 2.59 20 4 0 48 0
7 8 0 18400.00 2.59 40 4 0 48 0
6 6 1 4600.00 2.59 20 4 0 48 0
8 7 0 17200.00 2.59 40 4 0 48 0
8 3 -1 18100.00 2.59 20 4 0 48 0
6 4 -1 6300.00 2.59 20 4 0 48 0
6 2 1 11000.00 2.59 20 4 0 48 0
6 1 -1 27000.00 2.59 20 4 0 48 0
9 6 -1 5900.00 2.59 20 4 0 48 0
6 7 0 16000.00 2.59 40 4 0 48 0
9 2 -1 22100.00 2.59 20 4 0 48 0
7 2 -1 29200.00 2.59 20 4 0 48 0
8 5 1 5200.00 2.59 20 4 0 48 0
10 9 0 11800.00 2.59 40 4 0 48 0
7 6 1 4900.00 2.59 20 4 0 48 0
10 3 -1 18600.00 2.59 20 4 0 48 0
10 10 0 9000.00 2.59 40 4 0 48 0
8 4 1 8000.00 2.59 20 4 0 48 0
7 6 -1 6500.00 2.59 20 4 0 48 0
7 4 1 8300.00 2.59 20 4 0 48 0
7 1 1 26500.00 2.59 20 4 0 48 0
8 1 -1 27500.00 2.59 20 4 0 48 0
9 2 1 22200.00 2.59 20 4 0 48 0
6 6 -1 5600.00 2.59 20 4 0 48 0
10 5 1 5300.00 2.59 20 4 0 48 0
6 10 0 13300.00 2.59 40 4 0 48 0
10 7 0 16900.00 2.59 40 4 0 48 0
9 7 0 17300.00 2.59 40 4 0 48 0
8 8 0 15500.00 2.59 40 4 0 48 0
9 9 0 9500.00 2.59 40 4 0 48 0
10 2 1 27500.00 2.59 20 4 0 48 0
9 5 -1 7000.00 2.59 20 4 0 48 0
6 2 -1 12000.00 2.59 20 4 0 48 0
8 6 1 4000.00 2.59 20 4 0 48 0
9 10 0 10000.00 2.59 40 4 0 48 0
10 11 0 12400.00 2.90 40 4 0 48 0
10 2 -1 27500.00 2.59 20 4 0 48 0
8 5 -1 5500.00 2.59 20 4 0 48 0
10 4 1 7400.00 2.59 20 4 0 48 0
8 10 0 11700.00 2.59 40 4 0 48 0
9 5 1 6700.00 2.59 20 4 0 48 0
9 3 1 18200.00 2.59 20 4 0 48 0
7 5 1 6200.00 2.59 20 4 0 48 0
7 7 0 14600.00 2.59 40 4 0 48 0
#STACKS
270000.000000 29.160000 48
270000.000000 29.160000 48
270000.000000 29.160000 48
270000.000000 29.160000 48
270000.000000 29.160000 48
270000.000000 29.160000 48
270000.000000 29.160000 48
270000.000000 29.160000 48
270000.000000 29.160000 48
270000.000000 29.160000 48
#CELLS
1 0 0 1 1 1 48
1 0 0 1 1 1 48
1 0 0 1 1 1 48
1 0 0 1 1 1 48
1 0 0 1 1 1 48
1 0 0 1 1 1 48
1 0 0 1 1 1 48
1 0 0 1 1 1 48
1 0 0 1 1 1 48
1 0 0 1 1 1 48
1 0 0 1 1 1 48
2 0 0 1 1 1 48
2 0 0 1 1 1 48
2 0 0 1 1 1 48
2 0 0 1 1 1 48
2 0 0 1 1 1 48
2 0 0 1 1 1 48
2 0 0 1 1 1 48
2 0 0 1 1 1 48
2 0 0 1 1 1 48
2 0 0 1 1 1 48
2 0 0 1 1 1 48
3 0 0 1 1 1 48
3 0 0 1 1 1 48
3 0 0 1 1 1 48
3 0 0 1 1 1 48
3 0 0 1 1 1 48
3 0 0 1 1 1 48
3 0 0 1 1 1 48
3 0 0 1 1 1 48
3 0 0 1 1 1 48
3 0 0 1 1 1 48
3 0 0 1 1 1 48
4 0 0 1 1 1 48
4 0 0 1 1 1 48
4 0 0 1 1 1 48
4 0 0 1 1 1 48
4 0 0 1 1 1 48
4 0 0 1 1 1 48
4 0 0 1 1 1 48
4 0 0 1 1 1 48
4 0 0 1 1 1 48
4 0 0 1 1 1 48
4 0 0 1 1 1 48
5 0 0 1 1 1 48
5 0 0 1 1 1 48
5 0 0 1 1 1 48
5 0 0 1 1 1 48
5 0 0 1 1 1 48
5 0 0 1 1 1 48
5 0 0 1 1 1 48
5 0 0 1 1 1 48
5 0 0 1 1 1 48
5 0 0 1 1 1 48
5 0 0 1 1 1 48
6 0 0 1 1 1 48
6 0 0 1 1 1 48
6 0 0 1 1 1 48
6 0 0 1 1 1 48
6 0 0 1 1 1 48
6 0 0 1 1 1 48
6 0 0 1 1 1 48
6 0 0 1 1 1 48
6 0 0 1 1 1 48
6 0 0 1 1 1 48
6 0 0 1 1 1 48
7 0 0 1 1 1 48
7 0 0 1 1 1 48
7 0 0 1 1 1 48
7 0 0 1 1 1 48
7 0 0 1 1 1 48
7 0 0 1 1 1 48
7 0 0 1 1 1 48
7 0 0 1 1 1 48
7 0 0 1 1 1 48
7 0 0 1 1 1 48
7 0 0 1 1 1 48
8 0 0 1 1 1 48
8 0 0 1 1 1 48
8 0 0 1 1 1 48
8 0 0 1 1 1 48
8 0 0 1 1 1 48
8 0 0 1 1 1 48
8 0 0 1 1 1 48
8 0 0 1 1 1 48
8 0 0 1 1 1 48
8 0 0 1 1 1 48
8 0 0 1 1 1 48
9 0 0 1 1 1 48
9 0 0 1 1 1 48
9 0 0 1 1 1 48
9 0 0 1 1 1 48
9 0 0 1 1 1 48
9 0 0 1 1 1 48
9 0 0 1 1 1 48
9 0 0 1 1 1 48
9 0 0 1 1 1 48
9 0 0 1 1 1 48
9 0 0 1 1 1 48
10 0 0 1 1 1 48
10 0 0 1 1 1 48
10 0 0 1 1 1 48
10 0 0 1 1 1 48
10 0 0 1 1 1 48
10 0 0 1 1 1 48
10 0 0 1 1 1 48
10 0 0 1 1 1 48
10 0 0 1 1 1 48
10 0 0 1 1 1 48
10 0 0 1 1 1 48
#SOLUTION-AFT
 0  0  0  26  0  65  89  52  77  128 
 0  51  0  39  43  118  55  132  127  109 
 0  19  45  17  37  64  83  88  122  106 
 0  20  49  44  38  70  94  121  59  75 
 0  25  9  24  40  102  136  96  120  119 
 0  11  8  29  41  95  107  126  66  72 
 12  34  50  14  1  90  135  105  133  117 
 46  22  31  16  48  60  112  110  62  131 
 13  21  42  3  6  54  71  68  134  78 
 10  18  27  2  30  99  73  91  115  123 
 36  28  15  47  33  85  113  53  69  87 
#SOLUTION-FWD
 0  0  0  26  0  65  89  52  77  128 
 0  51  0  39  43  118  55  132  127  109 
 0  19  45  17  37  64  83  88  122  106 
 0  20  49  44  38  70  94  121  59  75 
 0  25  9  24  40  102  136  96  120  119 
 0  11  8  29  41  116  111  86  101  80 
 12  34  50  14  1  58  93  130  124  92 
 46  22  31  16  48  98  81  63  84  74 
 13  21  42  7  23  67  57  97  56  108 
 10  18  27  5  32  125  104  76  103  129 
 36  28  15  35  4  100  82  114  61  79 
#INFO
cap20: 72  cap40: 64  reefer: 0  HC: 15  capacity: 90.909091 TEU: 220