1 76 0 10 90 1 9
#POD
4 
#LOCATIONS
49 
#CONTAINERS_TOLOAD
0 0 0 19793.00 2.59 20 4 0 49 0
0 0 0 18770.00 2.90 40 4 0 49 0
0 0 0 20502.00 2.59 20 4 0 49 0
0 0 0 14590.00 2.90 40 4 0 49 0
0 0 0 19793.00 2.59 20 4 0 49 0
0 0 0 19208.00 2.90 40 4 0 49 0
0 0 0 12800.00 2.90 40 4 0 49 0
0 0 0 12720.00 2.90 40 4 0 49 0
0 0 0 12700.00 2.90 40 4 0 49 0
0 0 0 14286.00 2.90 40 4 0 49 0
0 0 0 21600.00 2.59 20 4 0 49 0
0 0 0 16332.00 2.90 40 4 0 49 0
0 0 0 19763.00 2.59 20 4 0 49 0
0 0 0 12670.00 2.90 40 4 0 49 0
0 0 0 15738.00 2.90 40 4 0 49 0
0 0 0 13660.00 2.90 40 4 0 49 0
0 0 0 17180.00 2.90 40 4 0 49 0
0 0 0 15754.00 2.90 40 4 0 49 0
0 0 0 21748.00 2.59 40 4 0 49 0
0 0 0 19763.00 2.59 20 4 0 49 0
0 0 0 19763.00 2.59 20 4 0 49 0
0 0 0 21048.00 2.59 20 4 0 49 0
0 0 0 15000.00 2.90 40 4 0 49 0
0 0 0 15347.00 2.90 40 4 0 49 0
0 0 0 16972.00 2.90 40 4 0 49 0
0 0 0 12999.00 2.90 40 4 0 49 0
0 0 0 22435.00 2.90 40 4 0 49 0
0 0 0 21490.00 2.90 40 4 0 49 0
0 0 0 17957.00 2.90 40 4 0 49 0
0 0 0 18388.00 2.90 40 4 0 49 0
0 0 0 21848.00 2.59 40 4 0 49 0
0 0 0 12640.00 2.90 40 4 0 49 0
0 0 0 29050.00 2.90 40 4 0 49 0
0 0 0 25760.00 2.90 40 4 0 49 0
0 0 0 19793.00 2.59 20 4 0 49 0
0 0 0 19763.00 2.59 20 4 0 49 0
0 0 0 19763.00 2.59 20 4 0 49 0
0 0 0 19763.00 2.59 20 4 0 49 0
0 0 0 13640.00 2.59 40 4 0 49 0
0 0 0 14561.00 2.90 40 4 0 49 0
0 0 0 19581.00 2.90 40 4 0 49 0
0 0 0 22390.00 2.90 40 4 0 49 0
0 0 0 15900.00 2.59 40 4 0 49 0
0 0 0 15918.00 2.90 40 4 0 49 0
0 0 0 19793.00 2.59 20 4 0 49 0
0 0 0 22585.00 2.90 40 4 0 49 0
0 0 0 15840.00 2.90 40 4 0 49 0
0 0 0 18076.00 2.90 40 4 0 49 0
0 0 0 28320.00 2.90 40 4 0 49 0
0 0 0 20450.00 2.59 40 4 0 49 0
0 0 0 12840.00 2.90 40 4 0 49 0
0 0 0 12100.00 2.59 40 4 0 49 0
0 0 0 25570.00 2.90 40 4 0 49 0
0 0 0 13215.00 2.90 40 4 0 49 0
0 0 0 15414.00 2.90 40 4 0 49 0
0 0 0 19763.00 2.59 20 4 0 49 0
0 0 0 19820.00 2.90 40 4 0 49 0
0 0 0 14515.00 2.90 40 4 0 49 0
0 0 0 27748.00 2.59 20 4 0 49 0
0 0 0 14271.00 2.90 40 4 0 49 0
0 0 0 12860.00 2.90 40 4 0 49 0
0 0 0 14218.00 2.90 40 4 0 49 0
0 0 0 21500.00 2.59 20 4 0 49 0
0 0 0 15133.00 2.90 40 4 0 49 0
0 0 0 13880.00 2.90 40 4 0 49 0
0 0 0 15997.00 2.90 40 4 0 49 0
0 0 0 19763.00 2.59 20 4 0 49 0
0 0 0 15940.00 2.90 40 4 0 49 0
0 0 0 12005.00 2.59 20 4 1 49 0
0 0 0 17978.00 2.90 40 4 0 49 0
0 0 0 19737.00 2.90 40 4 0 49 0
0 0 0 18053.00 2.90 40 4 0 49 0
0 0 0 18910.00 2.59 40 4 0 49 0
0 0 0 12770.00 2.59 40 4 0 49 0
0 0 0 14000.00 2.90 40 4 0 49 0
0 0 0 15400.00 2.59 40 4 0 49 0
#CONTAINERS_LOADED 
#STACKS
240000.000000 21.430000 49
240000.000000 24.030000 49
240000.000000 24.030000 49
240000.000000 24.030000 49
240000.000000 24.030000 49
240000.000000 24.030000 49
240000.000000 24.030000 49
240000.000000 24.030000 49
240000.000000 24.030000 49
240000.000000 21.430000 49
#CELLS
1 0 0 0 0 0 0
1 0 0 1 1 1 49
1 0 0 1 1 1 49
1 0 0 1 1 1 49
1 0 0 1 1 1 49
1 0 0 1 1 1 49
1 0 0 0 0 1 49
1 0 0 0 0 1 49
1 0 0 0 0 1 49
2 0 0 1 1 1 49
2 0 1 1 1 1 49
2 0 1 1 1 1 49
2 0 1 1 1 1 49
2 0 1 1 1 1 49
2 0 1 0 0 1 49
2 0 0 0 0 1 49
2 0 0 0 0 1 49
2 0 0 0 0 1 49
3 0 1 1 1 1 49
3 0 1 1 1 1 49
3 0 1 1 1 1 49
3 0 1 1 1 1 49
3 0 1 1 1 1 49
3 0 1 0 0 1 49
3 0 0 0 0 1 49
3 0 0 0 0 1 49
3 0 0 0 0 1 49
4 0 1 1 1 1 49
4 0 1 1 1 1 49
4 0 1 1 1 1 49
4 0 1 1 1 1 49
4 0 1 1 1 1 49
4 0 1 0 0 1 49
4 0 0 0 0 1 49
4 0 0 0 0 1 49
4 0 0 0 0 1 49
5 0 1 1 1 1 49
5 0 1 1 1 1 49
5 0 1 1 1 1 49
5 0 1 1 1 1 49
5 0 1 1 1 1 49
5 0 1 0 0 1 49
5 0 0 0 0 1 49
5 0 0 0 0 1 49
5 0 0 0 0 1 49
6 0 1 1 1 1 49
6 0 1 1 1 1 49
6 0 1 1 1 1 49
6 0 1 1 1 1 49
6 0 1 1 1 1 49
6 0 1 0 0 1 49
6 0 0 0 0 1 49
6 0 0 0 0 1 49
6 0 0 0 0 1 49
7 0 1 1 1 1 49
7 0 1 1 1 1 49
7 0 1 1 1 1 49
7 0 1 1 1 1 49
7 0 1 1 1 1 49
7 0 1 0 0 1 49
7 0 0 0 0 1 49
7 0 0 0 0 1 49
7 0 0 0 0 1 49
8 0 1 1 1 1 49
8 0 1 1 1 1 49
8 0 1 1 1 1 49
8 0 1 1 1 1 49
8 0 1 1 1 1 49
8 0 1 0 0 1 49
8 0 0 0 0 1 49
8 0 0 0 0 1 49
8 0 0 0 0 1 49
9 0 0 1 1 1 49
9 0 1 1 1 1 49
9 0 1 1 1 1 49
9 0 1 1 1 1 49
9 0 1 1 1 1 49
9 0 1 0 0 1 49
9 0 0 0 0 1 49
9 0 0 0 0 1 49
9 0 0 0 0 1 49
10 0 0 0 0 0 0
10 0 0 1 1 1 49
10 0 0 1 1 1 49
10 0 0 1 1 1 49
10 0 0 1 1 1 49
10 0 0 1 1 1 49
10 0 0 0 0 1 49
10 0 0 0 0 1 49
10 0 0 0 0 1 49
#SOLUTION-AFT
 0  0  0  0  0  0  0  0  0  0 
 0  73  0  74  0  0  75  0  76  0 
 0  60  44  72  28  34  0  0  64  0 
 32  10  68  48  42  49  57  0  24  52 
 51  58  66  30  27  33  50  14  55  54 
 61  40  12  2  46  1  19  9  15  16 
 26  4  25  6  53  5  31  8  18  65 
 39  23  17  41  13  63  69  7  47  62 
 0  43  29  71  20  11  36  70  38  0 
#SOLUTION-FWD
 0  0  0  0  0  0  0  0  0  0 
 0  73  0  74  0  0  75  0  76  0 
 0  60  44  72  28  34  0  0  64  0 
 32  10  68  48  42  49  57  0  24  52 
 51  58  66  30  27  33  50  14  55  54 
 61  40  12  2  46  45  19  9  15  16 
 26  4  25  6  53  3  31  8  18  65 
 39  23  17  41  67  22  56  7  47  62 
 0  43  29  71  35  59  21  70  37  0 
#INFO
cap20: 18  cap40: 58  reefer: 1  HC: 49  capacity: 76.136364 TEU: 176