1 33 0 4 36 1 9
#POD
4 
#LOCATIONS
54 
#CONTAINERS_TOLOAD
0 0 0 18650.00 2.59 40 4 0 54 0
0 0 0 18496.00 2.90 40 4 0 54 0
0 0 0 22002.00 2.59 40 4 0 54 0
0 0 0 21910.00 2.59 40 4 0 54 0
0 0 0 17005.00 2.90 40 4 0 54 0
0 0 0 18496.00 2.90 40 4 0 54 0
0 0 0 17336.00 2.90 40 4 0 54 0
0 0 0 20610.00 2.59 40 4 0 54 0
0 0 0 21770.00 2.59 40 4 0 54 0
0 0 0 16960.00 2.59 40 4 0 54 0
0 0 0 18200.00 2.59 40 4 0 54 0
0 0 0 18556.00 2.90 40 4 0 54 0
0 0 0 18496.00 2.90 40 4 0 54 0
0 0 0 18476.00 2.90 40 4 0 54 0
0 0 0 15326.00 2.59 40 4 0 54 0
0 0 0 17237.00 2.90 40 4 0 54 0
0 0 0 17005.00 2.90 40 4 0 54 0
0 0 0 21261.00 2.90 40 4 0 54 0
0 0 0 17005.00 2.90 40 4 0 54 0
0 0 0 17277.00 2.90 40 4 0 54 0
0 0 0 18392.00 2.90 40 4 0 54 0
0 0 0 16579.00 2.59 40 4 0 54 0
0 0 0 20110.00 2.90 40 4 0 54 0
0 0 0 16980.00 2.90 40 4 0 54 0
0 0 0 20504.00 2.59 40 4 0 54 0
0 0 0 16300.00 2.59 40 4 0 54 0
0 0 0 17216.00 2.90 40 4 0 54 0
0 0 0 21610.00 2.59 40 4 0 54 0
0 0 0 17150.00 2.59 40 4 0 54 0
0 0 0 15350.00 2.59 40 4 0 54 0
0 0 0 18208.00 2.90 40 4 0 54 0
0 0 0 21940.00 2.90 40 4 0 54 0
0 0 0 17216.00 2.90 40 4 0 54 0
#CONTAINERS_LOADED 
#STACKS
270000.000000 23.490000 54
270000.000000 23.490000 54
270000.000000 23.490000 54
270000.000000 23.490000 54
#CELLS
1 0 0 1 1 1 54
1 0 0 1 1 1 54
1 0 0 1 1 1 54
1 0 0 1 1 1 54
1 0 0 1 1 1 54
1 0 0 1 1 1 54
1 0 0 1 1 1 54
1 0 0 1 1 1 54
1 0 0 0 0 1 54
2 0 0 1 1 1 54
2 0 0 1 1 1 54
2 0 0 1 1 1 54
2 0 0 1 1 1 54
2 0 0 1 1 1 54
2 0 0 1 1 1 54
2 0 0 1 1 1 54
2 0 0 1 1 1 54
2 0 0 0 0 1 54
3 0 0 1 1 1 54
3 0 0 1 1 1 54
3 0 0 1 1 1 54
3 0 0 1 1 1 54
3 0 0 1 1 1 54
3 0 0 1 1 1 54
3 0 0 1 1 1 54
3 0 0 1 1 1 54
3 0 0 0 0 1 54
4 0 0 1 1 1 54
4 0 0 1 1 1 54
4 0 0 1 1 1 54
4 0 0 1 1 1 54
4 0 0 1 1 1 54
4 0 0 1 1 1 54
4 0 0 1 1 1 54
4 0 0 1 1 1 54
4 0 0 0 0 1 54
#SOLUTION-AFT
 0  0  0  15 
 24  7  23  30 
 17  31  8  26 
 5  21  18  22 
 19  14  28  10 
 33  13  9  29 
 27  6  4  11 
 16  2  32  1 
 20  12  3  25 
#SOLUTION-FWD
 0  0  0  15 
 24  7  23  30 
 17  31  8  26 
 5  21  18  22 
 19  14  28  10 
 33  13  9  29 
 27  6  4  11 
 16  2  32  1 
 20  12  3  25 
#INFO
cap20: 0  cap40: 33  reefer: 0  HC: 19  capacity: 91.666667 TEU: 72