1 21 0 3 24 1 8
#POD
5 
#LOCATIONS
13 
#CONTAINERS_TOLOAD
0 0 0 4000.00 2.90 40 5 0 13 0
0 0 0 4000.00 2.59 40 5 0 13 0
0 0 0 4000.00 2.59 40 5 0 13 0
0 0 0 4000.00 2.59 40 5 0 13 0
0 0 0 4000.00 2.59 40 5 0 13 0
0 0 0 4000.00 2.59 40 5 0 13 0
0 0 0 4000.00 2.59 40 5 0 13 0
0 0 0 4000.00 2.59 40 5 0 13 0
0 0 0 4000.00 2.59 40 5 0 13 0
0 0 0 4000.00 2.59 40 5 0 13 0
0 0 0 4000.00 2.59 40 5 0 13 0
0 0 0 4000.00 2.59 40 5 0 13 0
0 0 0 4000.00 2.59 40 5 0 13 0
0 0 0 4000.00 2.59 40 5 0 13 0
0 0 0 4000.00 2.59 40 5 0 13 0
0 0 0 4000.00 2.59 40 5 0 13 0
0 0 0 4000.00 2.59 40 5 0 13 0
0 0 0 4000.00 2.59 40 5 0 13 0
0 0 0 4000.00 2.59 40 5 0 13 0
0 0 0 4000.00 2.59 40 5 0 13 0
0 0 0 4000.00 2.59 40 5 0 13 0
#CONTAINERS_LOADED 
#STACKS
336000.000000 18.690000 13
336000.000000 18.690000 13
336000.000000 18.690000 13
#CELLS
1 0 0 0 0 0 0
1 0 0 1 1 1 13
1 0 0 1 1 1 13
1 0 0 1 1 1 13
1 0 0 1 1 1 13
1 0 0 1 1 1 13
1 0 0 1 1 1 13
1 0 0 1 1 1 13
2 0 0 0 0 0 0
2 0 0 1 1 1 13
2 0 0 1 1 1 13
2 0 0 1 1 1 13
2 0 0 1 1 1 13
2 0 0 1 1 1 13
2 0 0 1 1 1 13
2 0 0 1 1 1 13
3 0 0 0 0 0 0
3 0 0 1 1 1 13
3 0 0 1 1 1 13
3 0 0 1 1 1 13
3 0 0 1 1 1 13
3 0 0 1 1 1 13
3 0 0 1 1 1 13
3 0 0 1 1 1 13
#SOLUTION-AFT
 15  14  19 
 16  1  10 
 3  12  21 
 6  8  20 
 5  4  17 
 11  9  18 
 7  13  2 
 0  0  0 
#SOLUTION-FWD
 15  14  19 
 16  1  10 
 3  12  21 
 6  8  20 
 5  4  17 
 11  9  18 
 7  13  2 
 0  0  0 
#INFO
cap20: 0  cap40: 21  reefer: 0  HC: 1  capacity: 100.000000 TEU: 42