1 32 0 4 36 1 9
#POD
4 
#LOCATIONS
22 
#CONTAINERS_TOLOAD
0 0 0 26700.00 2.90 40 4 0 22 0
0 0 0 26000.00 2.90 40 4 0 22 0
0 0 0 26000.00 2.90 40 4 0 22 0
0 0 0 26000.00 2.90 40 4 0 22 0
0 0 0 27700.00 2.90 40 4 0 22 0
0 0 0 27840.00 2.90 40 4 0 22 0
0 0 0 27840.00 2.90 40 4 0 22 0
0 0 0 27870.00 2.90 40 4 0 22 0
0 0 0 26880.00 2.90 40 4 0 22 0
0 0 0 26900.00 2.90 40 4 0 22 0
0 0 0 26920.00 2.90 40 4 0 22 0
0 0 0 27820.00 2.90 40 4 0 22 0
0 0 0 27700.00 2.90 40 4 0 22 0
0 0 0 26880.00 2.90 40 4 0 22 0
0 0 0 26700.00 2.90 40 4 0 22 0
0 0 0 27000.00 2.90 40 4 0 22 0
0 0 0 27880.00 2.90 40 4 0 22 0
0 0 0 26000.00 2.90 40 4 0 22 0
0 0 0 27830.00 2.90 40 4 0 22 0
0 0 0 27880.00 2.90 40 4 0 22 0
0 0 0 27880.00 2.90 40 4 0 22 0
0 0 0 26700.00 2.90 40 4 0 22 0
0 0 0 27800.00 2.90 40 4 0 22 0
0 0 0 27780.00 2.90 40 4 0 22 0
0 0 0 26000.00 2.90 40 4 0 22 0
0 0 0 27573.00 2.90 40 4 0 22 0
0 0 0 26880.00 2.90 40 4 0 22 0
0 0 0 26830.00 2.90 40 4 0 22 0
0 0 0 26940.00 2.90 40 4 0 22 0
0 0 0 27790.00 2.90 40 4 0 22 0
0 0 0 25900.00 2.90 40 4 0 22 0
0 0 0 27840.00 2.90 40 4 0 22 0
#CONTAINERS_LOADED 
#STACKS
238000.000000 23.850000 22
238000.000000 23.850000 22
238000.000000 23.850000 22
238000.000000 23.850000 22
#CELLS
1 0 0 1 1 1 22
1 0 0 1 1 1 22
1 0 0 1 1 1 22
1 0 0 1 1 1 22
1 0 0 1 1 1 22
1 0 0 1 1 1 22
1 0 0 1 1 1 22
1 0 0 0 0 1 22
1 0 0 0 0 1 22
2 0 0 1 1 1 22
2 0 0 1 1 1 22
2 0 0 1 1 1 22
2 0 0 1 1 1 22
2 0 0 1 1 1 22
2 0 0 1 1 1 22
2 0 0 1 1 1 22
2 0 0 0 0 1 22
2 0 0 0 0 1 22
3 0 0 1 1 1 22
3 0 0 1 1 1 22
3 0 0 1 1 1 22
3 0 0 1 1 1 22
3 0 0 1 1 1 22
3 0 0 1 1 1 22
3 0 0 1 1 1 22
3 0 0 0 0 1 22
3 0 0 0 0 1 22
4 0 0 1 1 1 22
4 0 0 1 1 1 22
4 0 0 1 1 1 22
4 0 0 1 1 1 22
4 0 0 1 1 1 22
4 0 0 1 1 1 22
4 0 0 1 1 1 22
4 0 0 0 0 1 22
4 0 0 0 0 1 22
#SOLUTION-AFT
 0  0  0  0 
 31  16  19  22 
 18  26  32  28 
 25  13  7  27 
 2  5  6  9 
 3  24  8  14 
 4  30  20  10 
 1  23  17  11 
 15  12  21  29 
#SOLUTION-FWD
 0  0  0  0 
 31  16  19  22 
 18  26  32  28 
 25  13  7  27 
 2  5  6  9 
 3  24  8  14 
 4  30  20  10 
 1  23  17  11 
 15  12  21  29 
#INFO
cap20: 0  cap40: 32  reefer: 0  HC: 32  capacity: 88.888889 TEU: 72