3 8 14 4 28 1 7
#POD
5 6 7 
#LOCATIONS
17 
#CONTAINERS_TOLOAD
0 0 0 24000.00 2.59 40 5 0 17 0
0 0 0 17000.00 2.59 20 5 0 17 0
0 0 0 17000.00 2.59 20 5 0 17 0
0 0 0 17000.00 2.59 20 5 0 17 0
0 0 0 17000.00 2.59 20 5 0 17 0
0 0 0 17000.00 2.59 20 6 0 17 0
0 0 0 17000.00 2.59 20 6 1 17 0
0 0 0 17000.00 2.59 20 6 1 17 0
#CONTAINERS_LOADED 
1 2 1 8300.00 2.59 20 7 1 17 0
3 3 -1 9800.00 2.59 20 6 0 17 0
1 1 -1 21200.00 2.59 20 7 0 17 0
3 2 1 20200.00 2.59 20 6 1 17 0
2 1 0 26700.00 2.90 40 7 1 17 0
4 1 0 28000.00 2.90 40 6 1 17 0
4 3 0 11600.00 2.90 40 6 0 17 0
3 2 -1 19700.00 2.59 20 6 0 17 0
4 2 0 6000.00 2.90 40 6 1 17 0
2 2 0 27700.00 2.90 40 7 1 17 0
3 1 1 3200.00 2.59 20 6 1 17 0
1 1 1 21000.00 2.59 20 7 1 17 0
3 1 -1 22700.00 2.59 20 6 0 17 0
1 2 -1 7400.00 2.59 20 7 0 17 0
#STACKS
270000.000000 16.400000 17
270000.000000 16.400000 17
270000.000000 16.400000 17
270000.000000 16.400000 17
#CELLS
1 0 1 1 1 1 17
1 0 1 1 1 1 17
1 0 1 1 1 1 17
1 0 1 1 1 1 17
1 0 0 1 1 1 17
1 0 0 1 1 1 17
1 0 0 0 0 0 0
2 0 1 1 1 1 17
2 0 1 1 1 1 17
2 0 1 1 1 1 17
2 0 1 1 1 1 17
2 0 0 1 1 1 17
2 0 0 1 1 1 17
2 0 0 0 0 0 0
3 0 1 1 1 1 17
3 0 1 1 1 1 17
3 0 1 1 1 1 17
3 0 1 1 1 1 17
3 0 0 1 1 1 17
3 0 0 1 1 1 17
3 0 0 0 0 0 0
4 0 1 1 1 1 17
4 0 1 1 1 1 17
4 0 1 1 1 1 17
4 0 1 1 1 1 17
4 0 0 1 1 1 17
4 0 0 1 1 1 17
4 0 0 0 0 0 0
#SOLUTION-AFT
 0  0  0  0 
 0  0  0  0 
 1  0  0  0 
 5  0  7  0 
 4  0  8  15 
 9  18  12  17 
 20  13  19  14 
#SOLUTION-FWD
 0  0  0  0 
 0  0  0  0 
 1  0  0  0 
 2  0  6  0 
 3  0  10  15 
 22  18  16  17 
 11  13  21  14 
#INFO
cap20: 16  cap40: 6  reefer: 10  HC: 5  capacity: 58.333333 TEU: 48