2 24 0 3 24 1 8
#POD
2 3 
#LOCATIONS
34 
#CONTAINERS_TOLOAD
0 0 0 18401.00 2.90 40 2 0 34 0
0 0 0 29800.00 2.59 40 2 0 34 0
0 0 0 27700.00 2.59 40 2 0 34 0
0 0 0 24700.00 2.59 40 2 0 34 0
0 0 0 17160.00 2.59 40 3 0 34 0
0 0 0 15669.00 2.59 40 3 0 34 0
0 0 0 27600.00 2.59 40 2 0 34 0
0 0 0 18646.00 2.90 40 2 0 34 0
0 0 0 13701.00 2.59 40 3 0 34 0
0 0 0 27700.00 2.59 40 2 0 34 0
0 0 0 25100.00 2.59 40 2 0 34 0
0 0 0 29640.00 2.59 40 3 0 34 0
0 0 0 28365.00 2.59 40 2 0 34 0
0 0 0 29650.00 2.59 40 2 0 34 0
0 0 0 25550.00 2.59 40 2 0 34 0
0 0 0 29640.00 2.59 40 3 0 34 0
0 0 0 18700.00 2.59 40 3 0 34 0
0 0 0 24690.00 2.59 40 2 0 34 0
0 0 0 27770.00 2.59 40 2 0 34 0
0 0 0 29800.00 2.59 40 2 0 34 0
0 0 0 23580.00 2.59 40 3 0 34 0
0 0 0 27250.00 2.59 40 2 0 34 0
0 0 0 19388.00 2.90 40 2 0 34 0
0 0 0 25640.00 2.59 40 2 0 34 0
#CONTAINERS_LOADED 
#STACKS
240000.000000 21.100000 34
240000.000000 21.100000 34
240000.000000 21.100000 34
#CELLS
1 0 0 1 1 1 34
1 0 0 1 1 1 34
1 0 0 1 1 1 34
1 0 0 1 1 1 34
1 0 0 1 1 1 34
1 0 0 0 0 1 34
1 0 0 0 0 1 34
1 0 0 0 0 1 34
2 0 0 1 1 1 34
2 0 0 1 1 1 34
2 0 0 1 1 1 34
2 0 0 1 1 1 34
2 0 0 1 1 1 34
2 0 0 0 0 1 34
2 0 0 0 0 1 34
2 0 0 0 0 1 34
3 0 0 1 1 1 34
3 0 0 1 1 1 34
3 0 0 1 1 1 34
3 0 0 1 1 1 34
3 0 0 1 1 1 34
3 0 0 0 0 1 34
3 0 0 0 0 1 34
3 0 0 0 0 1 34
#SOLUTION-AFT
 1  23  8 
 18  9  10 
 4  6  3 
 11  5  19 
 15  17  13 
 24  21  14 
 22  16  20 
 7  12  2 
#SOLUTION-FWD
 1  23  8 
 18  9  10 
 4  6  3 
 11  5  19 
 15  17  13 
 24  21  14 
 22  16  20 
 7  12  2 
#INFO
cap20: 0  cap40: 24  reefer: 0  HC: 3  capacity: 100.000000 TEU: 48