1 84 0 10 90 1 9
#POD
7 
#LOCATIONS
55 
#CONTAINERS_TOLOAD
0 0 0 12900.00 2.59 40 7 0 55 0
0 0 0 13800.00 2.59 40 7 0 55 0
0 0 0 15727.00 2.59 40 7 0 55 0
0 0 0 13600.00 2.59 40 7 0 55 0
0 0 0 10300.00 2.59 40 7 0 55 0
0 0 0 15727.00 2.59 40 7 0 55 0
0 0 0 15727.00 2.59 40 7 0 55 0
0 0 0 15727.00 2.59 40 7 0 55 0
0 0 0 15727.00 2.59 40 7 0 55 0
0 0 0 15727.00 2.59 40 7 0 55 0
0 0 0 15000.00 2.59 40 7 0 55 0
0 0 0 15727.00 2.59 40 7 0 55 0
0 0 0 14900.00 2.59 40 7 0 55 0
0 0 0 15599.00 2.59 40 7 0 55 0
0 0 0 11400.00 2.59 40 7 0 55 0
0 0 0 14199.00 2.59 40 7 0 55 0
0 0 0 15727.00 2.59 40 7 0 55 0
0 0 0 13199.00 2.59 40 7 0 55 0
0 0 0 12199.00 2.59 40 7 0 55 0
0 0 0 15727.00 2.59 40 7 0 55 0
0 0 0 15727.00 2.59 40 7 0 55 0
0 0 0 10300.00 2.59 40 7 0 55 0
0 0 0 15727.00 2.59 40 7 0 55 0
0 0 0 15727.00 2.59 40 7 0 55 0
0 0 0 15727.00 2.59 40 7 0 55 0
0 0 0 15699.00 2.59 40 7 0 55 0
0 0 0 15548.00 2.90 40 7 0 55 0
0 0 0 15548.00 2.90 40 7 0 55 0
0 0 0 15727.00 2.59 40 7 0 55 0
0 0 0 15548.00 2.90 40 7 0 55 0
0 0 0 10699.00 2.59 40 7 0 55 0
0 0 0 15548.00 2.90 40 7 0 55 0
0 0 0 15548.00 2.90 40 7 0 55 0
0 0 0 15727.00 2.59 40 7 0 55 0
0 0 0 15727.00 2.59 40 7 0 55 0
0 0 0 15548.00 2.90 40 7 0 55 0
0 0 0 15548.00 2.90 40 7 0 55 0
0 0 0 15548.00 2.90 40 7 0 55 0
0 0 0 15548.00 2.90 40 7 0 55 0
0 0 0 15548.00 2.90 40 7 0 55 0
0 0 0 15699.00 2.59 40 7 0 55 0
0 0 0 12599.00 2.59 40 7 0 55 0
0 0 0 15548.00 2.90 40 7 0 55 0
0 0 0 15548.00 2.90 40 7 0 55 0
0 0 0 15727.00 2.59 40 7 0 55 0
0 0 0 10900.00 2.59 40 7 0 55 0
0 0 0 15727.00 2.59 40 7 0 55 0
0 0 0 15727.00 2.59 40 7 0 55 0
0 0 0 15727.00 2.59 40 7 0 55 0
0 0 0 11099.00 2.59 40 7 0 55 0
0 0 0 15548.00 2.90 40 7 0 55 0
0 0 0 15727.00 2.59 40 7 0 55 0
0 0 0 10330.00 2.59 40 7 0 55 0
0 0 0 11699.00 2.59 40 7 0 55 0
0 0 0 15727.00 2.59 40 7 0 55 0
0 0 0 15548.00 2.90 40 7 0 55 0
0 0 0 15548.00 2.90 40 7 0 55 0
0 0 0 15548.00 2.90 40 7 0 55 0
0 0 0 15727.00 2.59 40 7 0 55 0
0 0 0 15699.00 2.59 40 7 0 55 0
0 0 0 12699.00 2.59 40 7 0 55 0
0 0 0 14220.00 2.59 40 7 0 55 0
0 0 0 15699.00 2.59 40 7 0 55 0
0 0 0 15727.00 2.59 40 7 0 55 0
0 0 0 13699.00 2.59 40 7 0 55 0
0 0 0 15548.00 2.90 40 7 0 55 0
0 0 0 15548.00 2.90 40 7 0 55 0
0 0 0 10580.00 2.59 40 7 0 55 0
0 0 0 15548.00 2.90 40 7 0 55 0
0 0 0 15699.00 2.59 40 7 0 55 0
0 0 0 15548.00 2.90 40 7 0 55 0
0 0 0 11699.00 2.59 40 7 0 55 0
0 0 0 15548.00 2.90 40 7 0 55 0
0 0 0 15548.00 2.90 40 7 0 55 0
0 0 0 14120.00 2.59 40 7 0 55 0
0 0 0 11900.00 2.59 40 7 0 55 0
0 0 0 15548.00 2.90 40 7 0 55 0
0 0 0 10300.00 2.59 40 7 0 55 0
0 0 0 15548.00 2.90 40 7 0 55 0
0 0 0 14900.00 2.59 40 7 0 55 0
0 0 0 13699.00 2.59 40 7 0 55 0
0 0 0 15699.00 2.59 40 7 0 55 0
0 0 0 10699.00 2.59 40 7 0 55 0
0 0 0 13699.00 2.59 40 7 0 55 0
#CONTAINERS_LOADED 
#STACKS
184000.000000 20.900000 55
270000.000000 23.490000 55
270000.000000 23.490000 55
270000.000000 23.490000 55
270000.000000 23.490000 55
270000.000000 23.490000 55
270000.000000 23.490000 55
270000.000000 23.490000 55
270000.000000 23.490000 55
184000.000000 20.900000 55
#CELLS
1 0 0 0 0 0 0
1 0 0 1 1 1 55
1 0 0 1 1 1 55
1 0 0 1 1 1 55
1 0 0 1 1 1 55
1 0 0 1 1 1 55
1 0 0 1 1 1 55
1 0 0 1 1 1 55
1 0 0 0 0 1 55
2 0 0 1 1 1 55
2 0 0 1 1 1 55
2 0 0 1 1 1 55
2 0 0 1 1 1 55
2 0 0 1 1 1 55
2 0 0 1 1 1 55
2 0 0 1 1 1 55
2 0 0 1 1 1 55
2 0 0 0 0 1 55
3 0 0 1 1 1 55
3 0 0 1 1 1 55
3 0 0 1 1 1 55
3 0 0 1 1 1 55
3 0 0 1 1 1 55
3 0 0 1 1 1 55
3 0 0 1 1 1 55
3 0 0 1 1 1 55
3 0 0 0 0 1 55
4 0 0 1 1 1 55
4 0 0 1 1 1 55
4 0 0 1 1 1 55
4 0 0 1 1 1 55
4 0 0 1 1 1 55
4 0 0 1 1 1 55
4 0 0 1 1 1 55
4 0 0 1 1 1 55
4 0 0 0 0 1 55
5 0 0 1 1 1 55
5 0 0 1 1 1 55
5 0 0 1 1 1 55
5 0 0 1 1 1 55
5 0 0 1 1 1 55
5 0 0 1 1 1 55
5 0 0 1 1 1 55
5 0 0 1 1 1 55
5 0 0 0 0 1 55
6 0 0 1 1 1 55
6 0 0 1 1 1 55
6 0 0 1 1 1 55
6 0 0 1 1 1 55
6 0 0 1 1 1 55
6 0 0 1 1 1 55
6 0 0 1 1 1 55
6 0 0 1 1 1 55
6 0 0 0 0 1 55
7 0 0 1 1 1 55
7 0 0 1 1 1 55
7 0 0 1 1 1 55
7 0 0 1 1 1 55
7 0 0 1 1 1 55
7 0 0 1 1 1 55
7 0 0 1 1 1 55
7 0 0 1 1 1 55
7 0 0 0 0 1 55
8 0 0 1 1 1 55
8 0 0 1 1 1 55
8 0 0 1 1 1 55
8 0 0 1 1 1 55
8 0 0 1 1 1 55
8 0 0 1 1 1 55
8 0 0 1 1 1 55
8 0 0 1 1 1 55
8 0 0 0 0 1 55
9 0 0 1 1 1 55
9 0 0 1 1 1 55
9 0 0 1 1 1 55
9 0 0 1 1 1 55
9 0 0 1 1 1 55
9 0 0 1 1 1 55
9 0 0 1 1 1 55
9 0 0 1 1 1 55
9 0 0 0 0 1 55
10 0 0 0 0 0 0
10 0 0 1 1 1 55
10 0 0 1 1 1 55
10 0 0 1 1 1 55
10 0 0 1 1 1 55
10 0 0 1 1 1 55
10 0 0 1 1 1 55
10 0 0 1 1 1 55
10 0 0 0 0 1 55
#SOLUTION-AFT
 5  22  0  61  0  23  49  42  0  0 
 75  78  72  1  2  52  55  26  74  43 
 16  53  54  18  77  48  59  70  44  73 
 62  68  76  4  79  24  64  82  71  66 
 13  31  19  81  27  8  3  41  67  58 
 80  83  33  65  28  25  7  60  57  69 
 11  46  36  84  30  47  9  29  40  51 
 14  50  37  35  32  10  12  20  56  63 
 0  15  38  34  45  6  17  21  39  0 
#SOLUTION-FWD
 5  22  0  61  0  23  49  42  0  0 
 75  78  72  1  2  52  55  26  74  43 
 16  53  54  18  77  48  59  70  44  73 
 62  68  76  4  79  24  64  82  71  66 
 13  31  19  81  27  8  3  41  67  58 
 80  83  33  65  28  25  7  60  57  69 
 11  46  36  84  30  47  9  29  40  51 
 14  50  37  35  32  10  12  20  56  63 
 0  15  38  34  45  6  17  21  39  0 
#INFO
cap20: 0  cap40: 84  reefer: 0  HC: 24  capacity: 95.454545 TEU: 176