1 47 0 4 36 1 9
#POD
3 
#LOCATIONS
34 
#CONTAINERS_TOLOAD
0 0 0 25000.00 2.59 20 3 0 34 0
0 0 0 24390.00 2.59 20 3 0 34 0
0 0 0 24500.00 2.59 20 3 0 34 0
0 0 0 29275.00 2.59 40 3 0 34 0
0 0 0 29275.00 2.59 40 3 0 34 0
0 0 0 27214.00 2.59 40 3 0 34 0
0 0 0 24550.00 2.59 20 3 0 34 0
0 0 0 24930.00 2.59 20 3 0 34 0
0 0 0 25000.00 2.59 20 3 0 34 0
0 0 0 24390.00 2.59 20 3 0 34 0
0 0 0 24500.00 2.59 20 3 0 34 0
0 0 0 24500.00 2.59 20 3 0 34 0
0 0 0 24480.00 2.59 20 3 0 34 0
0 0 0 24730.00 2.59 20 3 0 34 0
0 0 0 24500.00 2.59 20 3 0 34 0
0 0 0 25470.00 2.59 20 3 0 34 0
0 0 0 24500.00 2.59 20 3 0 34 0
0 0 0 29275.00 2.59 40 3 0 34 0
0 0 0 24500.00 2.59 20 3 0 34 0
0 0 0 24390.00 2.59 20 3 0 34 0
0 0 0 24500.00 2.59 20 3 0 34 0
0 0 0 24390.00 2.59 20 3 0 34 0
0 0 0 25000.00 2.59 20 3 0 34 0
0 0 0 24390.00 2.59 20 3 0 34 0
0 0 0 25000.00 2.59 20 3 0 34 0
0 0 0 24500.00 2.59 20 3 0 34 0
0 0 0 24890.00 2.59 20 3 0 34 0
0 0 0 24500.00 2.59 20 3 0 34 0
0 0 0 24500.00 2.59 20 3 0 34 0
0 0 0 24500.00 2.59 20 3 0 34 0
0 0 0 24390.00 2.59 20 3 0 34 0
0 0 0 25420.00 2.59 20 3 0 34 0
0 0 0 24500.00 2.59 20 3 0 34 0
0 0 0 24500.00 2.59 20 3 0 34 0
0 0 0 28980.00 2.90 40 3 0 34 0
0 0 0 24500.00 2.59 20 3 0 34 0
0 0 0 26361.00 2.59 40 3 0 34 0
0 0 0 24390.00 2.59 20 3 0 34 0
0 0 0 24500.00 2.59 20 3 0 34 0
0 0 0 24500.00 2.59 20 3 0 34 0
0 0 0 24500.00 2.59 20 3 0 34 0
0 0 0 25000.00 2.59 20 3 0 34 0
0 0 0 24500.00 2.59 20 3 0 34 0
0 0 0 24500.00 2.59 20 3 0 34 0
0 0 0 24390.00 2.59 20 3 0 34 0
0 0 0 24550.00 2.59 20 3 0 34 0
0 0 0 28493.00 2.59 40 3 0 34 0
#CONTAINERS_LOADED 
#STACKS
378000.000000 23.890000 34
378000.000000 23.890000 34
378000.000000 23.890000 34
378000.000000 23.890000 34
#CELLS
1 1 0 1 1 1 34
1 1 0 1 1 1 34
1 1 0 1 1 1 34
1 1 0 1 1 1 34
1 1 0 1 1 1 34
1 1 0 1 1 1 34
1 1 0 1 1 1 34
1 0 0 1 1 1 34
1 0 0 1 1 1 34
2 1 0 1 1 1 34
2 1 0 1 1 1 34
2 1 0 1 1 1 34
2 1 0 1 1 1 34
2 1 0 1 1 1 34
2 1 0 1 1 1 34
2 1 0 1 1 1 34
2 0 0 1 1 1 34
2 0 0 1 1 1 34
3 1 0 1 1 1 34
3 1 0 1 1 1 34
3 1 0 1 1 1 34
3 1 0 1 1 1 34
3 1 0 1 1 1 34
3 1 0 1 1 1 34
3 1 0 1 1 1 34
3 0 0 1 1 1 34
3 0 0 1 1 1 34
4 1 0 1 1 1 34
4 1 0 1 1 1 34
4 1 0 1 1 1 34
4 1 0 1 1 1 34
4 1 0 1 1 1 34
4 1 0 1 1 1 34
4 1 0 1 1 1 34
4 0 0 1 1 1 34
4 0 0 1 1 1 34
#SOLUTION-AFT
 0  0  0  0 
 0  0  0  47 
 37  5  0  35 
 6  18  0  4 
 45  17  27  21 
 10  3  8  19 
 31  11  23  34 
 20  28  42  33 
 36  7  32  26 
#SOLUTION-FWD
 0  0  0  0 
 0  0  0  47 
 37  5  0  35 
 6  18  0  4 
 24  43  14  15 
 38  40  25  44 
 2  12  9  30 
 22  41  1  29 
 13  46  16  39 
#INFO
cap20: 40  cap40: 7  reefer: 0  HC: 1  capacity: 75.000000 TEU: 72