1 23 0 3 24 1 8
#POD
4 
#LOCATIONS
14 
#CONTAINERS_TOLOAD
0 0 0 26940.00 2.59 40 4 0 14 0
0 0 0 27500.00 2.59 40 4 0 14 0
0 0 0 19004.00 2.90 40 4 1 14 0
0 0 0 25876.00 2.59 40 4 0 14 0
0 0 0 25740.00 2.59 40 4 0 14 0
0 0 0 27360.00 2.59 40 4 0 14 0
0 0 0 26480.00 2.59 40 4 0 14 0
0 0 0 26480.00 2.59 40 4 0 14 0
0 0 0 25782.00 2.59 40 4 0 14 0
0 0 0 25620.00 2.59 40 4 0 14 0
0 0 0 25310.00 2.59 40 4 0 14 0
0 0 0 20846.00 2.90 40 4 1 14 0
0 0 0 26703.00 2.59 40 4 0 14 0
0 0 0 26460.00 2.59 40 4 0 14 0
0 0 0 27480.00 2.59 40 4 0 14 0
0 0 0 26700.00 2.59 40 4 0 14 0
0 0 0 26480.00 2.59 40 4 0 14 0
0 0 0 26330.00 2.59 40 4 0 14 0
0 0 0 27000.00 2.59 40 4 0 14 0
0 0 0 27378.00 2.59 40 4 0 14 0
0 0 0 26614.00 2.59 40 4 0 14 0
0 0 0 25826.00 2.59 40 4 0 14 0
0 0 0 19633.00 2.90 40 4 1 14 0
#CONTAINERS_LOADED 
#STACKS
340000.000000 21.280000 14
340000.000000 21.280000 14
340000.000000 21.280000 14
#CELLS
1 0 0 1 1 1 14
1 0 1 1 1 1 14
1 0 1 1 1 1 14
1 0 1 1 1 1 14
1 0 1 1 1 1 14
1 0 1 1 1 1 14
1 0 0 1 1 1 14
1 0 0 0 0 1 14
2 0 0 1 1 1 14
2 0 1 1 1 1 14
2 0 1 1 1 1 14
2 0 1 1 1 1 14
2 0 1 1 1 1 14
2 0 1 1 1 1 14
2 0 0 1 1 1 14
2 0 0 0 0 1 14
3 0 0 1 1 1 14
3 0 1 1 1 1 14
3 0 1 1 1 1 14
3 0 1 1 1 1 14
3 0 1 1 1 1 14
3 0 1 1 1 1 14
3 0 0 1 1 1 14
3 0 0 0 0 1 14
#SOLUTION-AFT
 11  13  0 
 10  1  14 
 5  19  17 
 9  6  8 
 22  20  7 
 4  15  21 
 12  3  23 
 18  2  16 
#SOLUTION-FWD
 11  13  0 
 10  1  14 
 5  19  17 
 9  6  8 
 22  20  7 
 4  15  21 
 12  3  23 
 18  2  16 
#INFO
cap20: 0  cap40: 23  reefer: 3  HC: 3  capacity: 95.833333 TEU: 48