2 62 0 8 64 1 8
#POD
3 5 
#LOCATIONS
27 
#CONTAINERS_TOLOAD
0 0 0 24750.00 2.59 40 3 0 27 0
0 0 0 18800.00 2.59 40 3 0 27 0
0 0 0 22000.00 2.59 40 3 0 27 0
0 0 0 8100.00 2.59 40 3 0 27 0
0 0 0 9000.00 2.59 40 3 0 27 0
0 0 0 27950.00 2.59 40 3 0 27 0
0 0 0 25300.00 2.59 40 3 0 27 0
0 0 0 19004.00 2.59 40 3 0 27 0
0 0 0 8800.00 2.59 40 3 0 27 0
0 0 0 29300.00 2.59 40 3 0 27 0
0 0 0 25750.00 2.59 40 3 0 27 0
0 0 0 29850.00 2.59 40 3 0 27 0
0 0 0 12660.00 2.59 40 3 0 27 0
0 0 0 29200.00 2.59 40 3 0 27 0
0 0 0 24120.00 2.59 40 3 0 27 0
0 0 0 23850.00 2.59 40 3 0 27 0
0 0 0 15170.00 2.90 40 5 0 27 0
0 0 0 26000.00 2.59 40 3 0 27 0
0 0 0 16240.00 2.59 40 3 0 27 0
0 0 0 11906.00 2.59 40 3 0 27 0
0 0 0 9200.00 2.59 40 3 0 27 0
0 0 0 25300.00 2.59 40 3 0 27 0
0 0 0 8760.00 2.59 40 3 0 27 0
0 0 0 19426.00 2.59 40 3 0 27 0
0 0 0 17600.00 2.59 40 3 0 27 0
0 0 0 25750.00 2.59 40 3 0 27 0
0 0 0 11483.00 2.59 40 3 0 27 0
0 0 0 23900.00 2.59 40 3 0 27 0
0 0 0 29500.00 2.59 40 3 0 27 0
0 0 0 14880.00 2.90 40 3 0 27 0
0 0 0 27600.00 2.59 40 3 0 27 0
0 0 0 7900.00 2.59 40 3 0 27 0
0 0 0 25300.00 2.59 40 3 0 27 0
0 0 0 29600.00 2.59 40 3 0 27 0
0 0 0 24426.00 2.59 40 3 0 27 0
0 0 0 7700.00 2.59 40 3 0 27 0
0 0 0 25750.00 2.59 40 3 0 27 0
0 0 0 13120.00 2.59 40 3 0 27 0
0 0 0 18800.00 2.59 40 3 0 27 0
0 0 0 25665.00 2.59 40 3 0 27 0
0 0 0 11300.00 2.59 40 3 0 27 0
0 0 0 23800.00 2.59 40 3 0 27 0
0 0 0 8400.00 2.59 40 3 0 27 0
0 0 0 11450.00 2.59 40 3 0 27 0
0 0 0 11500.00 2.59 40 3 0 27 0
0 0 0 28500.00 2.59 40 3 0 27 0
0 0 0 29330.00 2.59 40 3 0 27 0
0 0 0 29050.00 2.59 40 3 0 27 0
0 0 0 20846.00 2.59 40 3 0 27 0
0 0 0 7800.00 2.59 40 3 0 27 0
0 0 0 23600.00 2.59 40 3 0 27 0
0 0 0 7900.00 2.59 40 3 0 27 0
0 0 0 20100.00 2.59 40 3 0 27 0
0 0 0 17180.00 2.59 40 3 0 27 0
0 0 0 25300.00 2.59 40 3 0 27 0
0 0 0 10895.00 2.59 40 3 0 27 0
0 0 0 20130.00 2.59 40 3 0 27 0
0 0 0 9700.00 2.59 40 3 0 27 0
0 0 0 29230.00 2.59 40 3 0 27 0
0 0 0 13390.00 2.59 40 3 0 27 0
0 0 0 29800.00 2.59 40 3 0 27 0
0 0 0 18700.00 2.59 40 3 0 27 0
#CONTAINERS_LOADED 
#STACKS
162000.000000 18.500000 27
162000.000000 21.100000 27
162000.000000 21.100000 27
162000.000000 21.100000 27
162000.000000 21.100000 27
162000.000000 21.100000 27
162000.000000 21.100000 27
162000.000000 18.500000 27
#CELLS
1 0 0 0 0 0 0
1 0 1 1 1 1 27
1 0 1 1 1 1 27
1 0 1 1 1 1 27
1 0 1 1 1 1 27
1 0 0 1 1 1 27
1 0 0 1 1 1 27
1 0 0 1 1 1 27
2 0 1 1 1 1 27
2 0 1 1 1 1 27
2 0 1 1 1 1 27
2 0 1 1 1 1 27
2 0 1 1 1 1 27
2 0 0 1 1 1 27
2 0 0 1 1 1 27
2 0 0 1 1 1 27
3 0 1 1 1 1 27
3 0 1 1 1 1 27
3 0 1 1 1 1 27
3 0 1 1 1 1 27
3 0 1 1 1 1 27
3 0 0 1 1 1 27
3 0 0 1 1 1 27
3 0 0 1 1 1 27
4 0 1 1 1 1 27
4 0 1 1 1 1 27
4 0 1 1 1 1 27
4 0 1 1 1 1 27
4 0 1 1 1 1 27
4 0 0 1 1 1 27
4 0 0 1 1 1 27
4 0 0 1 1 1 27
5 0 1 1 1 1 27
5 0 1 1 1 1 27
5 0 1 1 1 1 27
5 0 1 1 1 1 27
5 0 1 1 1 1 27
5 0 0 1 1 1 27
5 0 0 1 1 1 27
5 0 0 1 1 1 27
6 0 1 1 1 1 27
6 0 1 1 1 1 27
6 0 1 1 1 1 27
6 0 1 1 1 1 27
6 0 1 1 1 1 27
6 0 0 1 1 1 27
6 0 0 1 1 1 27
6 0 0 1 1 1 27
7 0 1 1 1 1 27
7 0 1 1 1 1 27
7 0 1 1 1 1 27
7 0 1 1 1 1 27
7 0 1 1 1 1 27
7 0 0 1 1 1 27
7 0 0 1 1 1 27
7 0 0 1 1 1 27
8 0 0 0 0 0 0
8 0 1 1 1 1 27
8 0 1 1 1 1 27
8 0 1 1 1 1 27
8 0 1 1 1 1 27
8 0 0 1 1 1 27
8 0 0 1 1 1 27
8 0 0 1 1 1 27
#SOLUTION-AFT
 36  24  45  37  10  60  9  19 
 50  53  20  18  47  30  5  54 
 52  57  13  31  29  7  21  25 
 32  3  38  6  34  55  58  62 
 4  51  15  46  61  22  56  39 
 43  42  35  48  12  40  41  2 
 23  16  1  14  8  11  44  17 
 0  28  33  59  49  26  27  0 
#SOLUTION-FWD
 36  24  45  37  10  60  9  19 
 50  53  20  18  47  30  5  54 
 52  57  13  31  29  7  21  25 
 32  3  38  6  34  55  58  62 
 4  51  15  46  61  22  56  39 
 43  42  35  48  12  40  41  2 
 23  16  1  14  8  11  44  17 
 0  28  33  59  49  26  27  0 
#INFO
cap20: 0  cap40: 62  reefer: 0  HC: 2  capacity: 100.000000 TEU: 124