3 75 16 10 90 1 9
#POD
2 5 7 
#LOCATIONS
48 
#CONTAINERS_TOLOAD
0 0 0 8100.00 2.59 40 2 0 48 0
0 0 0 8600.00 2.59 40 2 0 48 0
0 0 0 14100.00 2.90 40 2 0 48 0
0 0 0 8700.00 2.59 40 2 0 48 0
0 0 0 7900.00 2.59 40 2 0 48 0
0 0 0 13800.00 2.90 40 2 0 48 0
0 0 0 12400.00 2.59 40 5 0 48 0
0 0 0 16500.00 2.59 20 2 0 48 0
0 0 0 3800.00 2.59 20 2 0 48 0
0 0 0 8500.00 2.59 40 2 0 48 0
0 0 0 13900.00 2.90 40 5 0 48 0
0 0 0 13300.00 2.59 40 5 0 48 0
0 0 0 7200.00 2.59 40 2 0 48 0
0 0 0 29000.00 2.59 40 2 0 48 0
0 0 0 9800.00 2.59 40 2 0 48 0
0 0 0 28800.00 2.59 40 2 0 48 0
0 0 0 12400.00 2.59 40 5 0 48 0
0 0 0 4200.00 2.59 20 2 0 48 0
0 0 0 29200.00 2.59 40 2 0 48 0
0 0 0 7600.00 2.59 40 2 0 48 0
0 0 0 8100.00 2.59 40 2 0 48 0
0 0 0 13200.00 2.59 40 5 0 48 0
0 0 0 9100.00 2.59 40 2 0 48 0
0 0 0 29300.00 2.59 40 2 0 48 0
0 0 0 11000.00 2.59 40 5 0 48 0
0 0 0 13600.00 2.90 40 5 0 48 0
0 0 0 7700.00 2.59 40 2 0 48 0
0 0 0 14300.00 2.90 40 2 0 48 0
0 0 0 4800.00 2.59 20 2 0 48 0
0 0 0 28700.00 2.59 40 2 0 48 0
0 0 0 23000.00 2.59 40 5 0 48 0
0 0 0 29600.00 2.59 40 2 0 48 0
0 0 0 14100.00 2.90 40 2 0 48 0
0 0 0 14000.00 2.90 40 2 0 48 0
0 0 0 13900.00 2.59 40 5 0 48 0
0 0 0 11200.00 2.59 40 5 0 48 0
0 0 0 10300.00 2.59 40 5 0 48 0
0 0 0 8700.00 2.59 40 2 0 48 0
0 0 0 28600.00 2.59 40 2 0 48 0
0 0 0 13900.00 2.90 40 2 0 48 0
0 0 0 29100.00 2.59 40 2 0 48 0
0 0 0 29400.00 2.59 40 2 0 48 0
0 0 0 28900.00 2.59 40 2 0 48 0
0 0 0 14500.00 2.59 40 5 0 48 0
0 0 0 13900.00 2.59 40 5 0 48 0
0 0 0 8600.00 2.59 40 2 0 48 0
0 0 0 10500.00 2.59 40 5 0 48 0
0 0 0 16300.00 2.59 20 2 0 48 0
0 0 0 8500.00 2.59 40 2 0 48 0
0 0 0 8400.00 2.59 40 2 0 48 0
0 0 0 12500.00 2.59 20 2 0 48 0
0 0 0 15100.00 2.59 40 5 0 48 0
0 0 0 6900.00 2.59 40 2 0 48 0
0 0 0 29400.00 2.59 40 2 0 48 0
0 0 0 10400.00 2.59 40 5 0 48 0
0 0 0 4900.00 2.59 20 2 0 48 0
0 0 0 23700.00 2.59 20 2 0 48 0
0 0 0 8200.00 2.59 40 2 0 48 0
0 0 0 23700.00 2.59 20 2 0 48 0
0 0 0 11900.00 2.59 40 5 0 48 0
0 0 0 10100.00 2.59 40 5 0 48 0
0 0 0 7600.00 2.59 40 2 0 48 0
0 0 0 29400.00 2.59 40 2 0 48 0
0 0 0 28700.00 2.59 40 2 0 48 0
0 0 0 16100.00 2.90 40 5 0 48 0
0 0 0 8400.00 2.59 20 2 0 48 0
0 0 0 8600.00 2.59 40 2 0 48 0
0 0 0 29000.00 2.59 40 2 0 48 0
0 0 0 29100.00 2.59 40 2 0 48 0
0 0 0 7800.00 2.59 40 2 0 48 0
0 0 0 5800.00 2.59 40 2 0 48 0
0 0 0 10000.00 2.59 40 2 0 48 0
0 0 0 28900.00 2.59 40 2 0 48 0
0 0 0 29800.00 2.59 40 2 0 48 0
0 0 0 12100.00 2.59 40 5 0 48 0
#CONTAINERS_LOADED 
6 5 0 22000.00 2.90 40 5 0 48 0
6 7 0 18300.00 2.90 40 5 0 48 0
6 2 0 20700.00 2.90 40 7 0 48 0
5 6 0 19200.00 2.90 40 7 0 48 0
5 4 0 24000.00 2.90 40 7 0 48 0
10 2 0 7800.00 2.59 40 5 0 48 0
6 8 0 18900.00 2.59 40 5 0 48 0
5 2 0 21400.00 2.90 40 7 0 48 0
6 4 0 21600.00 2.90 40 5 0 48 0
5 7 0 10100.00 2.90 40 7 0 48 0
5 1 0 20300.00 2.90 40 7 0 48 0
5 5 0 23900.00 2.90 40 7 0 48 0
5 3 0 23900.00 2.90 40 7 0 48 0
6 6 0 22000.00 2.90 40 5 0 48 0
6 1 0 23200.00 2.90 40 7 0 48 0
6 3 0 20600.00 2.90 40 5 0 48 0
#STACKS
420000.000000 21.200000 48
420000.000000 23.800000 48
420000.000000 23.800000 48
420000.000000 23.800000 48
420000.000000 23.800000 48
420000.000000 23.800000 48
420000.000000 23.800000 48
420000.000000 23.800000 48
420000.000000 23.800000 48
420000.000000 21.200000 48
#CELLS
1 0 0 0 0 0 0
1 0 0 1 1 1 48
1 0 0 1 1 1 48
1 0 0 1 1 1 48
1 0 0 1 1 1 48
1 0 0 0 0 1 48
1 0 0 0 0 1 48
1 0 0 0 0 1 48
1 0 0 0 0 1 48
2 0 0 1 1 1 48
2 0 0 1 1 1 48
2 0 0 1 1 1 48
2 0 0 1 1 1 48
2 0 0 0 0 1 48
2 0 0 0 0 1 48
2 0 0 0 0 1 48
2 0 0 0 0 1 48
2 0 0 0 0 1 48
3 0 0 1 1 1 48
3 0 0 1 1 1 48
3 0 0 1 1 1 48
3 0 0 1 1 1 48
3 0 0 0 0 1 48
3 0 0 0 0 1 48
3 0 0 0 0 1 48
3 0 0 0 0 1 48
3 0 0 0 0 1 48
4 0 0 1 1 1 48
4 0 0 1 1 1 48
4 0 0 1 1 1 48
4 0 0 1 1 1 48
4 0 0 0 0 1 48
4 0 0 0 0 1 48
4 0 0 0 0 1 48
4 0 0 0 0 1 48
4 0 0 0 0 1 48
5 0 0 1 1 1 48
5 0 0 1 1 1 48
5 0 0 1 1 1 48
5 0 0 1 1 1 48
5 0 0 0 0 1 48
5 0 0 0 0 1 48
5 0 0 0 0 1 48
5 0 0 0 0 1 48
5 0 0 0 0 1 48
6 0 0 1 1 1 48
6 0 0 1 1 1 48
6 0 0 1 1 1 48
6 0 0 1 1 1 48
6 0 0 0 0 1 48
6 0 0 0 0 1 48
6 0 0 0 0 1 48
6 0 0 0 0 1 48
6 0 0 0 0 1 48
7 0 0 1 1 1 48
7 0 0 1 1 1 48
7 0 0 1 1 1 48
7 0 0 1 1 1 48
7 0 0 0 0 1 48
7 0 0 0 0 1 48
7 0 0 0 0 1 48
7 0 0 0 0 1 48
7 0 0 0 0 1 48
8 0 0 1 1 1 48
8 0 0 1 1 1 48
8 0 0 1 1 1 48
8 0 0 1 1 1 48
8 0 0 0 0 1 48
8 0 0 0 0 1 48
8 0 0 0 0 1 48
8 0 0 0 0 1 48
8 0 0 0 0 1 48
9 0 0 1 1 1 48
9 0 0 1 1 1 48
9 0 0 1 1 1 48
9 0 0 1 1 1 48
9 0 0 0 0 1 48
9 0 0 0 0 1 48
9 0 0 0 0 1 48
9 0 0 0 0 1 48
9 0 0 0 0 1 48
10 0 0 0 0 0 0
10 0 0 1 1 1 48
10 0 0 1 1 1 48
10 0 0 1 1 1 48
10 0 0 1 1 1 48
10 0 0 0 0 1 48
10 0 0 0 0 1 48
10 0 0 0 0 1 48
10 0 0 0 0 1 48
#SOLUTION-AFT
 61  75  70  33  0  0  2  50  40  71 
 37  7  5  69  28  82  46  49  39  53 
 55  17  21  19  85  77  67  10  64  13 
 47  22  1  24  79  89  38  34  30  62 
 25  12  58  42  87  76  4  68  16  20 
 36  45  14  63  80  84  23  41  73  27 
 60  35  52  54  88  91  15  29  43  6 
 26  11  65  32  83  78  72  66  18  81 
 0  44  31  74  86  90  3  8  57  0 
#SOLUTION-FWD
 61  75  70  33  0  0  2  50  40  71 
 37  7  5  69  28  82  46  49  39  53 
 55  17  21  19  85  77  67  10  64  13 
 47  22  1  24  79  89  38  34  30  62 
 25  12  58  42  87  76  4  68  16  20 
 36  45  14  63  80  84  23  41  73  27 
 60  35  52  54  88  91  15  56  43  6 
 26  11  65  32  83  78  72  51  9  81 
 0  44  31  74  86  90  3  48  59  0 
#INFO
cap20: 10  cap40: 81  reefer: 0  HC: 23  capacity: 97.727273 TEU: 176