2 54 0 8 64 1 8
#POD
4 5 
#LOCATIONS
55 
#CONTAINERS_TOLOAD
0 0 0 22000.00 2.59 40 4 0 55 0
0 0 0 13000.00 2.59 40 4 0 55 0
0 0 0 11199.00 2.59 40 4 0 55 0
0 0 0 14140.00 2.59 40 4 0 55 0
0 0 0 9600.00 2.59 40 4 0 55 0
0 0 0 23000.00 2.59 40 4 0 55 0
0 0 0 9600.00 2.59 40 4 0 55 0
0 0 0 14000.00 2.59 40 4 0 55 0
0 0 0 22500.00 2.90 40 5 1 55 0
0 0 0 21500.00 2.90 40 5 1 55 0
0 0 0 8560.00 2.59 40 4 0 55 0
0 0 0 9600.00 2.59 40 4 0 55 0
0 0 0 21500.00 2.90 40 5 1 55 0
0 0 0 11990.00 2.59 40 4 0 55 0
0 0 0 13000.00 2.59 40 4 0 55 0
0 0 0 21200.00 2.90 40 5 1 55 0
0 0 0 22000.00 2.59 40 4 0 55 0
0 0 0 12000.00 2.59 40 4 0 55 0
0 0 0 10600.00 2.90 40 4 0 55 0
0 0 0 22500.00 2.90 40 5 1 55 0
0 0 0 21000.00 2.59 40 4 0 55 0
0 0 0 13260.00 2.59 40 4 0 55 0
0 0 0 11199.00 2.59 40 4 0 55 0
0 0 0 10600.00 2.90 40 4 0 55 0
0 0 0 8180.00 2.59 40 4 0 55 0
0 0 0 22100.00 2.90 40 5 1 55 0
0 0 0 9600.00 2.59 40 4 0 55 0
0 0 0 10100.00 2.59 40 4 0 55 0
0 0 0 22200.00 2.90 40 5 1 55 0
0 0 0 22000.00 2.59 40 4 0 55 0
0 0 0 12000.00 2.59 40 4 0 55 0
0 0 0 9600.00 2.59 40 4 0 55 0
0 0 0 14000.00 2.59 40 4 0 55 0
0 0 0 9600.00 2.59 40 4 0 55 0
0 0 0 13000.00 2.59 40 4 0 55 0
0 0 0 22400.00 2.90 40 5 1 55 0
0 0 0 15000.00 2.59 40 4 0 55 0
0 0 0 14300.00 2.59 40 4 0 55 0
0 0 0 11199.00 2.59 40 4 0 55 0
0 0 0 10000.00 2.90 40 4 0 55 0
0 0 0 21700.00 2.90 40 5 1 55 0
0 0 0 10000.00 2.59 40 4 0 55 0
0 0 0 12000.00 2.59 40 4 0 55 0
0 0 0 21000.00 2.59 40 4 0 55 0
0 0 0 10320.00 2.90 40 4 0 55 0
0 0 0 22000.00 2.59 40 4 0 55 0
0 0 0 9600.00 2.59 40 4 0 55 0
0 0 0 9700.00 2.59 40 4 0 55 0
0 0 0 22200.00 2.90 40 5 1 55 0
0 0 0 11199.00 2.59 40 4 0 55 0
0 0 0 22400.00 2.90 40 5 1 55 0
0 0 0 22100.00 2.90 40 5 1 55 0
0 0 0 12699.00 2.59 40 4 0 55 0
0 0 0 15900.00 2.90 40 5 1 55 0
#CONTAINERS_LOADED 
#STACKS
236600.000000 18.500000 55
229200.000000 18.500000 55
224200.000000 21.100000 55
224200.000000 21.100000 55
224200.000000 21.100000 55
224200.000000 21.100000 55
229200.000000 18.500000 55
236600.000000 18.500000 55
#CELLS
1 0 0 0 0 0 0
1 0 0 0 0 0 0
1 0 0 1 1 1 55
1 0 0 1 1 1 55
1 0 0 1 1 1 55
1 0 0 1 1 1 55
1 0 0 1 1 1 55
1 0 0 1 1 1 55
2 0 0 0 0 0 0
2 0 0 1 1 1 55
2 0 0 1 1 1 55
2 0 1 1 1 1 55
2 0 1 1 1 1 55
2 0 1 1 1 1 55
2 0 0 1 1 1 55
2 0 0 1 1 1 55
3 0 0 1 1 1 55
3 0 0 1 1 1 55
3 0 0 1 1 1 55
3 0 1 1 1 1 55
3 0 1 1 1 1 55
3 0 1 1 1 1 55
3 0 0 1 1 1 55
3 0 0 0 0 1 55
4 0 0 1 1 1 55
4 0 0 1 1 1 55
4 0 0 1 1 1 55
4 0 0 1 1 1 55
4 0 0 1 1 1 55
4 0 0 1 1 1 55
4 0 0 1 1 1 55
4 0 0 0 0 1 55
5 0 0 1 1 1 55
5 0 0 1 1 1 55
5 0 0 1 1 1 55
5 0 0 1 1 1 55
5 0 1 1 1 1 55
5 0 1 1 1 1 55
5 0 0 1 1 1 55
5 0 0 0 0 1 55
6 0 0 1 1 1 55
6 0 0 1 1 1 55
6 0 0 1 1 1 55
6 0 1 1 1 1 55
6 0 1 1 1 1 55
6 0 1 1 1 1 55
6 0 0 1 1 1 55
6 0 0 0 0 1 55
7 0 0 0 0 0 0
7 0 0 1 1 1 55
7 0 0 1 1 1 55
7 0 1 1 1 1 55
7 0 1 1 1 1 55
7 0 1 1 1 1 55
7 0 0 1 1 1 55
7 0 0 1 1 1 55
8 0 0 0 0 0 0
8 0 0 0 0 0 0
8 0 0 1 1 1 55
8 0 0 1 1 1 55
8 0 0 1 1 1 55
8 0 0 1 1 1 55
8 0 0 1 1 1 55
8 0 0 1 1 1 55
#SOLUTION-AFT
 25  0  0  50  35  0  0  32 
 11  42  40  14  22  45  30  34 
 27  16  26  31  33  36  54  47 
 12  10  29  43  20  51  41  5 
 44  13  49  18  8  9  52  7 
 21  28  3  53  4  19  17  48 
 0  39  23  2  38  24  1  0 
 0  0  46  15  37  6  0  0 
#SOLUTION-FWD
 25  0  0  50  35  0  0  32 
 11  42  40  14  22  45  30  34 
 27  16  26  31  33  36  54  47 
 12  10  29  43  20  51  41  5 
 44  13  49  18  8  9  52  7 
 21  28  3  53  4  19  17  48 
 0  39  23  2  38  24  1  0 
 0  0  46  15  37  6  0  0 
#INFO
cap20: 0  cap40: 54  reefer: 13  HC: 17  capacity: 93.103448 TEU: 116