2 23 0 3 24 1 8
#POD
8 9 
#LOCATIONS
10 
#CONTAINERS_TOLOAD
0 0 0 11402.00 2.59 40 8 0 10 0
0 0 0 11574.00 2.90 40 9 0 10 0
0 0 0 11704.00 2.59 40 8 0 10 0
0 0 0 11631.00 2.59 40 8 0 10 0
0 0 0 8495.00 2.90 40 8 0 10 0
0 0 0 11000.00 2.59 40 8 0 10 0
0 0 0 8074.00 2.90 40 9 0 10 0
0 0 0 2000.00 2.59 20 8 0 10 0
0 0 0 11133.00 2.90 40 9 0 10 0
0 0 0 11401.00 2.59 40 8 0 10 0
0 0 0 9560.00 2.90 40 8 0 10 0
0 0 0 8440.00 2.90 40 8 0 10 0
0 0 0 10155.00 2.90 40 8 0 10 0
0 0 0 8014.00 2.90 40 8 0 10 0
0 0 0 11316.00 2.59 40 8 0 10 0
0 0 0 2000.00 2.59 20 8 0 10 0
0 0 0 2000.00 2.59 20 8 0 10 0
0 0 0 11000.00 2.59 40 8 0 10 0
0 0 0 2000.00 2.59 20 8 0 10 0
0 0 0 2000.00 2.59 20 8 0 10 0
0 0 0 11175.00 2.59 40 8 0 10 0
0 0 0 2000.00 2.59 20 8 0 10 0
0 0 0 24968.00 2.59 40 8 0 10 0
#CONTAINERS_LOADED 
#STACKS
270000.000000 18.500000 10
270000.000000 21.100000 10
270000.000000 18.500000 10
#CELLS
1 0 0 0 0 0 0
1 0 0 1 1 1 10
1 0 0 1 1 1 10
1 0 0 1 1 1 10
1 0 0 1 1 1 10
1 0 0 1 1 1 10
1 0 0 1 1 1 10
1 0 0 1 1 1 10
2 0 0 1 1 1 10
2 0 0 1 1 1 10
2 0 0 1 1 1 10
2 0 0 1 1 1 10
2 0 0 1 1 1 10
2 0 0 1 1 1 10
2 0 0 1 1 1 10
2 0 0 1 1 1 10
3 0 0 0 0 0 0
3 0 0 1 1 1 10
3 0 0 1 1 1 10
3 0 0 1 1 1 10
3 0 0 1 1 1 10
3 0 0 1 1 1 10
3 0 0 1 1 1 10
3 0 0 1 1 1 10
#SOLUTION-AFT
 0  13  0 
 23  18  12 
 14  21  5 
 6  15  11 
 7  10  17 
 9  1  16 
 2  4  19 
 0  3  0 
#SOLUTION-FWD
 0  13  0 
 23  18  12 
 14  21  5 
 6  15  11 
 7  10  22 
 9  1  8 
 2  4  20 
 0  3  0 
#INFO
cap20: 6  cap40: 17  reefer: 0  HC: 8  capacity: 90.909091 TEU: 44