1 100 0 5 65 1 13
#POD
5 
#LOCATIONS
22 
#CONTAINERS_TOLOAD
0 0 0 28699.00 2.59 20 5 0 22 0
0 0 0 28600.00 2.59 20 5 0 22 0
0 0 0 4200.00 2.59 20 5 0 22 0
0 0 0 28699.00 2.59 20 5 0 22 0
0 0 0 5099.00 2.59 20 5 0 22 0
0 0 0 28500.00 2.59 20 5 0 22 0
0 0 0 28600.00 2.59 20 5 0 22 0
0 0 0 28600.00 2.59 20 5 0 22 0
0 0 0 29100.00 2.59 20 5 0 22 0
0 0 0 28300.00 2.59 20 5 0 22 0
0 0 0 28699.00 2.59 20 5 0 22 0
0 0 0 28699.00 2.59 20 5 0 22 0
0 0 0 4799.00 2.59 20 5 0 22 0
0 0 0 28699.00 2.59 20 5 0 22 0
0 0 0 28399.00 2.59 20 5 0 22 0
0 0 0 28300.00 2.59 20 5 0 22 0
0 0 0 28699.00 2.59 20 5 0 22 0
0 0 0 28699.00 2.59 20 5 0 22 0
0 0 0 29000.00 2.59 20 5 0 22 0
0 0 0 28699.00 2.59 20 5 0 22 0
0 0 0 3799.00 2.59 20 5 0 22 0
0 0 0 24899.00 2.59 20 5 0 22 0
0 0 0 28899.00 2.59 20 5 0 22 0
0 0 0 25899.00 2.59 20 5 0 22 0
0 0 0 28399.00 2.59 20 5 0 22 0
0 0 0 26899.00 2.59 20 5 0 22 0
0 0 0 25500.00 2.59 20 5 0 22 0
0 0 0 26899.00 2.59 20 5 0 22 0
0 0 0 28600.00 2.59 20 5 0 22 0
0 0 0 28800.00 2.59 20 5 0 22 0
0 0 0 6700.00 2.59 20 5 0 22 0
0 0 0 26600.00 2.59 20 5 0 22 0
0 0 0 6200.00 2.59 20 5 0 22 0
0 0 0 3700.00 2.59 20 5 0 22 0
0 0 0 25800.00 2.59 20 5 0 22 0
0 0 0 28699.00 2.59 20 5 0 22 0
0 0 0 24899.00 2.59 20 5 0 22 0
0 0 0 28600.00 2.59 20 5 0 22 0
0 0 0 26899.00 2.59 20 5 0 22 0
0 0 0 28500.00 2.59 20 5 0 22 0
0 0 0 28899.00 2.59 20 5 0 22 0
0 0 0 28600.00 2.59 20 5 0 22 0
0 0 0 26100.00 2.59 20 5 0 22 0
0 0 0 25899.00 2.59 20 5 0 22 0
0 0 0 28699.00 2.59 20 5 0 22 0
0 0 0 28600.00 2.59 20 5 0 22 0
0 0 0 26500.00 2.59 20 5 0 22 0
0 0 0 26600.00 2.59 20 5 0 22 0
0 0 0 26100.00 2.59 20 5 0 22 0
0 0 0 28699.00 2.59 20 5 0 22 0
0 0 0 28500.00 2.59 20 5 0 22 0
0 0 0 26100.00 2.59 20 5 0 22 0
0 0 0 28699.00 2.59 20 5 0 22 0
0 0 0 28600.00 2.59 20 5 0 22 0
0 0 0 28699.00 2.59 20 5 0 22 0
0 0 0 5000.00 2.59 20 5 0 22 0
0 0 0 28800.00 2.59 20 5 0 22 0
0 0 0 29000.00 2.59 20 5 0 22 0
0 0 0 28100.00 2.59 20 5 0 22 0
0 0 0 28100.00 2.59 20 5 0 22 0
0 0 0 5400.00 2.59 20 5 0 22 0
0 0 0 28699.00 2.59 20 5 0 22 0
0 0 0 29000.00 2.59 20 5 0 22 0
0 0 0 28699.00 2.59 20 5 0 22 0
0 0 0 28899.00 2.59 20 5 0 22 0
0 0 0 28699.00 2.59 20 5 0 22 0
0 0 0 26100.00 2.59 20 5 0 22 0
0 0 0 28699.00 2.59 20 5 0 22 0
0 0 0 24800.00 2.59 20 5 0 22 0
0 0 0 28699.00 2.59 20 5 0 22 0
0 0 0 26100.00 2.59 20 5 0 22 0
0 0 0 28699.00 2.59 20 5 0 22 0
0 0 0 28600.00 2.59 20 5 0 22 0
0 0 0 28699.00 2.59 20 5 0 22 0
0 0 0 28100.00 2.59 20 5 0 22 0
0 0 0 26500.00 2.59 20 5 0 22 0
0 0 0 28500.00 2.59 20 5 0 22 0
0 0 0 28500.00 2.59 20 5 0 22 0
0 0 0 28800.00 2.59 20 5 0 22 0
0 0 0 28899.00 2.59 20 5 0 22 0
0 0 0 28600.00 2.59 20 5 0 22 0
0 0 0 28100.00 2.59 20 5 0 22 0
0 0 0 29100.00 2.59 20 5 0 22 0
0 0 0 28600.00 2.59 20 5 0 22 0
0 0 0 28000.00 2.59 20 5 0 22 0
0 0 0 29000.00 2.59 20 5 0 22 0
0 0 0 28300.00 2.59 20 5 0 22 0
0 0 0 28800.00 2.59 20 5 0 22 0
0 0 0 28699.00 2.59 20 5 0 22 0
0 0 0 28699.00 2.59 20 5 0 22 0
0 0 0 28800.00 2.59 20 5 0 22 0
0 0 0 5200.00 2.59 20 5 0 22 0
0 0 0 28100.00 2.59 20 5 0 22 0
0 0 0 28600.00 2.59 20 5 0 22 0
0 0 0 5799.00 2.59 20 5 0 22 0
0 0 0 24800.00 2.59 20 5 0 22 0
0 0 0 28100.00 2.59 20 5 0 22 0
0 0 0 28800.00 2.59 20 5 0 22 0
0 0 0 28000.00 2.59 20 5 0 22 0
0 0 0 28699.00 2.59 20 5 0 22 0
#CONTAINERS_LOADED 
#STACKS
540000.000000 34.110000 22
540000.000000 34.110000 22
540000.000000 34.110000 22
540000.000000 34.110000 22
540000.000000 34.110000 22
#CELLS
1 0 0 1 1 0 22
1 0 0 1 1 0 22
1 0 0 1 1 0 22
1 0 0 1 1 0 22
1 0 0 1 1 0 22
1 0 0 1 1 0 22
1 0 0 1 1 0 22
1 0 0 1 1 0 22
1 0 0 1 1 0 22
1 0 0 1 1 0 22
1 0 0 1 1 0 22
1 0 0 1 1 0 22
1 0 0 1 1 0 22
2 0 0 1 1 0 22
2 0 0 1 1 0 22
2 0 0 1 1 0 22
2 0 0 1 1 0 22
2 0 0 1 1 0 22
2 0 0 1 1 0 22
2 0 0 1 1 0 22
2 0 0 1 1 0 22
2 0 0 1 1 0 22
2 0 0 1 1 0 22
2 0 0 1 1 0 22
2 0 0 1 1 0 22
2 0 0 1 1 0 22
3 0 0 1 1 0 22
3 0 0 1 1 0 22
3 0 0 1 1 0 22
3 0 0 1 1 0 22
3 0 0 1 1 0 22
3 0 0 1 1 0 22
3 0 0 1 1 0 22
3 0 0 1 1 0 22
3 0 0 1 1 0 22
3 0 0 1 1 0 22
3 0 0 1 1 0 22
3 0 0 1 1 0 22
3 0 0 1 1 0 22
4 0 0 1 1 0 22
4 0 0 1 1 0 22
4 0 0 1 1 0 22
4 0 0 1 1 0 22
4 0 0 1 1 0 22
4 0 0 1 1 0 22
4 0 0 1 1 0 22
4 0 0 1 1 0 22
4 0 0 1 1 0 22
4 0 0 1 1 0 22
4 0 0 1 1 0 22
4 0 0 1 1 0 22
4 0 0 1 1 0 22
5 0 0 1 1 0 22
5 0 0 1 1 0 22
5 0 0 1 1 0 22
5 0 0 1 1 0 22
5 0 0 1 1 0 22
5 0 0 1 1 0 22
5 0 0 1 1 0 22
5 0 0 1 1 0 22
5 0 0 1 1 0 22
5 0 0 1 1 0 22
5 0 0 1 1 0 22
5 0 0 1 1 0 22
5 0 0 1 1 0 22
#SOLUTION-AFT
 0  0  0  0  0 
 0  0  0  0  0 
 0  0  21  92  0 
 0  0  13  33  69 
 17  66  5  31  22 
 88  36  99  77  35 
 57  50  60  46  24 
 79  14  75  38  49 
 23  11  97  7  43 
 65  68  87  2  67 
 19  64  15  84  48 
 63  90  25  42  32 
 9  45  40  72  26 
#SOLUTION-FWD
 0  0  0  0  0 
 0  0  0  0  0 
 0  0  34  61  0 
 0  0  3  95  96 
 18  20  56  78  37 
 91  70  85  73  27 
 98  12  93  81  44 
 30  89  59  8  71 
 41  55  82  54  52 
 80  100  16  29  76 
 58  74  10  94  47 
 86  4  51  62  39 
 83  1  6  53  28 
#INFO
cap20: 100  cap40: 0  reefer: 0  HC: 0  capacity: 76.923077 TEU: 130