1 15 0 3 21 1 7
#POD
6 
#LOCATIONS
32 
#CONTAINERS_TOLOAD
0 0 0 4000.00 2.90 40 6 0 32 0
0 0 0 4000.00 2.90 40 6 0 32 0
0 0 0 4000.00 2.90 40 6 0 32 0
0 0 0 4000.00 2.90 40 6 0 32 0
0 0 0 4000.00 2.90 40 6 0 32 0
0 0 0 4000.00 2.90 40 6 0 32 0
0 0 0 4000.00 2.90 40 6 0 32 0
0 0 0 4000.00 2.90 40 6 0 32 0
0 0 0 4000.00 2.90 40 6 0 32 0
0 0 0 4000.00 2.90 40 6 0 32 0
0 0 0 4000.00 2.90 40 6 0 32 0
0 0 0 4000.00 2.90 40 6 0 32 0
0 0 0 4000.00 2.90 40 6 0 32 0
0 0 0 4000.00 2.90 40 6 0 32 0
0 0 0 19004.00 2.90 40 6 1 32 0
#CONTAINERS_LOADED 
#STACKS
336000.000000 18.690000 32
336000.000000 18.690000 32
336000.000000 18.690000 32
#CELLS
1 0 0 1 1 1 32
1 0 1 1 1 1 32
1 0 1 1 1 1 32
1 0 1 1 1 1 32
1 0 1 1 1 1 32
1 0 0 1 1 1 32
1 0 0 1 1 1 32
2 0 0 1 1 1 32
2 0 0 1 1 1 32
2 0 0 1 1 1 32
2 0 0 1 1 1 32
2 0 0 1 1 1 32
2 0 0 1 1 1 32
2 0 0 1 1 1 32
3 0 0 1 1 1 32
3 0 0 1 1 1 32
3 0 0 1 1 1 32
3 0 0 1 1 1 32
3 0 0 1 1 1 32
3 0 0 1 1 1 32
3 0 0 1 1 1 32
#SOLUTION-AFT
 0  0  0 
 0  11  4 
 0  3  9 
 0  5  12 
 7  8  14 
 15  10  13 
 6  1  2 
#SOLUTION-FWD
 0  0  0 
 0  11  4 
 0  3  9 
 0  5  12 
 7  8  14 
 15  10  13 
 6  1  2 
#INFO
cap20: 0  cap40: 15  reefer: 1  HC: 15  capacity: 71.428571 TEU: 42