2 89 0 8 72 1 9
#POD
7 9 
#LOCATIONS
23 
#CONTAINERS_TOLOAD
0 0 0 2000.00 2.59 20 7 0 23 0
0 0 0 2000.00 2.59 20 7 0 23 0
0 0 0 2200.00 2.59 20 9 0 23 0
0 0 0 2000.00 2.59 20 7 0 23 0
0 0 0 2000.00 2.59 20 7 0 23 0
0 0 0 2000.00 2.59 20 7 0 23 0
0 0 0 2000.00 2.59 20 7 0 23 0
0 0 0 2000.00 2.59 20 7 0 23 0
0 0 0 2200.00 2.59 20 9 0 23 0
0 0 0 2000.00 2.59 20 7 0 23 0
0 0 0 2000.00 2.59 20 7 0 23 0
0 0 0 2000.00 2.59 20 7 0 23 0
0 0 0 2000.00 2.59 20 7 0 23 0
0 0 0 2000.00 2.59 20 7 0 23 0
0 0 0 2000.00 2.59 20 7 0 23 0
0 0 0 2200.00 2.59 20 9 0 23 0
0 0 0 2000.00 2.59 20 7 0 23 0
0 0 0 2200.00 2.59 20 9 0 23 0
0 0 0 2000.00 2.59 20 7 0 23 0
0 0 0 2200.00 2.59 20 9 0 23 0
0 0 0 2200.00 2.59 20 9 0 23 0
0 0 0 2000.00 2.59 20 7 0 23 0
0 0 0 2000.00 2.59 20 7 0 23 0
0 0 0 2000.00 2.59 20 7 0 23 0
0 0 0 2000.00 2.59 20 7 0 23 0
0 0 0 2200.00 2.59 20 9 0 23 0
0 0 0 2000.00 2.59 20 7 0 23 0
0 0 0 2200.00 2.59 20 9 0 23 0
0 0 0 2000.00 2.59 20 7 0 23 0
0 0 0 2000.00 2.59 20 7 0 23 0
0 0 0 2000.00 2.59 20 7 0 23 0
0 0 0 2000.00 2.59 20 7 0 23 0
0 0 0 2000.00 2.59 20 7 0 23 0
0 0 0 2000.00 2.59 20 7 0 23 0
0 0 0 2000.00 2.59 20 7 0 23 0
0 0 0 2200.00 2.59 20 9 0 23 0
0 0 0 2000.00 2.59 20 7 0 23 0
0 0 0 2000.00 2.59 20 7 0 23 0
0 0 0 2000.00 2.59 20 7 0 23 0
0 0 0 2000.00 2.59 20 7 0 23 0
0 0 0 2200.00 2.59 20 9 0 23 0
0 0 0 2000.00 2.59 20 7 0 23 0
0 0 0 2000.00 2.59 20 7 0 23 0
0 0 0 2000.00 2.59 20 7 0 23 0
0 0 0 2000.00 2.59 20 7 0 23 0
0 0 0 2000.00 2.59 20 7 0 23 0
0 0 0 2000.00 2.59 20 7 0 23 0
0 0 0 2000.00 2.59 20 7 0 23 0
0 0 0 2000.00 2.59 20 7 0 23 0
0 0 0 2000.00 2.59 20 7 0 23 0
0 0 0 2000.00 2.59 20 7 0 23 0
0 0 0 2200.00 2.59 20 9 0 23 0
0 0 0 2000.00 2.59 20 7 0 23 0
0 0 0 2000.00 2.59 20 7 0 23 0
0 0 0 2000.00 2.59 20 7 0 23 0
0 0 0 2000.00 2.59 20 7 0 23 0
0 0 0 2000.00 2.59 20 7 0 23 0
0 0 0 29100.00 2.90 40 9 0 23 0
0 0 0 2000.00 2.59 20 7 0 23 0
0 0 0 2200.00 2.59 20 9 0 23 0
0 0 0 2000.00 2.59 20 7 0 23 0
0 0 0 2000.00 2.59 20 7 0 23 0
0 0 0 2000.00 2.59 20 7 0 23 0
0 0 0 2200.00 2.59 20 9 0 23 0
0 0 0 2000.00 2.59 20 7 0 23 0
0 0 0 27860.00 2.90 40 9 0 23 0
0 0 0 2000.00 2.59 20 7 0 23 0
0 0 0 2000.00 2.59 20 7 0 23 0
0 0 0 2000.00 2.59 20 7 0 23 0
0 0 0 2000.00 2.59 20 7 0 23 0
0 0 0 2200.00 2.59 20 9 0 23 0
0 0 0 2000.00 2.59 20 7 0 23 0
0 0 0 2000.00 2.59 20 7 0 23 0
0 0 0 29080.00 2.90 40 9 0 23 0
0 0 0 2000.00 2.59 20 7 0 23 0
0 0 0 2000.00 2.59 20 7 0 23 0
0 0 0 2000.00 2.59 20 7 0 23 0
0 0 0 2000.00 2.59 20 7 0 23 0
0 0 0 2000.00 2.59 20 7 0 23 0
0 0 0 2000.00 2.59 20 7 0 23 0
0 0 0 2000.00 2.59 20 7 0 23 0
0 0 0 2000.00 2.59 20 7 0 23 0
0 0 0 2000.00 2.59 20 7 0 23 0
0 0 0 2000.00 2.59 20 7 0 23 0
0 0 0 2000.00 2.59 20 7 0 23 0
0 0 0 2000.00 2.59 20 7 0 23 0
0 0 0 2200.00 2.59 20 9 0 23 0
0 0 0 2200.00 2.59 20 9 0 23 0
0 0 0 2000.00 2.59 20 7 0 23 0
#CONTAINERS_LOADED 
#STACKS
384000.000000 16.100000 23
384000.000000 18.690000 23
384000.000000 21.280000 23
384000.000000 21.280000 23
384000.000000 21.280000 23
384000.000000 21.280000 23
384000.000000 18.690000 23
384000.000000 16.100000 23
#CELLS
1 0 0 0 0 0 0
1 0 0 0 0 0 0
1 0 0 1 1 1 23
1 0 0 1 1 1 23
1 0 0 1 1 1 23
1 0 0 1 1 1 23
1 0 0 1 1 1 23
1 0 0 1 1 1 23
1 0 0 0 0 0 0
2 0 0 0 0 0 0
2 0 0 1 1 1 23
2 0 0 1 1 1 23
2 0 0 1 1 1 23
2 0 0 1 1 1 23
2 0 0 1 1 1 23
2 0 0 1 1 1 23
2 0 0 1 1 1 23
2 0 0 0 0 0 0
3 0 0 1 1 1 23
3 0 0 1 1 1 23
3 0 0 1 1 1 23
3 0 0 1 1 1 23
3 0 0 1 1 1 23
3 0 0 1 1 1 23
3 0 0 1 1 1 23
3 0 0 1 1 1 23
3 0 0 0 0 0 0
4 0 0 1 1 1 23
4 0 0 1 1 1 23
4 0 0 1 1 1 23
4 0 0 1 1 1 23
4 0 0 1 1 1 23
4 0 0 1 1 1 23
4 0 0 1 1 1 23
4 0 0 1 1 1 23
4 0 0 0 0 0 0
5 0 0 1 1 1 23
5 0 0 1 1 1 23
5 0 0 1 1 1 23
5 0 0 1 1 1 23
5 0 0 1 1 1 23
5 0 0 1 1 1 23
5 0 0 1 1 1 23
5 0 0 1 1 1 23
5 0 0 0 0 0 0
6 0 0 1 1 1 23
6 0 0 1 1 1 23
6 0 0 1 1 1 23
6 0 0 1 1 1 23
6 0 0 1 1 1 23
6 0 0 1 1 1 23
6 0 0 1 1 1 23
6 0 0 1 1 1 23
6 0 0 0 0 0 0
7 0 0 0 0 0 0
7 0 0 1 1 1 23
7 0 0 1 1 1 23
7 0 0 1 1 1 23
7 0 0 1 1 1 23
7 0 0 1 1 1 23
7 0 0 1 1 1 23
7 0 0 1 1 1 23
7 0 0 0 0 0 0
8 0 0 0 0 0 0
8 0 0 0 0 0 0
8 0 0 1 1 1 23
8 0 0 1 1 1 23
8 0 0 1 1 1 23
8 0 0 1 1 1 23
8 0 0 1 1 1 23
8 0 0 1 1 1 23
8 0 0 0 0 0 0
#SOLUTION-AFT
 0  0  0  0  0  0  0  0 
 0  0  0  0  0  0  0  0 
 24  27  0  0  0  0  67  66 
 68  37  47  25  41  75  80  74 
 17  84  53  31  71  54  44  58 
 57  46  85  89  21  32  73  16 
 15  39  43  77  64  7  81  20 
 0  14  49  69  18  30  10  0 
 0  0  8  2  9  4  0  0 
#SOLUTION-FWD
 0  0  0  0  0  0  0  0 
 0  0  0  0  0  0  0  0 
 82  48  0  0  0  0  38  66 
 40  76  19  83  88  65  79  74 
 56  35  12  6  26  29  33  58 
 63  70  78  72  87  1  13  28 
 59  55  86  50  3  11  61  52 
 0  45  51  22  36  23  42  0 
 0  0  34  62  60  5  0  0 
#INFO
cap20: 86  cap40: 3  reefer: 0  HC: 3  capacity: 79.310345 TEU: 116