1 44 38 10 90 1 9
#POD
3 
#LOCATIONS
39 
#CONTAINERS_TOLOAD
0 0 0 9600.00 2.59 40 3 0 39 0
0 0 0 24260.00 2.59 40 3 0 39 0
0 0 0 11965.00 2.59 40 3 0 39 0
0 0 0 9700.00 2.59 40 3 0 39 0
0 0 0 9100.00 2.59 40 3 0 39 0
0 0 0 8780.00 2.59 40 3 0 39 0
0 0 0 10100.00 2.59 40 3 0 39 0
0 0 0 9700.00 2.59 40 3 0 39 0
0 0 0 8800.00 2.59 40 3 0 39 0
0 0 0 9600.00 2.59 40 3 0 39 0
0 0 0 10000.00 2.59 40 3 0 39 0
0 0 0 8800.00 2.59 40 3 0 39 0
0 0 0 25150.00 2.59 40 3 0 39 0
0 0 0 10000.00 2.59 40 3 0 39 0
0 0 0 10000.00 2.59 40 3 0 39 0
0 0 0 8545.00 2.59 40 3 0 39 0
0 0 0 9000.00 2.59 40 3 0 39 0
0 0 0 10000.00 2.59 40 3 0 39 0
0 0 0 12000.00 2.59 40 3 0 39 0
0 0 0 8840.00 2.59 40 3 0 39 0
0 0 0 9500.00 2.59 40 3 0 39 0
0 0 0 25010.00 2.59 40 3 0 39 0
0 0 0 8700.00 2.59 40 3 0 39 0
0 0 0 12400.00 2.59 40 3 0 39 0
0 0 0 9000.00 2.59 40 3 0 39 0
0 0 0 11965.00 2.59 40 3 0 39 0
0 0 0 12015.00 2.59 40 3 0 39 0
0 0 0 11937.00 2.59 40 3 0 39 0
0 0 0 27113.00 2.59 40 3 0 39 0
0 0 0 9700.00 2.59 40 3 0 39 0
0 0 0 9600.00 2.59 40 3 0 39 0
0 0 0 12065.00 2.59 40 3 0 39 0
0 0 0 9900.00 2.59 40 3 0 39 0
0 0 0 12015.00 2.59 40 3 0 39 0
0 0 0 11965.00 2.59 40 3 0 39 0
0 0 0 24548.00 2.59 40 3 0 39 0
0 0 0 8520.00 2.59 40 3 0 39 0
0 0 0 12015.00 2.59 40 3 0 39 0
0 0 0 9300.00 2.59 40 3 0 39 0
0 0 0 12000.00 2.59 40 3 0 39 0
0 0 0 9700.00 2.59 40 3 0 39 0
0 0 0 9500.00 2.59 40 3 0 39 0
0 0 0 10000.00 2.59 40 3 0 39 0
0 0 0 11937.00 2.59 40 3 0 39 0
#CONTAINERS_LOADED 
9 5 0 12300.00 2.90 40 3 0 39 0
1 6 0 12000.00 2.90 40 3 0 39 0
1 7 0 12200.00 2.90 40 3 0 39 0
2 3 0 18500.00 2.90 40 3 0 39 0
9 6 0 12300.00 2.90 40 3 0 39 0
9 8 0 12000.00 2.90 40 3 0 39 0
1 5 0 12800.00 2.90 40 3 0 39 0
10 8 0 12300.00 2.90 40 3 0 39 0
2 7 0 14000.00 2.90 40 3 0 39 0
10 3 0 19000.00 2.90 40 3 0 39 0
10 2 0 20400.00 2.90 40 3 0 39 0
8 7 0 13000.00 2.90 40 3 0 39 0
8 2 0 19000.00 2.90 40 3 0 39 0
9 7 0 12600.00 2.90 40 3 0 39 0
8 3 0 19000.00 2.90 40 3 0 39 0
1 2 0 12200.00 2.90 40 3 0 39 0
2 4 0 19000.00 2.90 40 3 0 39 0
8 1 0 19000.00 2.90 40 3 0 39 0
8 5 0 12200.00 2.90 40 3 0 39 0
1 8 0 10600.00 2.90 40 3 0 39 0
10 5 0 19000.00 2.90 40 3 0 39 0
1 3 0 12200.00 2.90 40 3 0 39 0
1 4 0 12200.00 2.90 40 3 0 39 0
2 6 0 18000.00 2.90 40 3 0 39 0
8 8 0 12200.00 2.90 40 3 0 39 0
9 2 0 18000.00 2.90 40 3 0 39 0
2 5 0 18000.00 2.90 40 3 0 39 0
10 7 0 12300.00 2.90 40 3 0 39 0
8 6 0 12200.00 2.90 40 3 0 39 0
9 3 0 18500.00 2.90 40 3 0 39 0
2 1 0 24000.00 2.90 40 3 0 39 0
2 8 0 12200.00 2.90 40 3 0 39 0
9 1 0 19000.00 2.90 40 3 0 39 0
8 4 0 11500.00 2.90 40 3 0 39 0
2 2 0 18000.00 2.90 40 3 0 39 0
10 6 0 19000.00 2.90 40 3 0 39 0
9 4 0 16900.00 2.90 40 3 0 39 0
10 4 0 19000.00 2.90 40 3 0 39 0
#STACKS
270000.000000 20.450000 39
270000.000000 23.450000 39
270000.000000 23.450000 39
270000.000000 23.450000 39
270000.000000 23.450000 39
270000.000000 23.450000 39
270000.000000 23.450000 39
270000.000000 23.450000 39
270000.000000 23.450000 39
270000.000000 20.450000 39
#CELLS
1 0 0 0 0 0 0
1 0 0 1 1 1 39
1 0 0 1 1 1 39
1 0 0 1 1 1 39
1 0 0 1 1 1 39
1 0 0 1 1 1 39
1 0 0 1 1 1 39
1 0 0 1 1 1 39
1 0 0 0 0 0 0
2 0 0 1 1 1 39
2 0 0 1 1 1 39
2 0 0 1 1 1 39
2 0 0 1 1 1 39
2 0 0 1 1 1 39
2 0 0 1 1 1 39
2 0 0 1 1 1 39
2 0 0 1 1 1 39
2 0 0 1 1 1 39
3 0 0 1 1 1 39
3 0 0 1 1 1 39
3 0 0 1 1 1 39
3 0 0 1 1 1 39
3 0 0 1 1 1 39
3 0 0 1 1 1 39
3 0 0 1 1 1 39
3 0 0 1 1 1 39
3 0 0 1 1 1 39
4 0 0 1 1 1 39
4 0 0 1 1 1 39
4 0 0 1 1 1 39
4 0 0 1 1 1 39
4 0 0 1 1 1 39
4 0 0 1 1 1 39
4 0 0 1 1 1 39
4 0 0 1 1 1 39
4 0 0 1 1 1 39
5 0 0 1 1 1 39
5 0 0 1 1 1 39
5 0 0 1 1 1 39
5 0 0 1 1 1 39
5 0 0 1 1 1 39
5 0 0 1 1 1 39
5 0 0 1 1 1 39
5 0 0 1 1 1 39
5 0 0 1 1 1 39
6 0 0 1 1 1 39
6 0 0 1 1 1 39
6 0 0 1 1 1 39
6 0 0 1 1 1 39
6 0 0 1 1 1 39
6 0 0 1 1 1 39
6 0 0 1 1 1 39
6 0 0 1 1 1 39
6 0 0 1 1 1 39
7 0 0 1 1 1 39
7 0 0 1 1 1 39
7 0 0 1 1 1 39
7 0 0 1 1 1 39
7 0 0 1 1 1 39
7 0 0 1 1 1 39
7 0 0 1 1 1 39
7 0 0 1 1 1 39
7 0 0 1 1 1 39
8 0 0 1 1 1 39
8 0 0 1 1 1 39
8 0 0 1 1 1 39
8 0 0 1 1 1 39
8 0 0 1 1 1 39
8 0 0 1 1 1 39
8 0 0 1 1 1 39
8 0 0 1 1 1 39
8 0 0 1 1 1 39
9 0 0 1 1 1 39
9 0 0 1 1 1 39
9 0 0 1 1 1 39
9 0 0 1 1 1 39
9 0 0 1 1 1 39
9 0 0 1 1 1 39
9 0 0 1 1 1 39
9 0 0 1 1 1 39
9 0 0 1 1 1 39
10 0 0 0 0 0 0
10 0 0 1 1 1 39
10 0 0 1 1 1 39
10 0 0 1 1 1 39
10 0 0 1 1 1 39
10 0 0 1 1 1 39
10 0 0 1 1 1 39
10 0 0 1 1 1 39
10 0 0 0 0 0 0
#SOLUTION-AFT
 0  0  0  25  30  7  28  0  0  0 
 64  76  37  5  41  3  44  69  50  52 
 47  53  16  39  8  19  26  56  58  72 
 46  68  23  21  33  40  35  73  49  80 
 51  71  6  42  11  34  2  63  45  65 
 67  61  12  31  43  27  36  78  81  82 
 66  48  9  10  14  38  22  59  74  54 
 60  79  20  1  18  32  13  57  70  55 
 0  75  17  4  15  24  29  62  77  0 
#SOLUTION-FWD
 0  0  0  25  30  7  28  0  0  0 
 64  76  37  5  41  3  44  69  50  52 
 47  53  16  39  8  19  26  56  58  72 
 46  68  23  21  33  40  35  73  49  80 
 51  71  6  42  11  34  2  63  45  65 
 67  61  12  31  43  27  36  78  81  82 
 66  48  9  10  14  38  22  59  74  54 
 60  79  20  1  18  32  13  57  70  55 
 0  75  17  4  15  24  29  62  77  0 
#INFO
cap20: 0  cap40: 82  reefer: 0  HC: 38  capacity: 95.348837 TEU: 172