1 7 0 8 72 1 9
#POD
8 
#LOCATIONS
11 
#CONTAINERS_TOLOAD
0 0 0 15620.00 2.90 40 8 0 11 0
0 0 0 15880.00 2.90 40 8 0 11 0
0 0 0 15880.00 2.90 40 8 0 11 0
0 0 0 15880.00 2.90 40 8 0 11 0
0 0 0 15880.00 2.90 40 8 0 11 0
0 0 0 15880.00 2.90 40 8 0 11 0
0 0 0 15840.00 2.90 40 8 0 11 0
#CONTAINERS_LOADED 
#STACKS
108000.000000 2.900000 11
162000.000000 5.840000 11
216000.000000 8.760000 11
270000.000000 11.700000 11
270000.000000 11.700000 11
216000.000000 8.760000 11
162000.000000 5.840000 11
108000.000000 2.900000 11
#CELLS
1 0 0 0 0 0 0
1 0 0 0 0 0 0
1 0 0 0 0 0 0
1 0 0 0 0 0 0
1 0 0 0 0 0 0
1 0 0 0 0 0 0
1 0 0 0 0 0 0
1 0 0 0 0 1 11
1 0 0 0 0 0 0
2 0 0 0 0 0 0
2 0 0 0 0 0 0
2 0 0 0 0 0 0
2 0 0 0 0 0 0
2 0 0 0 0 0 0
2 0 0 0 0 0 0
2 0 0 0 0 1 11
2 0 0 0 0 1 11
2 0 0 0 0 0 0
3 0 0 0 0 0 0
3 0 0 0 0 0 0
3 0 0 0 0 0 0
3 0 0 0 0 0 0
3 0 0 0 0 0 0
3 0 0 0 0 1 11
3 0 0 0 0 1 11
3 0 0 0 0 1 11
3 0 0 0 0 0 0
4 0 0 0 0 0 0
4 0 0 0 0 0 0
4 0 0 0 0 0 0
4 0 0 0 0 0 0
4 0 0 0 0 1 11
4 0 0 0 0 1 11
4 0 0 0 0 1 11
4 0 0 0 0 1 11
4 0 0 0 0 0 0
5 0 0 0 0 0 0
5 0 0 0 0 0 0
5 0 0 0 0 0 0
5 0 0 0 0 0 0
5 0 0 0 0 1 11
5 0 0 0 0 1 11
5 0 0 0 0 1 11
5 0 0 0 0 1 11
5 0 0 0 0 0 0
6 0 0 0 0 0 0
6 0 0 0 0 0 0
6 0 0 0 0 0 0
6 0 0 0 0 0 0
6 0 0 0 0 0 0
6 0 0 0 0 1 11
6 0 0 0 0 1 11
6 0 0 0 0 1 11
6 0 0 0 0 0 0
7 0 0 0 0 0 0
7 0 0 0 0 0 0
7 0 0 0 0 0 0
7 0 0 0 0 0 0
7 0 0 0 0 0 0
7 0 0 0 0 0 0
7 0 0 0 0 1 11
7 0 0 0 0 1 11
7 0 0 0 0 0 0
8 0 0 0 0 0 0
8 0 0 0 0 0 0
8 0 0 0 0 0 0
8 0 0 0 0 0 0
8 0 0 0 0 0 0
8 0 0 0 0 0 0
8 0 0 0 0 0 0
8 0 0 0 0 1 11
8 0 0 0 0 0 0
#SOLUTION-AFT
 0  0  0  0  0  0  0  0 
 0  0  0  6  0  1  0  0 
 0  0  0  5  0  7  0  0 
 0  0  0  2  0  4  0  0 
 0  0  0  3  0  0  0  0 
 0  0  0  0  0  0  0  0 
 0  0  0  0  0  0  0  0 
 0  0  0  0  0  0  0  0 
 0  0  0  0  0  0  0  0 
#SOLUTION-FWD
 0  0  0  0  0  0  0  0 
 0  0  0  6  0  1  0  0 
 0  0  0  5  0  7  0  0 
 0  0  0  2  0  4  0  0 
 0  0  0  3  0  0  0  0 
 0  0  0  0  0  0  0  0 
 0  0  0  0  0  0  0  0 
 0  0  0  0  0  0  0  0 
 0  0  0  0  0  0  0  0 
#INFO
cap20: 0  cap40: 7  reefer: 0  HC: 7  capacity: 35.000000 TEU: 40