1 42 0 10 90 1 9
#POD
8 
#LOCATIONS
19 
#CONTAINERS_TOLOAD
0 0 0 15880.00 2.90 40 8 0 19 0
0 0 0 20140.00 2.90 40 8 0 19 0
0 0 0 15880.00 2.90 40 8 0 19 0
0 0 0 15880.00 2.90 40 8 0 19 0
0 0 0 5799.00 2.90 40 8 0 19 0
0 0 0 19668.00 2.90 40 8 0 19 0
0 0 0 7100.00 2.90 40 8 0 19 0
0 0 0 7000.00 2.90 40 8 0 19 0
0 0 0 19728.00 2.90 40 8 0 19 0
0 0 0 15880.00 2.90 40 8 0 19 0
0 0 0 15880.00 2.90 40 8 0 19 0
0 0 0 15880.00 2.90 40 8 0 19 0
0 0 0 18100.00 2.90 40 8 0 19 0
0 0 0 6900.00 2.90 40 8 0 19 0
0 0 0 19100.00 2.90 40 8 0 19 0
0 0 0 15880.00 2.90 40 8 0 19 0
0 0 0 7222.00 2.90 40 8 0 19 0
0 0 0 6080.00 2.90 40 8 0 19 0
0 0 0 6560.00 2.90 40 8 0 19 0
0 0 0 6195.00 2.90 40 8 0 19 0
0 0 0 18200.00 2.90 40 8 0 19 0
0 0 0 20800.00 2.90 40 8 0 19 0
0 0 0 19500.00 2.90 40 8 0 19 0
0 0 0 7231.00 2.90 40 8 0 19 0
0 0 0 19480.00 2.90 40 8 0 19 0
0 0 0 6400.00 2.90 40 8 0 19 0
0 0 0 15880.00 2.90 40 8 0 19 0
0 0 0 18840.00 2.90 40 8 0 19 0
0 0 0 15880.00 2.90 40 8 0 19 0
0 0 0 15880.00 2.90 40 8 0 19 0
0 0 0 7240.00 2.90 40 8 0 19 0
0 0 0 6966.00 2.90 40 8 0 19 0
0 0 0 7366.00 2.90 40 8 0 19 0
0 0 0 15880.00 2.90 40 8 0 19 0
0 0 0 7267.00 2.90 40 8 0 19 0
0 0 0 7623.00 2.90 40 8 0 19 0
0 0 0 21380.00 2.90 40 8 0 19 0
0 0 0 6671.00 2.90 40 8 0 19 0
0 0 0 6540.00 2.90 40 8 0 19 0
0 0 0 19350.00 2.90 40 8 0 19 0
0 0 0 20620.00 2.90 40 8 0 19 0
0 0 0 15920.00 2.90 40 8 0 19 0
#CONTAINERS_LOADED 
#STACKS
162000.000000 5.800000 19
216000.000000 8.760000 19
270000.000000 11.700000 19
270000.000000 17.520000 19
270000.000000 20.450000 19
270000.000000 20.450000 19
270000.000000 17.520000 19
270000.000000 11.700000 19
216000.000000 8.760000 19
162000.000000 5.800000 19
#CELLS
1 0 0 0 0 0 0
1 0 0 0 0 0 0
1 0 0 0 0 0 0
1 0 0 0 0 0 0
1 0 0 0 0 0 0
1 0 0 0 0 0 0
1 0 0 0 0 1 19
1 0 0 0 0 1 19
1 0 0 0 0 0 0
2 0 0 0 0 0 0
2 0 0 0 0 0 0
2 0 0 0 0 0 0
2 0 0 0 0 0 0
2 0 0 0 0 0 0
2 0 1 0 0 1 19
2 0 0 0 0 1 19
2 0 0 0 0 1 19
2 0 0 0 0 0 0
3 0 0 0 0 0 0
3 0 0 0 0 0 0
3 0 0 0 0 0 0
3 0 0 0 0 0 0
3 0 1 0 0 1 19
3 0 1 0 0 1 19
3 0 0 0 0 1 19
3 0 0 0 0 1 19
3 0 0 0 0 0 0
4 0 0 0 0 0 0
4 0 0 0 0 0 0
4 0 1 0 0 1 19
4 0 1 0 0 1 19
4 0 1 0 0 1 19
4 0 1 0 0 1 19
4 0 0 0 0 1 19
4 0 0 0 0 1 19
4 0 0 0 0 0 0
5 0 0 0 0 0 0
5 0 1 0 0 1 19
5 0 1 0 0 1 19
5 0 1 0 0 1 19
5 0 1 0 0 1 19
5 0 1 0 0 1 19
5 0 0 0 0 1 19
5 0 0 0 0 1 19
5 0 0 0 0 0 0
6 0 0 0 0 0 0
6 0 1 0 0 1 19
6 0 1 0 0 1 19
6 0 1 0 0 1 19
6 0 1 0 0 1 19
6 0 1 0 0 1 19
6 0 0 0 0 1 19
6 0 0 0 0 1 19
6 0 0 0 0 0 0
7 0 0 0 0 0 0
7 0 0 0 0 0 0
7 0 1 0 0 1 19
7 0 1 0 0 1 19
7 0 1 0 0 1 19
7 0 1 0 0 1 19
7 0 0 0 0 1 19
7 0 0 0 0 1 19
7 0 0 0 0 0 0
8 0 0 0 0 0 0
8 0 0 0 0 0 0
8 0 0 0 0 0 0
8 0 0 0 0 0 0
8 0 1 0 0 1 19
8 0 1 0 0 1 19
8 0 0 0 0 1 19
8 0 0 0 0 1 19
8 0 0 0 0 0 0
9 0 0 0 0 0 0
9 0 0 0 0 0 0
9 0 0 0 0 0 0
9 0 0 0 0 0 0
9 0 0 0 0 0 0
9 0 1 0 0 1 19
9 0 0 0 0 1 19
9 0 0 0 0 1 19
9 0 0 0 0 0 0
10 0 0 0 0 0 0
10 0 0 0 0 0 0
10 0 0 0 0 0 0
10 0 0 0 0 0 0
10 0 0 0 0 0 0
10 0 0 0 0 0 0
10 0 0 0 0 1 19
10 0 0 0 0 1 19
10 0 0 0 0 0 0
#SOLUTION-AFT
 0  0  0  0  0  0  0  0  0  0 
 5  27  20  7  15  31  30  38  29  0 
 18  12  26  17  40  35  34  14  10  0 
 0  16  39  24  25  33  42  32  11  0 
 0  0  19  1  23  36  13  8  0  0 
 0  0  0  3  6  41  21  0  0  0 
 0  0  0  4  9  22  28  0  0  0 
 0  0  0  0  2  37  0  0  0  0 
 0  0  0  0  0  0  0  0  0  0 
#SOLUTION-FWD
 0  0  0  0  0  0  0  0  0  0 
 5  27  20  7  15  31  30  38  29  0 
 18  12  26  17  40  35  34  14  10  0 
 0  16  39  24  25  33  42  32  11  0 
 0  0  19  1  23  36  13  8  0  0 
 0  0  0  3  6  41  21  0  0  0 
 0  0  0  4  9  22  28  0  0  0 
 0  0  0  0  2  37  0  0  0  0 
 0  0  0  0  0  0  0  0  0  0 
#INFO
cap20: 0  cap40: 42  reefer: 0  HC: 42  capacity: 95.454545 TEU: 88