1 3 0 4 36 1 9
#POD
4 
#LOCATIONS
54 
#CONTAINERS_TOLOAD
0 0 0 22600.00 2.90 40 4 0 54 0
0 0 0 20000.00 2.59 40 4 0 54 0
0 0 0 22880.00 2.90 40 4 0 54 0
#CONTAINERS_LOADED 
#STACKS
48000.000000 5.660000 54
48000.000000 5.660000 54
48000.000000 5.660000 54
48000.000000 5.660000 54
#CELLS
1 0 0 0 0 0 0
1 0 0 0 0 0 0
1 0 0 0 0 0 0
1 0 0 0 0 0 0
1 0 0 0 0 0 0
1 0 0 0 0 0 0
1 0 0 0 0 0 0
1 0 0 1 1 1 54
1 0 0 0 0 1 54
2 0 0 0 0 0 0
2 0 0 0 0 0 0
2 0 0 0 0 0 0
2 0 0 0 0 0 0
2 0 0 0 0 0 0
2 0 0 0 0 0 0
2 0 0 0 0 0 0
2 0 0 1 1 1 54
2 0 0 0 0 1 54
3 0 0 0 0 0 0
3 0 0 0 0 0 0
3 0 0 0 0 0 0
3 0 0 0 0 0 0
3 0 0 0 0 0 0
3 0 0 0 0 0 0
3 0 0 0 0 0 0
3 0 0 1 1 1 54
3 0 0 0 0 1 54
4 0 0 0 0 0 0
4 0 0 0 0 0 0
4 0 0 0 0 0 0
4 0 0 0 0 0 0
4 0 0 0 0 0 0
4 0 0 0 0 0 0
4 0 0 0 0 0 0
4 0 0 1 1 1 54
4 0 0 0 0 1 54
#SOLUTION-AFT
 0  0  0  0 
 0  1  3  2 
 0  0  0  0 
 0  0  0  0 
 0  0  0  0 
 0  0  0  0 
 0  0  0  0 
 0  0  0  0 
 0  0  0  0 
#SOLUTION-FWD
 0  0  0  0 
 0  1  3  2 
 0  0  0  0 
 0  0  0  0 
 0  0  0  0 
 0  0  0  0 
 0  0  0  0 
 0  0  0  0 
 0  0  0  0 
#INFO
cap20: 0  cap40: 3  reefer: 0  HC: 2  capacity: 37.500000 TEU: 16