1 38 0 3 24 1 8
#POD
4 
#LOCATIONS
30 
#CONTAINERS_TOLOAD
0 0 0 18404.00 2.90 40 4 0 30 0
0 0 0 18840.00 2.90 40 4 0 30 0
0 0 0 27712.00 2.59 40 4 0 30 0
0 0 0 16772.00 2.59 20 4 0 30 0
0 0 0 16772.00 2.59 20 4 0 30 0
0 0 0 16772.00 2.59 20 4 0 30 0
0 0 0 16772.00 2.59 20 4 0 30 0
0 0 0 16772.00 2.59 20 4 0 30 0
0 0 0 16772.00 2.59 20 4 0 30 0
0 0 0 27580.00 2.59 40 4 0 30 0
0 0 0 16696.00 2.59 20 4 0 30 0
0 0 0 20520.00 2.59 20 4 0 30 0
0 0 0 16772.00 2.59 20 4 0 30 0
0 0 0 20500.00 2.59 20 4 0 30 0
0 0 0 25050.00 2.59 20 4 0 30 0
0 0 0 16772.00 2.59 20 4 0 30 0
0 0 0 16772.00 2.59 20 4 0 30 0
0 0 0 27660.00 2.59 40 4 0 30 0
0 0 0 22240.00 2.59 20 4 0 30 0
0 0 0 20490.00 2.59 20 4 0 30 0
0 0 0 16772.00 2.59 20 4 0 30 0
0 0 0 20580.00 2.59 20 4 0 30 0
0 0 0 27560.00 2.59 40 4 0 30 0
0 0 0 16772.00 2.59 20 4 0 30 0
0 0 0 20560.00 2.59 20 4 0 30 0
0 0 0 16772.00 2.59 20 4 0 30 0
0 0 0 16890.00 2.59 20 4 0 30 0
0 0 0 20480.00 2.59 20 4 0 30 0
0 0 0 16772.00 2.59 20 4 0 30 0
0 0 0 18007.00 2.90 40 4 0 30 0
0 0 0 20564.00 2.59 20 4 0 30 0
0 0 0 16772.00 2.59 20 4 0 30 0
0 0 0 16772.00 2.59 20 4 0 30 0
0 0 0 20540.00 2.59 20 4 0 30 0
0 0 0 16772.00 2.59 20 4 0 30 0
0 0 0 16772.00 2.59 20 4 0 30 0
0 0 0 27520.00 2.59 40 4 0 30 0
0 0 0 20484.00 2.59 20 4 0 30 0
#CONTAINERS_LOADED 
#STACKS
340000.000000 21.280000 30
340000.000000 21.280000 30
340000.000000 21.280000 30
#CELLS
1 0 0 1 1 1 30
1 0 0 1 1 1 30
1 0 0 1 1 1 30
1 0 0 1 1 1 30
1 0 0 1 1 1 30
1 0 0 1 1 1 30
1 0 0 1 1 1 30
1 0 0 0 0 1 30
2 0 0 1 1 1 30
2 0 0 1 1 1 30
2 0 0 1 1 1 30
2 0 0 1 1 1 30
2 0 0 1 1 1 30
2 0 0 1 1 1 30
2 0 0 1 1 1 30
2 0 0 0 0 1 30
3 0 0 1 1 1 30
3 0 0 1 1 1 30
3 0 0 1 1 1 30
3 0 0 1 1 1 30
3 0 0 1 1 1 30
3 0 0 1 1 1 30
3 0 0 1 1 1 30
3 0 0 0 0 1 30
#SOLUTION-AFT
 37  10  0 
 23  18  30 
 11  3  1 
 38  4  2 
 12  36  33 
 25  6  16 
 22  7  17 
 19  8  32 
#SOLUTION-FWD
 37  10  0 
 23  18  30 
 28  3  1 
 20  35  2 
 14  9  29 
 34  5  26 
 31  13  21 
 15  27  24 
#INFO
cap20: 30  cap40: 8  reefer: 0  HC: 3  capacity: 95.833333 TEU: 48