1 78 0 10 90 1 9
#POD
4 
#LOCATIONS
47 
#CONTAINERS_TOLOAD
0 0 0 19004.00 2.59 40 4 0 47 0
0 0 0 25800.00 2.90 40 4 0 47 0
0 0 0 23369.00 2.90 40 4 1 47 0
0 0 0 29220.00 2.59 40 4 0 47 0
0 0 0 25502.00 2.90 40 4 0 47 0
0 0 0 20846.00 2.90 40 4 0 47 0
0 0 0 29000.00 2.90 40 4 0 47 0
0 0 0 27189.00 2.90 40 4 1 47 0
0 0 0 29725.00 2.90 40 4 1 47 0
0 0 0 29000.00 2.90 40 4 0 47 0
0 0 0 29100.00 2.59 40 4 0 47 0
0 0 0 29000.00 2.90 40 4 0 47 0
0 0 0 29880.00 2.90 40 4 0 47 0
0 0 0 29000.00 2.90 40 4 0 47 0
0 0 0 29096.00 2.59 40 4 0 47 0
0 0 0 29096.00 2.59 40 4 0 47 0
0 0 0 29908.00 2.90 40 4 0 47 0
0 0 0 19633.00 2.90 40 4 0 47 0
0 0 0 29700.00 2.59 20 4 0 47 0
0 0 0 27275.00 2.90 40 4 1 47 0
0 0 0 29860.00 2.90 40 4 0 47 0
0 0 0 29602.00 2.59 20 4 0 47 0
0 0 0 29400.00 2.90 40 4 1 47 0
0 0 0 21650.00 2.59 40 4 0 47 0
0 0 0 29220.00 2.59 40 4 0 47 0
0 0 0 20916.00 2.59 40 4 0 47 0
0 0 0 25571.00 2.90 40 4 0 47 0
0 0 0 29614.00 2.59 20 4 0 47 0
0 0 0 29253.00 2.90 40 4 0 47 0
0 0 0 29711.00 2.59 20 4 0 47 0
0 0 0 29496.00 2.59 40 4 0 47 0
0 0 0 20572.00 2.59 40 4 0 47 0
0 0 0 29096.00 2.59 40 4 0 47 0
0 0 0 29096.00 2.59 40 4 0 47 0
0 0 0 29220.00 2.59 40 4 0 47 0
0 0 0 29096.00 2.59 40 4 0 47 0
0 0 0 29096.00 2.59 40 4 0 47 0
0 0 0 29550.00 2.90 40 4 1 47 0
0 0 0 25800.00 2.90 40 4 0 47 0
0 0 0 20147.00 2.59 40 4 0 47 0
0 0 0 21935.00 2.59 40 4 0 47 0
0 0 0 29100.00 2.59 40 4 0 47 0
0 0 0 29497.00 2.90 40 4 1 47 0
0 0 0 21696.00 2.59 40 4 0 47 0
0 0 0 23244.00 2.90 40 4 1 47 0
0 0 0 25657.00 2.90 40 4 0 47 0
0 0 0 21446.00 2.90 40 4 0 47 0
0 0 0 19570.00 2.90 40 4 0 47 0
0 0 0 21814.00 2.90 40 4 0 47 0
0 0 0 21328.00 2.90 40 4 0 47 0
0 0 0 29220.00 2.59 40 4 0 47 0
0 0 0 29080.00 2.59 40 4 0 47 0
0 0 0 29000.00 2.90 40 4 0 47 0
0 0 0 29085.00 2.90 40 4 0 47 0
0 0 0 29220.00 2.59 40 4 0 47 0
0 0 0 29750.00 2.90 40 4 1 47 0
0 0 0 29000.00 2.90 40 4 0 47 0
0 0 0 29750.00 2.90 40 4 1 47 0
0 0 0 26400.00 2.90 40 4 1 47 0
0 0 0 20682.00 2.90 40 4 0 47 0
0 0 0 29670.00 2.90 40 4 1 47 0
0 0 0 29000.00 2.90 40 4 0 47 0
0 0 0 19996.00 2.59 40 4 0 47 0
0 0 0 29220.00 2.59 40 4 0 47 0
0 0 0 29705.00 2.90 40 4 0 47 0
0 0 0 29160.00 2.59 40 4 0 47 0
0 0 0 19049.00 2.90 40 4 0 47 0
0 0 0 26000.00 2.90 40 4 1 47 0
0 0 0 29220.00 2.59 40 4 0 47 0
0 0 0 26400.00 2.90 40 4 1 47 0
0 0 0 29900.00 2.59 20 4 0 47 0
0 0 0 29180.00 2.59 40 4 0 47 0
0 0 0 29096.00 2.59 40 4 0 47 0
0 0 0 23800.00 2.90 40 4 1 47 0
0 0 0 29784.00 2.90 40 4 0 47 0
0 0 0 29700.00 2.59 20 4 0 47 0
0 0 0 11100.00 2.59 40 4 0 47 0
0 0 0 20440.00 2.59 40 4 0 47 0
#CONTAINERS_LOADED 
#STACKS
238000.000000 21.240000 47
238000.000000 23.850000 47
238000.000000 23.850000 47
238000.000000 23.850000 47
238000.000000 23.850000 47
238000.000000 23.850000 47
238000.000000 23.850000 47
238000.000000 23.850000 47
238000.000000 23.850000 47
238000.000000 21.240000 47
#CELLS
1 0 0 0 0 0 0
1 0 0 1 1 1 47
1 0 0 1 1 1 47
1 0 0 1 1 1 47
1 0 0 1 1 1 47
1 0 0 1 1 1 47
1 0 0 1 1 1 47
1 0 0 1 1 1 47
1 0 0 0 0 1 47
2 0 0 1 1 1 47
2 0 0 1 1 1 47
2 0 0 1 1 1 47
2 0 0 1 1 1 47
2 0 0 1 1 1 47
2 0 0 1 1 1 47
2 0 0 1 1 1 47
2 0 0 0 0 1 47
2 0 0 0 0 1 47
3 0 1 1 1 1 47
3 0 1 1 1 1 47
3 0 1 1 1 1 47
3 0 1 1 1 1 47
3 0 1 1 1 1 47
3 0 1 1 1 1 47
3 0 0 1 1 1 47
3 0 0 0 0 1 47
3 0 0 0 0 1 47
4 0 1 1 1 1 47
4 0 1 1 1 1 47
4 0 1 1 1 1 47
4 0 1 1 1 1 47
4 0 1 1 1 1 47
4 0 1 1 1 1 47
4 0 0 1 1 1 47
4 0 0 0 0 1 47
4 0 0 0 0 1 47
5 0 1 1 1 1 47
5 0 1 1 1 1 47
5 0 1 1 1 1 47
5 0 1 1 1 1 47
5 0 1 1 1 1 47
5 0 1 1 1 1 47
5 0 0 1 1 1 47
5 0 0 0 0 1 47
5 0 0 0 0 1 47
6 0 1 1 1 1 47
6 0 1 1 1 1 47
6 0 1 1 1 1 47
6 0 1 1 1 1 47
6 0 1 1 1 1 47
6 0 1 1 1 1 47
6 0 0 1 1 1 47
6 0 0 0 0 1 47
6 0 0 0 0 1 47
7 0 1 1 1 1 47
7 0 1 1 1 1 47
7 0 1 1 1 1 47
7 0 1 1 1 1 47
7 0 1 1 1 1 47
7 0 1 1 1 1 47
7 0 0 1 1 1 47
7 0 0 0 0 1 47
7 0 0 0 0 1 47
8 0 1 1 1 1 47
8 0 1 1 1 1 47
8 0 1 1 1 1 47
8 0 1 1 1 1 47
8 0 1 1 1 1 47
8 0 1 1 1 1 47
8 0 0 1 1 1 47
8 0 0 0 0 1 47
8 0 0 0 0 1 47
9 0 0 1 1 1 47
9 0 1 1 1 1 47
9 0 1 1 1 1 47
9 0 1 1 1 1 47
9 0 1 1 1 1 47
9 0 1 1 1 1 47
9 0 0 1 1 1 47
9 0 0 0 0 1 47
9 0 0 0 0 1 47
10 0 0 0 0 0 0
10 0 0 1 1 1 47
10 0 1 1 1 1 47
10 0 0 1 1 1 47
10 0 0 1 1 1 47
10 0 0 1 1 1 47
10 0 0 1 1 1 47
10 0 0 1 1 1 47
10 0 0 0 0 1 47
#SOLUTION-AFT
 0  0  0  69  0  0  0  0  73  0 
 0  77  0  55  63  0  78  0  36  0 
 5  53  25  51  41  6  67  54  37  34 
 27  57  45  8  20  43  18  29  16  15 
 46  62  3  64  23  38  60  65  42  33 
 39  7  74  4  1  61  50  75  11  22 
 2  10  68  31  32  9  49  21  66  76 
 52  12  59  44  24  58  48  13  72  71 
 0  14  70  40  26  56  47  17  35  0 
#SOLUTION-FWD
 0  0  0  69  0  0  0  0  73  0 
 0  77  0  55  63  0  78  0  36  0 
 5  53  25  51  41  6  67  54  37  34 
 27  57  45  8  20  43  18  29  16  15 
 46  62  3  64  23  38  60  65  42  33 
 39  7  74  4  1  61  50  75  11  28 
 2  10  68  31  32  9  49  21  66  19 
 52  12  59  44  24  58  48  13  72  30 
 0  14  70  40  26  56  47  17  35  0 
#INFO
cap20: 6  cap40: 72  reefer: 15  HC: 42  capacity: 85.227273 TEU: 176