1 23 8 5 45 1 9
#POD
7 
#LOCATIONS
11 
#CONTAINERS_TOLOAD
0 0 0 8800.00 2.59 40 7 0 11 0
0 0 0 7400.00 2.59 40 7 0 11 0
0 0 0 13700.00 2.59 40 7 0 11 0
0 0 0 8300.00 2.59 40 7 0 11 0
0 0 0 9800.00 2.59 40 7 0 11 0
0 0 0 23600.00 2.59 40 7 0 11 0
0 0 0 19000.00 2.59 40 7 0 11 0
0 0 0 11000.00 2.59 40 7 0 11 0
0 0 0 10700.00 2.90 40 7 0 11 0
0 0 0 21400.00 2.59 40 7 0 11 0
0 0 0 10600.00 2.59 40 7 0 11 0
0 0 0 21200.00 2.59 40 7 0 11 0
0 0 0 23400.00 2.59 40 7 0 11 0
0 0 0 11200.00 2.59 40 7 0 11 0
0 0 0 12900.00 2.59 40 7 0 11 0
0 0 0 15300.00 2.59 40 7 0 11 0
0 0 0 25500.00 2.59 40 7 0 11 0
0 0 0 9700.00 2.59 40 7 0 11 0
0 0 0 11000.00 2.59 40 7 0 11 0
0 0 0 10800.00 2.59 40 7 0 11 0
0 0 0 11600.00 2.59 40 7 0 11 0
0 0 0 10800.00 2.59 40 7 0 11 0
0 0 0 8800.00 2.59 40 7 0 11 0
#CONTAINERS_LOADED 
3 4 0 23000.00 2.90 40 7 0 11 0
3 5 0 16400.00 2.90 40 7 0 11 0
3 6 0 21900.00 2.90 40 7 0 11 0
3 8 0 18800.00 2.90 40 7 0 11 0
3 7 0 18900.00 2.90 40 7 0 11 0
3 3 0 23000.00 2.90 40 7 0 11 0
3 2 0 23000.00 2.90 40 7 0 11 0
3 1 0 19900.00 2.90 40 7 0 11 0
#STACKS
420000.000000 18.600000 11
420000.000000 21.200000 11
420000.000000 23.800000 11
420000.000000 21.200000 11
420000.000000 18.600000 11
#CELLS
1 0 0 0 0 0 0
1 0 0 0 0 0 0
1 0 0 1 1 1 11
1 0 0 1 1 1 11
1 0 0 1 1 1 11
1 0 0 1 1 1 11
1 0 0 0 0 1 11
1 0 0 0 0 1 11
1 0 0 0 0 1 11
2 0 0 0 0 0 0
2 0 0 1 1 1 11
2 0 0 1 1 1 11
2 0 0 1 1 1 11
2 0 0 1 1 1 11
2 0 0 0 0 1 11
2 0 0 0 0 1 11
2 0 0 0 0 1 11
2 0 0 0 0 1 11
3 0 0 1 1 1 11
3 0 0 1 1 1 11
3 0 0 1 1 1 11
3 0 0 1 1 1 11
3 0 0 0 0 1 11
3 0 0 0 0 1 11
3 0 0 0 0 1 11
3 0 0 0 0 1 11
3 0 0 0 0 1 11
4 0 0 0 0 0 0
4 0 0 1 1 1 11
4 0 0 1 1 1 11
4 0 0 1 1 1 11
4 0 0 1 1 1 11
4 0 0 0 0 1 11
4 0 0 0 0 1 11
4 0 0 0 0 1 11
4 0 0 0 0 1 11
5 0 0 0 0 0 0
5 0 0 0 0 0 0
5 0 0 1 1 1 11
5 0 0 1 1 1 11
5 0 0 1 1 1 11
5 0 0 1 1 1 11
5 0 0 0 0 1 11
5 0 0 0 0 1 11
5 0 0 0 0 1 11
#SOLUTION-AFT
 0  9  0  22  2 
 0  20  27  19  4 
 0  7  28  8  23 
 0  12  26  14  1 
 0  10  25  21  18 
 0  13  24  15  5 
 0  6  29  3  11 
 0  17  30  16  0 
 0  0  31  0  0 
#SOLUTION-FWD
 0  9  0  22  2 
 0  20  27  19  4 
 0  7  28  8  23 
 0  12  26  14  1 
 0  10  25  21  18 
 0  13  24  15  5 
 0  6  29  3  11 
 0  17  30  16  0 
 0  0  31  0  0 
#INFO
cap20: 0  cap40: 31  reefer: 0  HC: 9  capacity: 79.487179 TEU: 78