3 83 0 10 90 1 9
#POD
3 5 6 
#LOCATIONS
31 
#CONTAINERS_TOLOAD
0 0 0 19004.00 2.90 40 3 1 31 0
0 0 0 10920.00 2.90 40 6 0 31 0
0 0 0 21880.00 2.90 40 6 0 31 0
0 0 0 20846.00 2.90 40 3 1 31 0
0 0 0 5260.00 2.59 20 6 0 31 0
0 0 0 24000.00 2.59 40 6 0 31 0
0 0 0 28670.00 2.90 40 6 1 31 0
0 0 0 16044.00 2.90 40 6 0 31 0
0 0 0 29900.00 2.90 40 3 1 31 0
0 0 0 9000.00 2.59 20 6 1 31 0
0 0 0 17000.00 2.90 40 6 0 31 0
0 0 0 9000.00 2.59 20 6 1 31 0
0 0 0 24000.00 2.59 40 6 0 31 0
0 0 0 5855.00 2.59 20 6 0 31 0
0 0 0 21910.00 2.90 40 6 0 31 0
0 0 0 19633.00 2.90 40 3 1 31 0
0 0 0 24000.00 2.59 40 6 0 31 0
0 0 0 28000.00 2.59 40 6 0 31 0
0 0 0 21650.00 2.90 40 6 1 31 0
0 0 0 13990.00 2.59 20 6 1 31 0
0 0 0 9000.00 2.59 20 6 1 31 0
0 0 0 29796.00 2.90 40 3 1 31 0
0 0 0 24000.00 2.59 40 6 0 31 0
0 0 0 28400.00 2.90 40 6 1 31 0
0 0 0 4350.00 2.59 20 6 0 31 0
0 0 0 5100.00 2.59 20 6 0 31 0
0 0 0 20916.00 2.90 40 3 1 31 0
0 0 0 29800.00 2.90 40 3 1 31 0
0 0 0 21800.00 2.59 40 6 0 31 0
0 0 0 14030.00 2.59 40 6 0 31 0
0 0 0 24000.00 2.59 40 6 0 31 0
0 0 0 11920.00 2.90 40 6 0 31 0
0 0 0 9000.00 2.59 20 6 1 31 0
0 0 0 29800.00 2.90 40 3 1 31 0
0 0 0 23000.00 2.59 40 6 0 31 0
0 0 0 9000.00 2.59 20 6 1 31 0
0 0 0 23830.00 2.59 40 6 0 31 0
0 0 0 22000.00 2.90 40 6 0 31 0
0 0 0 20572.00 2.90 40 3 1 31 0
0 0 0 13640.00 2.59 40 6 0 31 0
0 0 0 19670.00 2.59 40 6 0 31 0
0 0 0 13660.00 2.59 40 6 0 31 0
0 0 0 20937.00 2.90 40 6 0 31 0
0 0 0 15600.00 2.59 20 6 0 31 0
0 0 0 4280.00 2.59 20 6 0 31 0
0 0 0 7170.00 2.59 20 6 0 31 0
0 0 0 20147.00 2.90 40 3 1 31 0
0 0 0 21880.00 2.90 40 6 0 31 0
0 0 0 29850.00 2.90 40 3 1 31 0
0 0 0 24000.00 2.59 40 6 0 31 0
0 0 0 21000.00 2.90 40 6 1 31 0
0 0 0 26700.00 2.59 40 6 0 31 0
0 0 0 21935.00 2.90 40 3 1 31 0
0 0 0 21696.00 2.90 40 3 1 31 0
0 0 0 21446.00 2.90 40 6 1 31 0
0 0 0 11830.00 2.90 40 6 0 31 0
0 0 0 24000.00 2.59 40 6 0 31 0
0 0 0 9000.00 2.59 20 6 1 31 0
0 0 0 29700.00 2.90 40 6 1 31 0
0 0 0 24000.00 2.59 40 6 0 31 0
0 0 0 28000.00 2.59 40 6 0 31 0
0 0 0 28000.00 2.59 40 6 0 31 0
0 0 0 19570.00 2.90 40 6 1 31 0
0 0 0 29900.00 2.90 40 3 1 31 0
0 0 0 21814.00 2.90 40 3 1 31 0
0 0 0 29900.00 2.90 40 3 1 31 0
0 0 0 24000.00 2.59 40 6 0 31 0
0 0 0 7260.00 2.59 20 6 0 31 0
0 0 0 24000.00 2.59 40 6 0 31 0
0 0 0 24000.00 2.59 40 6 0 31 0
0 0 0 19700.00 2.59 40 6 0 31 0
0 0 0 22000.00 2.90 40 6 1 31 0
0 0 0 16650.00 2.90 40 6 0 31 0
0 0 0 24000.00 2.59 40 6 0 31 0
0 0 0 7630.00 2.59 20 6 0 31 0
0 0 0 8080.00 2.59 20 5 1 31 0
0 0 0 21328.00 2.90 40 3 1 31 0
0 0 0 24000.00 2.59 40 6 0 31 0
0 0 0 9000.00 2.59 20 6 1 31 0
0 0 0 11920.00 2.90 40 6 0 31 0
0 0 0 20682.00 2.90 40 3 1 31 0
0 0 0 12170.00 2.59 40 3 0 31 0
0 0 0 12170.00 2.59 40 3 0 31 0
#CONTAINERS_LOADED 
#STACKS
378000.000000 21.280000 31
378000.000000 23.870000 31
378000.000000 23.870000 31
378000.000000 23.870000 31
378000.000000 23.870000 31
378000.000000 23.870000 31
378000.000000 23.870000 31
378000.000000 23.870000 31
378000.000000 23.870000 31
378000.000000 21.280000 31
#CELLS
1 0 0 0 0 0 0
1 0 0 1 1 1 31
1 0 0 1 1 1 31
1 0 0 1 1 1 31
1 0 0 1 1 1 31
1 0 0 1 1 1 31
1 0 0 1 1 1 31
1 0 0 1 1 1 31
1 0 0 1 1 1 31
2 0 0 1 1 1 31
2 0 0 1 1 1 31
2 1 0 1 1 1 31
2 1 0 1 1 1 31
2 1 0 1 1 1 31
2 1 0 1 1 1 31
2 0 0 1 1 1 31
2 0 0 1 1 1 31
2 0 0 1 1 1 31
3 0 0 1 1 1 31
3 1 0 1 1 1 31
3 1 0 1 1 1 31
3 1 0 1 1 1 31
3 1 0 1 1 1 31
3 1 0 1 1 1 31
3 0 0 1 1 1 31
3 0 0 1 1 1 31
3 0 0 1 1 1 31
4 1 0 1 1 1 31
4 1 0 1 1 1 31
4 1 0 1 1 1 31
4 1 0 1 1 1 31
4 1 0 1 1 1 31
4 1 0 1 1 1 31
4 0 0 1 1 1 31
4 0 0 1 1 1 31
4 0 0 1 1 1 31
5 1 0 1 1 1 31
5 1 0 1 1 1 31
5 1 0 1 1 1 31
5 1 0 1 1 1 31
5 1 0 1 1 1 31
5 1 0 1 1 1 31
5 0 0 1 1 1 31
5 0 0 1 1 1 31
5 0 0 1 1 1 31
6 1 0 1 1 1 31
6 1 0 1 1 1 31
6 1 0 1 1 1 31
6 1 0 1 1 1 31
6 1 0 1 1 1 31
6 1 0 1 1 1 31
6 0 0 1 1 1 31
6 0 0 1 1 1 31
6 0 0 1 1 1 31
7 1 0 1 1 1 31
7 1 0 1 1 1 31
7 1 0 1 1 1 31
7 1 0 1 1 1 31
7 1 0 1 1 1 31
7 1 0 1 1 1 31
7 0 0 1 1 1 31
7 0 0 1 1 1 31
7 0 0 1 1 1 31
8 0 0 1 1 1 31
8 1 0 1 1 1 31
8 1 0 1 1 1 31
8 1 0 1 1 1 31
8 1 0 1 1 1 31
8 1 0 1 1 1 31
8 0 0 1 1 1 31
8 0 0 1 1 1 31
8 0 0 1 1 1 31
9 0 0 1 1 1 31
9 0 0 1 1 1 31
9 1 0 1 1 1 31
9 1 0 1 1 1 31
9 1 0 1 1 1 31
9 1 0 1 1 1 31
9 0 0 1 1 1 31
9 0 0 1 1 1 31
9 0 0 1 1 1 31
10 0 0 0 0 0 0
10 0 0 1 1 1 31
10 0 0 1 1 1 31
10 0 0 1 1 1 31
10 0 0 1 1 1 31
10 0 0 1 1 1 31
10 0 0 1 1 1 31
10 0 0 1 1 1 31
10 0 0 1 1 1 31
#SOLUTION-AFT
 0  0  0  71  0  0  0  0  78  35 
 0  82  0  29  0  0  83  0  70  37 
 2  32  48  38  0  0  18  61  74  57 
 56  80  72  45  81  16  64  22  51  67 
 40  8  24  25  47  77  66  34  6  31 
 42  73  7  26  1  53  54  28  13  50 
 30  11  59  5  39  65  63  49  17  60 
 41  43  19  14  27  68  55  9  23  69 
 0  3  15  46  4  75  44  62  52  0 
#SOLUTION-FWD
 0  0  0  71  0  0  0  0  78  35 
 0  82  0  29  0  0  83  0  70  37 
 2  32  48  38  0  0  18  61  74  57 
 56  80  72  79  81  16  64  22  51  67 
 40  8  24  21  47  77  66  34  6  31 
 42  73  7  12  1  53  54  28  13  50 
 30  11  59  58  39  65  63  49  17  60 
 41  43  19  36  27  76  55  9  23  69 
 0  3  15  33  4  20  10  62  52  0 
#INFO
cap20: 18  cap40: 65  reefer: 35  HC: 38  capacity: 84.090909 TEU: 176