1 18 0 3 21 1 7
#POD
4 
#LOCATIONS
45 
#CONTAINERS_TOLOAD
0 0 0 15000.00 2.90 40 4 0 45 0
0 0 0 15000.00 2.90 40 4 0 45 0
0 0 0 16500.00 2.90 40 4 0 45 0
0 0 0 15000.00 2.90 40 4 0 45 0
0 0 0 19399.00 2.90 40 4 0 45 0
0 0 0 20899.00 2.90 40 4 0 45 0
0 0 0 15000.00 2.90 40 4 0 45 0
0 0 0 16500.00 2.90 40 4 0 45 0
0 0 0 18000.00 2.90 40 4 0 45 0
0 0 0 15000.00 2.90 40 4 0 45 0
0 0 0 15000.00 2.90 40 4 0 45 0
0 0 0 15000.00 2.90 40 4 0 45 0
0 0 0 15000.00 2.90 40 4 0 45 0
0 0 0 15000.00 2.90 40 4 0 45 0
0 0 0 16699.00 2.90 40 4 0 45 0
0 0 0 28300.00 2.90 40 4 0 45 0
0 0 0 15000.00 2.90 40 4 0 45 0
0 0 0 15000.00 2.90 40 4 0 45 0
#CONTAINERS_LOADED 
#STACKS
282000.000000 19.240000 45
282000.000000 19.240000 45
282000.000000 19.240000 45
#CELLS
1 1 1 1 1 1 45
1 1 1 1 1 1 45
1 1 1 1 1 1 45
1 1 1 1 1 1 45
1 1 1 1 1 1 45
1 0 0 1 1 1 45
1 0 0 1 1 1 45
2 1 1 1 1 1 45
2 1 1 1 1 1 45
2 1 1 1 1 1 45
2 1 1 1 1 1 45
2 1 1 1 1 1 45
2 0 0 1 1 1 45
2 0 0 1 1 1 45
3 1 1 1 1 1 45
3 1 1 1 1 1 45
3 1 1 1 1 1 45
3 1 1 1 1 1 45
3 1 1 1 1 1 45
3 0 0 1 1 1 45
3 0 0 1 1 1 45
#SOLUTION-AFT
 0  0  0 
 14  3  1 
 2  15  7 
 12  9  4 
 11  5  17 
 13  6  18 
 10  16  8 
#SOLUTION-FWD
 0  0  0 
 14  3  1 
 2  15  7 
 12  9  4 
 11  5  17 
 13  6  18 
 10  16  8 
#INFO
cap20: 0  cap40: 18  reefer: 0  HC: 18  capacity: 85.714286 TEU: 42