1 97 0 8 64 1 8
#POD
4 
#LOCATIONS
34 
#CONTAINERS_TOLOAD
0 0 0 21890.00 2.59 20 4 0 34 0
0 0 0 25160.00 2.59 20 4 0 34 0
0 0 0 25060.00 2.59 20 4 0 34 0
0 0 0 24820.00 2.59 20 4 0 34 0
0 0 0 4160.00 2.59 20 4 0 34 0
0 0 0 10940.00 2.59 40 4 0 34 0
0 0 0 23980.00 2.59 20 4 0 34 0
0 0 0 26220.00 2.59 20 4 0 34 0
0 0 0 28200.00 2.59 20 4 0 34 0
0 0 0 27960.00 2.59 20 4 0 34 0
0 0 0 11580.00 2.59 40 4 0 34 0
0 0 0 28500.00 2.59 20 4 0 34 0
0 0 0 24140.00 2.59 20 4 0 34 0
0 0 0 22040.00 2.59 40 4 0 34 0
0 0 0 25960.00 2.59 20 4 0 34 0
0 0 0 24420.00 2.59 20 4 0 34 0
0 0 0 21890.00 2.59 20 4 0 34 0
0 0 0 25960.00 2.59 20 4 0 34 0
0 0 0 24640.00 2.59 20 4 0 34 0
0 0 0 4540.00 2.59 20 4 0 34 0
0 0 0 24580.00 2.59 20 4 0 34 0
0 0 0 4800.00 2.59 20 4 0 34 0
0 0 0 16905.00 2.59 40 4 0 34 0
0 0 0 11820.00 2.59 40 4 0 34 0
0 0 0 26110.00 2.59 20 4 0 34 0
0 0 0 10860.00 2.59 40 4 0 34 0
0 0 0 18100.00 2.59 40 4 0 34 0
0 0 0 22590.00 2.59 20 4 0 34 0
0 0 0 26220.00 2.59 20 4 0 34 0
0 0 0 22880.00 2.59 20 4 0 34 0
0 0 0 26320.00 2.59 20 4 0 34 0
0 0 0 15880.00 2.59 40 4 0 34 0
0 0 0 25220.00 2.59 20 4 0 34 0
0 0 0 28400.00 2.59 20 4 0 34 0
0 0 0 24400.00 2.59 20 4 0 34 0
0 0 0 4860.00 2.59 20 4 0 34 0
0 0 0 27540.00 2.59 20 4 0 34 0
0 0 0 24750.00 2.59 20 4 0 34 0
0 0 0 28400.00 2.59 20 4 0 34 0
0 0 0 14140.00 2.59 40 4 0 34 0
0 0 0 19260.00 2.59 40 4 0 34 0
0 0 0 28500.00 2.59 20 4 0 34 0
0 0 0 11520.00 2.59 40 4 0 34 0
0 0 0 28200.00 2.59 20 4 0 34 0
0 0 0 29880.00 2.59 40 4 0 34 0
0 0 0 11800.00 2.59 40 4 0 34 0
0 0 0 12680.00 2.59 40 4 0 34 0
0 0 0 27580.00 2.59 20 4 0 34 0
0 0 0 4880.00 2.59 20 4 0 34 0
0 0 0 13340.00 2.59 40 4 0 34 0
0 0 0 24880.00 2.59 20 4 0 34 0
0 0 0 18460.00 2.59 40 4 0 34 0
0 0 0 25570.00 2.59 20 4 0 34 0
0 0 0 11180.00 2.59 40 4 0 34 0
0 0 0 11260.00 2.59 40 4 0 34 0
0 0 0 21080.00 2.59 20 4 0 34 0
0 0 0 10980.00 2.59 40 4 0 34 0
0 0 0 4880.00 2.59 20 4 0 34 0
0 0 0 27440.00 2.59 20 4 0 34 0
0 0 0 28120.00 2.59 20 4 0 34 0
0 0 0 26320.00 2.59 20 4 0 34 0
0 0 0 19200.00 2.59 20 4 0 34 0
0 0 0 19440.00 2.59 20 4 0 34 0
0 0 0 4560.00 2.59 20 4 0 34 0
0 0 0 21040.00 2.59 20 4 0 34 0
0 0 0 24000.00 2.59 20 4 0 34 0
0 0 0 23480.00 2.59 20 4 0 34 0
0 0 0 4900.00 2.59 20 4 0 34 0
0 0 0 11340.00 2.59 40 4 0 34 0
0 0 0 13980.00 2.59 40 4 0 34 0
0 0 0 4895.00 2.59 20 4 0 34 0
0 0 0 4320.00 2.59 20 4 0 34 0
0 0 0 24280.00 2.59 20 4 0 34 0
0 0 0 25460.00 2.59 20 4 0 34 0
0 0 0 23360.00 2.59 20 4 0 34 0
0 0 0 25040.00 2.59 20 4 0 34 0
0 0 0 28240.00 2.59 20 4 0 34 0
0 0 0 24500.00 2.59 20 4 0 34 0
0 0 0 22950.00 2.59 20 4 0 34 0
0 0 0 12680.00 2.59 40 4 0 34 0
0 0 0 18780.00 2.59 20 4 0 34 0
0 0 0 13040.00 2.59 40 4 0 34 0
0 0 0 23440.00 2.59 20 4 0 34 0
0 0 0 22980.00 2.59 40 4 0 34 0
0 0 0 17560.00 2.59 40 4 0 34 0
0 0 0 4895.00 2.59 20 4 0 34 0
0 0 0 11500.00 2.59 40 4 0 34 0
0 0 0 27220.00 2.59 20 4 0 34 0
0 0 0 25760.00 2.59 20 4 0 34 0
0 0 0 21530.00 2.59 20 4 0 34 0
0 0 0 23640.00 2.59 20 4 0 34 0
0 0 0 4360.00 2.59 20 4 0 34 0
0 0 0 28320.00 2.59 20 4 0 34 0
0 0 0 23390.00 2.59 20 4 0 34 0
0 0 0 25980.00 2.59 20 4 0 34 0
0 0 0 28200.00 2.59 20 4 0 34 0
0 0 0 11060.00 2.59 40 4 0 34 0
#CONTAINERS_LOADED 
#STACKS
244900.000000 18.500000 34
241800.000000 21.100000 34
241800.000000 21.100000 34
241800.000000 21.100000 34
241800.000000 21.100000 34
241800.000000 21.100000 34
241800.000000 21.100000 34
244900.000000 18.500000 34
#CELLS
1 0 0 0 0 0 0
1 0 0 1 1 1 34
1 0 0 1 1 1 34
1 0 0 1 1 1 34
1 0 0 1 1 1 34
1 0 0 1 1 1 34
1 0 0 1 1 1 34
1 0 0 0 0 1 34
2 0 0 1 1 1 34
2 0 0 1 1 1 34
2 0 0 1 1 1 34
2 0 0 1 1 1 34
2 0 0 1 1 1 34
2 0 0 1 1 1 34
2 0 0 1 1 1 34
2 0 0 0 0 1 34
3 0 0 1 1 1 34
3 0 0 1 1 1 34
3 0 0 1 1 1 34
3 0 0 1 1 1 34
3 0 0 1 1 1 34
3 0 0 1 1 1 34
3 0 0 1 1 1 34
3 0 0 0 0 1 34
4 0 0 1 1 1 34
4 0 0 1 1 1 34
4 0 0 1 1 1 34
4 0 0 1 1 1 34
4 0 0 1 1 1 34
4 0 0 1 1 1 34
4 0 0 1 1 1 34
4 0 0 0 0 1 34
5 0 0 1 1 1 34
5 0 0 1 1 1 34
5 0 0 1 1 1 34
5 0 0 1 1 1 34
5 0 0 1 1 1 34
5 0 0 1 1 1 34
5 0 0 1 1 1 34
5 0 0 0 0 1 34
6 0 0 1 1 1 34
6 0 0 1 1 1 34
6 0 0 1 1 1 34
6 0 0 1 1 1 34
6 0 0 1 1 1 34
6 0 0 1 1 1 34
6 0 0 1 1 1 34
6 0 0 0 0 1 34
7 0 0 1 1 1 34
7 0 0 1 1 1 34
7 0 0 1 1 1 34
7 0 0 1 1 1 34
7 0 0 1 1 1 34
7 0 0 1 1 1 34
7 0 0 1 1 1 34
7 0 0 0 0 1 34
8 0 0 0 0 0 0
8 0 0 1 1 1 34
8 0 0 1 1 1 34
8 0 0 1 1 1 34
8 0 0 1 1 1 34
8 0 0 1 1 1 34
8 0 0 1 1 1 34
8 0 0 0 0 1 34
#SOLUTION-AFT
 26  23  87  24  50  41  69  97 
 6  85  43  47  70  14  5  54 
 57  27  11  80  40  84  20  55 
 81  52  46  82  32  45  64  28 
 63  7  2  59  9  95  36  79 
 90  13  74  37  77  25  19  94 
 17  16  53  60  39  31  4  67 
 0  78  15  44  12  61  76  0 
#SOLUTION-FWD
 26  23  87  24  50  41  69  97 
 6  85  43  47  70  14  72  54 
 57  27  11  80  40  84  92  55 
 62  52  46  82  32  45  22  30 
 65  66  58  71  68  86  49  75 
 56  73  33  48  93  29  38  83 
 1  35  89  10  34  8  51  91 
 0  21  18  96  42  88  3  0 
#INFO
cap20: 70  cap40: 27  reefer: 0  HC: 0  capacity: 100.000000 TEU: 124