1 45 7 10 90 1 9
#POD
7 
#LOCATIONS
55 
#CONTAINERS_TOLOAD
0 0 0 14599.00 2.59 40 7 0 55 0
0 0 0 11414.00 2.59 40 7 0 55 0
0 0 0 11414.00 2.59 40 7 0 55 0
0 0 0 15000.00 2.59 40 7 0 55 0
0 0 0 13600.00 2.59 20 7 0 55 0
0 0 0 8700.00 2.59 20 7 0 55 0
0 0 0 14599.00 2.59 40 7 0 55 0
0 0 0 12210.00 2.59 20 7 0 55 0
0 0 0 11720.00 2.59 40 7 0 55 0
0 0 0 11244.00 2.59 40 7 0 55 0
0 0 0 17210.00 2.59 20 7 0 55 0
0 0 0 12414.00 2.59 40 7 0 55 0
0 0 0 14210.00 2.59 20 7 0 55 0
0 0 0 7220.00 2.59 20 7 0 55 0
0 0 0 13599.00 2.59 40 7 0 55 0
0 0 0 9380.00 2.59 20 7 0 55 0
0 0 0 7209.00 2.59 20 7 0 55 0
0 0 0 12230.00 2.59 20 7 0 55 0
0 0 0 13191.00 2.59 40 7 0 55 0
0 0 0 11241.00 2.59 40 7 0 55 0
0 0 0 10600.00 2.59 20 7 0 55 0
0 0 0 12740.00 2.59 40 7 0 55 0
0 0 0 11414.00 2.59 40 7 0 55 0
0 0 0 11300.00 2.59 40 7 0 55 0
0 0 0 15599.00 2.59 40 7 0 55 0
0 0 0 11414.00 2.59 40 7 0 55 0
0 0 0 17210.00 2.59 20 7 0 55 0
0 0 0 13191.00 2.59 40 7 0 55 0
0 0 0 13599.00 2.59 40 7 0 55 0
0 0 0 11241.00 2.59 40 7 0 55 0
0 0 0 12411.00 2.59 40 7 0 55 0
0 0 0 13099.00 2.59 40 7 0 55 0
0 0 0 12414.00 2.59 40 7 0 55 0
0 0 0 15100.00 2.59 40 7 0 55 0
0 0 0 11599.00 2.59 40 7 0 55 0
0 0 0 13200.00 2.59 20 7 0 55 0
0 0 0 11599.00 2.59 40 7 0 55 0
0 0 0 13599.00 2.59 40 7 0 55 0
0 0 0 10920.00 2.59 40 7 0 55 0
0 0 0 13454.00 2.59 40 7 0 55 0
0 0 0 11241.00 2.59 40 7 0 55 0
0 0 0 11600.00 2.59 40 7 0 55 0
0 0 0 14210.00 2.59 20 7 0 55 0
0 0 0 12210.00 2.59 20 7 0 55 0
0 0 0 15599.00 2.59 40 7 0 55 0
#CONTAINERS_LOADED 
5 1 -1 22700.00 2.59 20 7 0 55 0
5 4 0 19100.00 2.90 40 7 0 55 0
5 3 -1 26300.00 2.59 20 7 0 55 0
5 2 -1 20500.00 2.59 20 7 0 55 0
5 3 1 10800.00 2.59 20 7 0 55 0
5 2 1 20400.00 2.59 20 7 0 55 0
5 1 1 26200.00 2.59 20 7 0 55 0
#STACKS
184000.000000 20.730000 55
270000.000000 23.320000 55
270000.000000 23.320000 55
270000.000000 23.320000 55
270000.000000 23.320000 55
270000.000000 23.320000 55
270000.000000 23.320000 55
270000.000000 23.320000 55
270000.000000 23.320000 55
184000.000000 20.730000 55
#CELLS
1 0 0 0 0 0 0
1 0 0 1 1 1 55
1 0 0 1 1 1 55
1 0 0 1 1 1 55
1 0 0 1 1 1 55
1 0 0 1 1 1 55
1 0 0 1 1 1 55
1 0 0 1 1 1 55
1 0 0 0 0 1 55
2 0 0 1 1 1 55
2 0 0 1 1 1 55
2 0 0 1 1 1 55
2 0 0 1 1 1 55
2 0 0 1 1 1 55
2 0 0 1 1 1 55
2 0 0 1 1 1 55
2 0 0 1 1 1 55
2 0 0 0 0 1 55
3 0 0 1 1 1 55
3 0 0 1 1 1 55
3 0 0 1 1 1 55
3 0 0 1 1 1 55
3 0 0 1 1 1 55
3 0 0 1 1 1 55
3 0 0 1 1 1 55
3 0 0 1 1 1 55
3 0 0 0 0 1 55
4 0 0 1 1 1 55
4 0 0 1 1 1 55
4 0 0 1 1 1 55
4 0 0 1 1 1 55
4 0 0 1 1 1 55
4 0 0 1 1 1 55
4 0 0 1 1 1 55
4 0 0 1 1 1 55
4 0 0 0 0 1 55
5 0 0 1 1 1 55
5 0 0 1 1 1 55
5 0 0 1 1 1 55
5 0 0 1 1 1 55
5 0 0 1 1 1 55
5 0 0 1 1 1 55
5 0 0 1 1 1 55
5 0 0 1 1 1 55
5 0 0 0 0 1 55
6 0 0 1 1 1 55
6 0 0 1 1 1 55
6 0 0 1 1 1 55
6 0 0 1 1 1 55
6 0 0 1 1 1 55
6 0 0 1 1 1 55
6 0 0 1 1 1 55
6 0 0 1 1 1 55
6 0 0 0 0 1 55
7 0 0 1 1 1 55
7 0 0 1 1 1 55
7 0 0 1 1 1 55
7 0 0 1 1 1 55
7 0 0 1 1 1 55
7 0 0 1 1 1 55
7 0 0 1 1 1 55
7 0 0 1 1 1 55
7 0 0 0 0 1 55
8 0 0 1 1 1 55
8 0 0 1 1 1 55
8 0 0 1 1 1 55
8 0 0 1 1 1 55
8 0 0 1 1 1 55
8 0 0 1 1 1 55
8 0 0 1 1 1 55
8 0 0 1 1 1 55
8 0 0 0 0 1 55
9 0 0 1 1 1 55
9 0 0 1 1 1 55
9 0 0 1 1 1 55
9 0 0 1 1 1 55
9 0 0 1 1 1 55
9 0 0 1 1 1 55
9 0 0 1 1 1 55
9 0 0 1 1 1 55
9 0 0 0 0 1 55
10 0 0 0 0 0 0
10 0 0 1 1 1 55
10 0 0 1 1 1 55
10 0 0 1 1 1 55
10 0 0 1 1 1 55
10 0 0 1 1 1 55
10 0 0 1 1 1 55
10 0 0 1 1 1 55
10 0 0 0 0 1 55
#SOLUTION-AFT
 39  0  0  0  0  0  0  15  0  0 
 17  26  0  0  0  0  0  38  0  0 
 16  3  0  0  0  0  0  29  12  41 
 44  23  0  0  0  0  0  1  33  30 
 18  37  0  0  0  0  0  7  22  20 
 5  35  0  0  47  0  0  4  32  10 
 13  42  0  0  50  0  0  34  28  24 
 27  9  0  0  51  0  0  45  19  2 
 0  31  0  0  52  0  0  25  40  0 
#SOLUTION-FWD
 39  0  0  0  0  0  0  15  0  0 
 14  26  0  0  0  0  0  38  0  0 
 6  3  0  0  0  0  0  29  12  41 
 21  23  0  0  0  0  0  1  33  30 
 8  37  0  0  0  0  0  7  22  20 
 36  35  0  0  47  0  0  4  32  10 
 43  42  0  0  48  0  0  34  28  24 
 11  9  0  0  49  0  0  45  19  2 
 0  31  0  0  46  0  0  25  40  0 
#INFO
cap20: 20  cap40: 32  reefer: 0  HC: 1  capacity: 47.727273 TEU: 176