1 97 0 10 110 1 11
#POD
3 
#LOCATIONS
60 
#CONTAINERS_TOLOAD
0 0 0 13699.00 2.59 40 3 0 60 0
0 0 0 16899.00 2.90 40 3 0 60 0
0 0 0 13699.00 2.59 40 3 0 60 0
0 0 0 15400.00 2.90 40 3 0 60 0
0 0 0 16899.00 2.90 40 3 0 60 0
0 0 0 13699.00 2.59 40 3 0 60 0
0 0 0 13699.00 2.59 40 3 0 60 0
0 0 0 13699.00 2.59 40 3 0 60 0
0 0 0 13699.00 2.59 40 3 0 60 0
0 0 0 14400.00 2.90 40 3 0 60 0
0 0 0 15900.00 2.90 40 3 0 60 0
0 0 0 16899.00 2.90 40 3 0 60 0
0 0 0 13699.00 2.59 40 3 0 60 0
0 0 0 14300.00 2.90 40 3 0 60 0
0 0 0 13599.00 2.59 40 3 0 60 0
0 0 0 16899.00 2.90 40 3 0 60 0
0 0 0 13199.00 2.59 40 3 0 60 0
0 0 0 14400.00 2.90 40 3 0 60 0
0 0 0 13699.00 2.59 40 3 0 60 0
0 0 0 16899.00 2.90 40 3 0 60 0
0 0 0 16899.00 2.90 40 3 0 60 0
0 0 0 16899.00 2.90 40 3 0 60 0
0 0 0 16300.00 2.90 40 3 0 60 0
0 0 0 13699.00 2.90 40 3 0 60 0
0 0 0 15699.00 2.90 40 3 0 60 0
0 0 0 16899.00 2.90 40 3 0 60 0
0 0 0 13900.00 2.90 40 3 0 60 0
0 0 0 14900.00 2.90 40 3 0 60 0
0 0 0 16899.00 2.90 40 3 0 60 0
0 0 0 14900.00 2.90 40 3 0 60 0
0 0 0 14900.00 2.90 40 3 0 60 0
0 0 0 14900.00 2.90 40 3 0 60 0
0 0 0 16899.00 2.90 40 3 0 60 0
0 0 0 16100.00 2.90 40 3 0 60 0
0 0 0 13699.00 2.59 40 3 0 60 0
0 0 0 16899.00 2.90 40 3 0 60 0
0 0 0 13900.00 2.90 40 3 0 60 0
0 0 0 9900.00 2.59 40 3 0 60 0
0 0 0 13699.00 2.59 40 3 0 60 0
0 0 0 15400.00 2.90 40 3 0 60 0
0 0 0 14900.00 2.90 40 3 0 60 0
0 0 0 13699.00 2.59 40 3 0 60 0
0 0 0 13699.00 2.59 40 3 0 60 0
0 0 0 15900.00 2.90 40 3 0 60 0
0 0 0 13699.00 2.59 40 3 0 60 0
0 0 0 13699.00 2.59 40 3 0 60 0
0 0 0 16000.00 2.90 40 3 0 60 0
0 0 0 13699.00 2.59 40 3 0 60 0
0 0 0 13699.00 2.59 40 3 0 60 0
0 0 0 13699.00 2.59 40 3 0 60 0
0 0 0 13699.00 2.59 40 3 0 60 0
0 0 0 13699.00 2.59 40 3 0 60 0
0 0 0 13900.00 2.90 40 3 0 60 0
0 0 0 13699.00 2.59 40 3 0 60 0
0 0 0 9800.00 2.59 40 3 0 60 0
0 0 0 9699.00 2.59 40 3 0 60 0
0 0 0 13699.00 2.59 40 3 0 60 0
0 0 0 13699.00 2.59 40 3 0 60 0
0 0 0 13900.00 2.90 40 3 0 60 0
0 0 0 13699.00 2.59 40 3 0 60 0
0 0 0 13699.00 2.59 40 3 0 60 0
0 0 0 13699.00 2.59 40 3 0 60 0
0 0 0 13900.00 2.90 40 3 0 60 0
0 0 0 13699.00 2.59 40 3 0 60 0
0 0 0 13699.00 2.59 40 3 0 60 0
0 0 0 13699.00 2.59 40 3 0 60 0
0 0 0 15000.00 2.90 40 3 0 60 0
0 0 0 13699.00 2.59 40 3 0 60 0
0 0 0 15500.00 2.90 40 3 0 60 0
0 0 0 16699.00 2.90 40 3 0 60 0
0 0 0 13099.00 2.59 40 3 0 60 0
0 0 0 13300.00 2.59 40 3 0 60 0
0 0 0 13699.00 2.59 40 3 0 60 0
0 0 0 13699.00 2.59 40 3 0 60 0
0 0 0 9699.00 2.59 40 3 0 60 0
0 0 0 13699.00 2.59 40 3 0 60 0
0 0 0 13599.00 2.59 40 3 0 60 0
0 0 0 13699.00 2.59 40 3 0 60 0
0 0 0 13699.00 2.59 40 3 0 60 0
0 0 0 16100.00 2.90 40 3 0 60 0
0 0 0 13699.00 2.59 40 3 0 60 0
0 0 0 9800.00 2.59 40 3 0 60 0
0 0 0 13699.00 2.59 40 3 0 60 0
0 0 0 13699.00 2.59 40 3 0 60 0
0 0 0 14300.00 2.90 40 3 0 60 0
0 0 0 13699.00 2.59 40 3 0 60 0
0 0 0 13699.00 2.59 40 3 0 60 0
0 0 0 13699.00 2.59 40 3 0 60 0
0 0 0 13699.00 2.59 40 3 0 60 0
0 0 0 13699.00 2.59 40 3 0 60 0
0 0 0 14300.00 2.90 40 3 0 60 0
0 0 0 13699.00 2.59 40 3 0 60 0
0 0 0 13699.00 2.59 40 3 0 60 0
0 0 0 13699.00 2.59 40 3 0 60 0
0 0 0 14900.00 2.90 40 3 0 60 0
0 0 0 13699.00 2.59 40 3 0 60 0
0 0 0 14900.00 2.90 40 3 0 60 0
#CONTAINERS_LOADED 
#STACKS
270000.000000 29.160000 60
270000.000000 29.160000 60
270000.000000 29.160000 60
270000.000000 23.340000 60
270000.000000 23.340000 60
270000.000000 23.340000 60
270000.000000 23.340000 60
270000.000000 29.160000 60
270000.000000 29.160000 60
270000.000000 29.160000 60
#CELLS
1 0 0 1 1 1 60
1 0 0 1 1 1 60
1 0 0 1 1 1 60
1 0 0 1 1 1 60
1 0 0 1 1 1 60
1 0 0 1 1 1 60
1 0 0 1 1 1 60
1 0 0 1 1 1 60
1 0 0 1 1 1 60
1 0 0 1 1 1 60
1 0 0 1 1 1 60
2 0 0 1 1 1 60
2 0 0 1 1 1 60
2 0 0 1 1 1 60
2 0 0 1 1 1 60
2 0 0 1 1 1 60
2 0 0 1 1 1 60
2 0 0 1 1 1 60
2 0 0 1 1 1 60
2 0 0 1 1 1 60
2 0 0 1 1 1 60
2 0 0 1 1 1 60
3 0 0 1 1 1 60
3 0 0 1 1 1 60
3 0 0 1 1 1 60
3 0 0 1 1 1 60
3 0 0 1 1 1 60
3 0 0 1 1 1 60
3 0 0 1 1 1 60
3 0 0 1 1 1 60
3 0 0 1 1 1 60
3 0 0 1 1 1 60
3 0 0 1 1 1 60
4 0 0 0 0 0 0
4 0 0 0 0 0 0
4 0 0 1 1 1 60
4 0 0 1 1 1 60
4 0 0 1 1 1 60
4 0 0 1 1 1 60
4 0 0 1 1 1 60
4 0 0 1 1 1 60
4 0 0 1 1 1 60
4 0 0 1 1 1 60
4 0 0 0 0 0 0
5 0 0 0 0 0 0
5 0 0 0 0 0 0
5 0 0 1 1 1 60
5 0 0 1 1 1 60
5 0 0 1 1 1 60
5 0 0 1 1 1 60
5 0 0 1 1 1 60
5 0 0 1 1 1 60
5 0 0 1 1 1 60
5 0 0 1 1 1 60
5 0 0 0 0 0 0
6 0 0 0 0 0 0
6 0 0 0 0 0 0
6 0 0 1 1 1 60
6 0 0 1 1 1 60
6 0 0 1 1 1 60
6 0 0 1 1 1 60
6 0 0 1 1 1 60
6 0 0 1 1 1 60
6 0 0 1 1 1 60
6 0 0 1 1 1 60
6 0 0 0 0 0 0
7 0 0 0 0 0 0
7 0 0 0 0 0 0
7 0 0 1 1 1 60
7 0 0 1 1 1 60
7 0 0 1 1 1 60
7 0 0 1 1 1 60
7 0 0 1 1 1 60
7 0 0 1 1 1 60
7 0 0 1 1 1 60
7 0 0 1 1 1 60
7 0 0 0 0 0 0
8 0 0 1 1 1 60
8 0 0 1 1 1 60
8 0 0 1 1 1 60
8 0 0 1 1 1 60
8 0 0 1 1 1 60
8 0 0 1 1 1 60
8 0 0 1 1 1 60
8 0 0 1 1 1 60
8 0 0 1 1 1 60
8 0 0 1 1 1 60
8 0 0 1 1 1 60
9 0 0 1 1 1 60
9 0 0 1 1 1 60
9 0 0 1 1 1 60
9 0 0 1 1 1 60
9 0 0 1 1 1 60
9 0 0 1 1 1 60
9 0 0 1 1 1 60
9 0 0 1 1 1 60
9 0 0 1 1 1 60
9 0 0 1 1 1 60
9 0 0 1 1 1 60
10 0 0 1 1 1 60
10 0 0 1 1 1 60
10 0 0 1 1 1 60
10 0 0 1 1 1 60
10 0 0 1 1 1 60
10 0 0 1 1 1 60
10 0 0 1 1 1 60
10 0 0 1 1 1 60
10 0 0 1 1 1 60
10 0 0 1 1 1 60
10 0 0 1 1 1 60
#SOLUTION-AFT
 71  87  13  0  0  0  0  7  74  0 
 17  51  66  10  47  26  97  50  60  75 
 72  86  81  18  34  29  67  19  92  56 
 77  6  46  31  80  33  40  57  58  82 
 15  62  1  41  23  36  4  68  83  55 
 84  65  90  28  70  2  69  96  42  38 
 89  52  45  30  21  5  25  78  88  35 
 64  3  39  32  20  12  11  73  79  43 
 61  76  8  95  22  16  44  9  54  48 
 24  27  63  0  0  0  0  85  94  49 
 53  59  14  0  0  0  0  91  37  93 
#SOLUTION-FWD
 71  87  13  0  0  0  0  7  74  0 
 17  51  66  10  47  26  97  50  60  75 
 72  86  81  18  34  29  67  19  92  56 
 77  6  46  31  80  33  40  57  58  82 
 15  62  1  41  23  36  4  68  83  55 
 84  65  90  28  70  2  69  96  42  38 
 89  52  45  30  21  5  25  78  88  35 
 64  3  39  32  20  12  11  73  79  43 
 61  76  8  95  22  16  44  9  54  48 
 24  27  63  0  0  0  0  85  94  49 
 53  59  14  0  0  0  0  91  37  93 
#INFO
cap20: 0  cap40: 97  reefer: 0  HC: 41  capacity: 98.979592 TEU: 196