2 130 0 5 65 1 13
#POD
3 4 
#LOCATIONS
22 
#CONTAINERS_TOLOAD
0 0 0 2000.00 2.59 20 4 0 22 0
0 0 0 2000.00 2.59 20 4 0 22 0
0 0 0 2000.00 2.59 20 4 0 22 0
0 0 0 2000.00 2.59 20 4 0 22 0
0 0 0 2000.00 2.59 20 4 0 22 0
0 0 0 2000.00 2.59 20 4 0 22 0
0 0 0 2000.00 2.59 20 4 0 22 0
0 0 0 2000.00 2.59 20 4 0 22 0
0 0 0 2000.00 2.59 20 4 0 22 0
0 0 0 2000.00 2.59 20 4 0 22 0
0 0 0 2000.00 2.59 20 4 0 22 0
0 0 0 2000.00 2.59 20 4 0 22 0
0 0 0 2000.00 2.59 20 4 0 22 0
0 0 0 2000.00 2.59 20 4 0 22 0
0 0 0 2000.00 2.59 20 4 0 22 0
0 0 0 2000.00 2.59 20 4 0 22 0
0 0 0 2000.00 2.59 20 4 0 22 0
0 0 0 2000.00 2.59 20 4 0 22 0
0 0 0 2000.00 2.59 20 4 0 22 0
0 0 0 2000.00 2.59 20 4 0 22 0
0 0 0 2000.00 2.59 20 4 0 22 0
0 0 0 2000.00 2.59 20 4 0 22 0
0 0 0 2000.00 2.59 20 4 0 22 0
0 0 0 2000.00 2.59 20 4 0 22 0
0 0 0 2000.00 2.59 20 4 0 22 0
0 0 0 2000.00 2.59 20 4 0 22 0
0 0 0 2000.00 2.59 20 4 0 22 0
0 0 0 2000.00 2.59 20 4 0 22 0
0 0 0 2000.00 2.59 20 4 0 22 0
0 0 0 2000.00 2.59 20 4 0 22 0
0 0 0 2000.00 2.59 20 4 0 22 0
0 0 0 2000.00 2.59 20 4 0 22 0
0 0 0 2000.00 2.59 20 4 0 22 0
0 0 0 2000.00 2.59 20 4 0 22 0
0 0 0 2000.00 2.59 20 4 0 22 0
0 0 0 2000.00 2.59 20 4 0 22 0
0 0 0 2000.00 2.59 20 3 0 22 0
0 0 0 2000.00 2.59 20 4 0 22 0
0 0 0 2000.00 2.59 20 4 0 22 0
0 0 0 2000.00 2.59 20 4 0 22 0
0 0 0 2000.00 2.59 20 4 0 22 0
0 0 0 2000.00 2.59 20 4 0 22 0
0 0 0 2000.00 2.59 20 4 0 22 0
0 0 0 2000.00 2.59 20 4 0 22 0
0 0 0 2000.00 2.59 20 3 0 22 0
0 0 0 2000.00 2.59 20 4 0 22 0
0 0 0 2000.00 2.59 20 4 0 22 0
0 0 0 2000.00 2.59 20 4 0 22 0
0 0 0 2000.00 2.59 20 4 0 22 0
0 0 0 2000.00 2.59 20 4 0 22 0
0 0 0 2000.00 2.59 20 4 0 22 0
0 0 0 2000.00 2.59 20 3 0 22 0
0 0 0 2000.00 2.59 20 4 0 22 0
0 0 0 2000.00 2.59 20 3 0 22 0
0 0 0 2000.00 2.59 20 3 0 22 0
0 0 0 2000.00 2.59 20 4 0 22 0
0 0 0 2000.00 2.59 20 3 0 22 0
0 0 0 2000.00 2.59 20 4 0 22 0
0 0 0 2000.00 2.59 20 4 0 22 0
0 0 0 2000.00 2.59 20 4 0 22 0
0 0 0 2000.00 2.59 20 3 0 22 0
0 0 0 2000.00 2.59 20 4 0 22 0
0 0 0 2000.00 2.59 20 4 0 22 0
0 0 0 2000.00 2.59 20 4 0 22 0
0 0 0 2000.00 2.59 20 4 0 22 0
0 0 0 2000.00 2.59 20 4 0 22 0
0 0 0 2000.00 2.59 20 4 0 22 0
0 0 0 2000.00 2.59 20 4 0 22 0
0 0 0 2000.00 2.59 20 4 0 22 0
0 0 0 2000.00 2.59 20 3 0 22 0
0 0 0 2000.00 2.59 20 4 0 22 0
0 0 0 2000.00 2.59 20 4 0 22 0
0 0 0 2000.00 2.59 20 4 0 22 0
0 0 0 2000.00 2.59 20 4 0 22 0
0 0 0 2000.00 2.59 20 4 0 22 0
0 0 0 2000.00 2.59 20 4 0 22 0
0 0 0 2000.00 2.59 20 3 0 22 0
0 0 0 2000.00 2.59 20 4 0 22 0
0 0 0 2000.00 2.59 20 4 0 22 0
0 0 0 2000.00 2.59 20 4 0 22 0
0 0 0 2000.00 2.59 20 4 0 22 0
0 0 0 2000.00 2.59 20 4 0 22 0
0 0 0 2000.00 2.59 20 4 0 22 0
0 0 0 2000.00 2.59 20 4 0 22 0
0 0 0 2000.00 2.59 20 4 0 22 0
0 0 0 2000.00 2.59 20 4 0 22 0
0 0 0 2000.00 2.59 20 3 0 22 0
0 0 0 2000.00 2.59 20 4 0 22 0
0 0 0 2000.00 2.59 20 4 0 22 0
0 0 0 2000.00 2.59 20 4 0 22 0
0 0 0 2000.00 2.59 20 3 0 22 0
0 0 0 2000.00 2.59 20 4 0 22 0
0 0 0 2000.00 2.59 20 4 0 22 0
0 0 0 2000.00 2.59 20 4 0 22 0
0 0 0 2000.00 2.59 20 3 0 22 0
0 0 0 2000.00 2.59 20 4 0 22 0
0 0 0 2000.00 2.59 20 4 0 22 0
0 0 0 2000.00 2.59 20 4 0 22 0
0 0 0 2000.00 2.59 20 4 0 22 0
0 0 0 2000.00 2.59 20 4 0 22 0
0 0 0 2000.00 2.59 20 3 0 22 0
0 0 0 2000.00 2.59 20 4 0 22 0
0 0 0 2000.00 2.59 20 4 0 22 0
0 0 0 2000.00 2.59 20 4 0 22 0
0 0 0 2000.00 2.59 20 3 0 22 0
0 0 0 2000.00 2.59 20 4 0 22 0
0 0 0 2000.00 2.59 20 4 0 22 0
0 0 0 2000.00 2.59 20 4 0 22 0
0 0 0 2000.00 2.59 20 4 0 22 0
0 0 0 2000.00 2.59 20 4 0 22 0
0 0 0 2000.00 2.59 20 4 0 22 0
0 0 0 2000.00 2.59 20 4 0 22 0
0 0 0 2000.00 2.59 20 4 0 22 0
0 0 0 2000.00 2.59 20 4 0 22 0
0 0 0 2000.00 2.59 20 4 0 22 0
0 0 0 2000.00 2.59 20 4 0 22 0
0 0 0 2000.00 2.59 20 4 0 22 0
0 0 0 2000.00 2.59 20 4 0 22 0
0 0 0 2000.00 2.59 20 4 0 22 0
0 0 0 2000.00 2.59 20 4 0 22 0
0 0 0 2000.00 2.59 20 3 0 22 0
0 0 0 2000.00 2.59 20 3 0 22 0
0 0 0 2000.00 2.59 20 3 0 22 0
0 0 0 2000.00 2.59 20 3 0 22 0
0 0 0 2000.00 2.59 20 3 0 22 0
0 0 0 2000.00 2.59 20 3 0 22 0
0 0 0 2000.00 2.59 20 3 0 22 0
0 0 0 2000.00 2.59 20 3 0 22 0
0 0 0 2000.00 2.59 20 3 0 22 0
0 0 0 2000.00 2.59 20 3 0 22 0
#CONTAINERS_LOADED 
#STACKS
540000.000000 34.110000 22
540000.000000 34.110000 22
540000.000000 34.110000 22
540000.000000 34.110000 22
540000.000000 34.110000 22
#CELLS
1 0 0 1 1 0 22
1 0 0 1 1 0 22
1 0 0 1 1 0 22
1 0 0 1 1 0 22
1 0 0 1 1 0 22
1 0 0 1 1 0 22
1 0 0 1 1 0 22
1 0 0 1 1 0 22
1 0 0 1 1 0 22
1 0 0 1 1 0 22
1 0 0 1 1 0 22
1 0 0 1 1 0 22
1 0 0 1 1 0 22
2 0 0 1 1 0 22
2 0 0 1 1 0 22
2 0 0 1 1 0 22
2 0 0 1 1 0 22
2 0 0 1 1 0 22
2 0 0 1 1 0 22
2 0 0 1 1 0 22
2 0 0 1 1 0 22
2 0 0 1 1 0 22
2 0 0 1 1 0 22
2 0 0 1 1 0 22
2 0 0 1 1 0 22
2 0 0 1 1 0 22
3 0 0 1 1 0 22
3 0 0 1 1 0 22
3 0 0 1 1 0 22
3 0 0 1 1 0 22
3 0 0 1 1 0 22
3 0 0 1 1 0 22
3 0 0 1 1 0 22
3 0 0 1 1 0 22
3 0 0 1 1 0 22
3 0 0 1 1 0 22
3 0 0 1 1 0 22
3 0 0 1 1 0 22
3 0 0 1 1 0 22
4 0 0 1 1 0 22
4 0 0 1 1 0 22
4 0 0 1 1 0 22
4 0 0 1 1 0 22
4 0 0 1 1 0 22
4 0 0 1 1 0 22
4 0 0 1 1 0 22
4 0 0 1 1 0 22
4 0 0 1 1 0 22
4 0 0 1 1 0 22
4 0 0 1 1 0 22
4 0 0 1 1 0 22
4 0 0 1 1 0 22
5 0 0 1 1 0 22
5 0 0 1 1 0 22
5 0 0 1 1 0 22
5 0 0 1 1 0 22
5 0 0 1 1 0 22
5 0 0 1 1 0 22
5 0 0 1 1 0 22
5 0 0 1 1 0 22
5 0 0 1 1 0 22
5 0 0 1 1 0 22
5 0 0 1 1 0 22
5 0 0 1 1 0 22
5 0 0 1 1 0 22
#SOLUTION-AFT
 98  122  2  9  113 
 34  91  18  86  84 
 46  45  65  109  78 
 73  123  22  63  114 
 56  121  96  5  83 
 51  55  19  74  66 
 3  57  16  11  120 
 42  126  10  6  82 
 58  125  69  8  85 
 40  87  28  112  81 
 60  128  23  93  67 
 32  127  1  25  111 
 7  44  30  36  41 
#SOLUTION-FWD
 33  105  108  68  106 
 59  95  62  107  79 
 49  52  31  15  100 
 90  70  103  92  80 
 72  61  118  4  119 
 115  77  102  27  76 
 13  101  24  94  43 
 47  54  38  29  104 
 17  129  53  12  71 
 64  130  97  88  75 
 117  37  14  21  50 
 48  124  20  26  35 
 116  89  110  99  39 
#INFO
cap20: 130  cap40: 0  reefer: 0  HC: 0  capacity: 100.000000 TEU: 130