1 33 0 10 90 1 9
#POD
5 
#LOCATIONS
67 
#CONTAINERS_TOLOAD
0 0 0 18750.00 2.59 40 5 0 67 0
0 0 0 26700.00 2.90 40 5 0 67 0
0 0 0 18800.00 2.59 40 5 0 67 0
0 0 0 25874.00 2.90 40 5 0 67 0
0 0 0 19004.00 2.59 40 5 0 67 0
0 0 0 27100.00 2.90 40 5 0 67 0
0 0 0 9830.00 2.59 40 5 0 67 0
0 0 0 18880.00 2.59 40 5 0 67 0
0 0 0 27613.00 2.59 40 5 0 67 0
0 0 0 23970.00 2.59 40 5 0 67 0
0 0 0 26800.00 2.90 40 5 0 67 0
0 0 0 9700.00 2.59 40 5 0 67 0
0 0 0 9650.00 2.59 40 5 0 67 0
0 0 0 17620.00 2.59 40 5 0 67 0
0 0 0 9720.00 2.59 40 5 0 67 0
0 0 0 9660.00 2.59 40 5 0 67 0
0 0 0 29908.00 2.59 40 5 0 67 0
0 0 0 8362.00 2.59 40 5 0 67 0
0 0 0 25991.00 2.90 40 5 0 67 0
0 0 0 18550.00 2.59 40 5 0 67 0
0 0 0 9220.00 2.59 40 5 0 67 0
0 0 0 6116.00 2.59 40 5 0 67 0
0 0 0 26700.00 2.90 40 5 0 67 0
0 0 0 9700.00 2.59 40 5 0 67 0
0 0 0 26300.00 2.90 40 5 0 67 0
0 0 0 6000.00 2.59 40 5 0 67 0
0 0 0 25972.00 2.90 40 5 0 67 0
0 0 0 18650.00 2.59 40 5 0 67 0
0 0 0 9920.00 2.59 40 5 0 67 0
0 0 0 25933.00 2.90 40 5 0 67 0
0 0 0 6000.00 2.59 40 5 0 67 0
0 0 0 20846.00 2.59 40 5 0 67 0
0 0 0 17200.00 2.59 40 5 0 67 0
#CONTAINERS_LOADED 
#STACKS
144000.000000 10.840000 67
144000.000000 10.840000 67
192000.000000 13.430000 67
192000.000000 13.430000 67
192000.000000 13.430000 67
192000.000000 13.430000 67
192000.000000 13.430000 67
192000.000000 13.430000 67
144000.000000 10.840000 67
144000.000000 10.840000 67
#CELLS
1 0 0 0 0 0 0
1 0 0 0 0 0 0
1 0 0 0 0 0 0
1 0 0 0 0 0 0
1 0 0 0 0 0 0
1 0 0 1 1 1 67
1 0 0 1 1 1 67
1 0 0 1 1 1 67
1 0 0 0 0 1 67
2 0 0 0 0 0 0
2 0 0 0 0 0 0
2 0 0 0 0 0 0
2 0 0 0 0 0 0
2 0 0 0 0 0 0
2 0 0 1 1 1 67
2 0 0 1 1 1 67
2 0 0 1 1 1 67
2 0 0 0 0 1 67
3 0 0 0 0 0 0
3 0 0 0 0 0 0
3 0 0 0 0 0 0
3 0 0 0 0 0 0
3 0 0 1 1 1 67
3 0 0 1 1 1 67
3 0 0 1 1 1 67
3 0 0 1 1 1 67
3 0 0 0 0 1 67
4 0 0 0 0 0 0
4 0 0 0 0 0 0
4 0 0 0 0 0 0
4 0 0 0 0 0 0
4 0 0 1 1 1 67
4 0 0 1 1 1 67
4 0 0 1 1 1 67
4 0 0 1 1 1 67
4 0 0 0 0 1 67
5 0 0 0 0 0 0
5 0 0 0 0 0 0
5 0 0 0 0 0 0
5 0 0 0 0 0 0
5 0 0 1 1 1 67
5 0 0 1 1 1 67
5 0 0 1 1 1 67
5 0 0 1 1 1 67
5 0 0 0 0 1 67
6 0 0 0 0 0 0
6 0 0 0 0 0 0
6 0 0 0 0 0 0
6 0 0 0 0 0 0
6 0 0 1 1 1 67
6 0 0 1 1 1 67
6 0 0 1 1 1 67
6 0 0 1 1 1 67
6 0 0 0 0 1 67
7 0 0 0 0 0 0
7 0 0 0 0 0 0
7 0 0 0 0 0 0
7 0 0 0 0 0 0
7 0 0 1 1 1 67
7 0 0 1 1 1 67
7 0 0 1 1 1 67
7 0 0 1 1 1 67
7 0 0 0 0 1 67
8 0 0 0 0 0 0
8 0 0 0 0 0 0
8 0 0 0 0 0 0
8 0 0 0 0 0 0
8 0 0 1 1 1 67
8 0 0 1 1 1 67
8 0 0 1 1 1 67
8 0 0 1 1 1 67
8 0 0 0 0 1 67
9 0 0 0 0 0 0
9 0 0 0 0 0 0
9 0 0 0 0 0 0
9 0 0 0 0 0 0
9 0 0 0 0 0 0
9 0 0 1 1 1 67
9 0 0 1 1 1 67
9 0 0 1 1 1 67
9 0 0 0 0 1 67
10 0 0 0 0 0 0
10 0 0 0 0 0 0
10 0 0 0 0 0 0
10 0 0 0 0 0 0
10 0 0 0 0 0 0
10 0 0 1 1 1 67
10 0 0 1 1 1 67
10 0 0 1 1 1 67
10 0 0 0 0 1 67
#SOLUTION-AFT
 0  0  0  29  3  0  0  0  21  26 
 0  32  0  14  8  0  33  0  13  31 
 0  4  24  20  9  2  0  27  16  22 
 0  30  15  10  17  11  28  19  12  18 
 0  0  7  23  5  6  1  25  0  0 
 0  0  0  0  0  0  0  0  0  0 
 0  0  0  0  0  0  0  0  0  0 
 0  0  0  0  0  0  0  0  0  0 
 0  0  0  0  0  0  0  0  0  0 
#SOLUTION-FWD
 0  0  0  29  3  0  0  0  21  26 
 0  32  0  14  8  0  33  0  13  31 
 0  4  24  20  9  2  0  27  16  22 
 0  30  15  10  17  11  28  19  12  18 
 0  0  7  23  5  6  1  25  0  0 
 0  0  0  0  0  0  0  0  0  0 
 0  0  0  0  0  0  0  0  0  0 
 0  0  0  0  0  0  0  0  0  0 
 0  0  0  0  0  0  0  0  0  0 
#INFO
cap20: 0  cap40: 33  reefer: 0  HC: 9  capacity: 71.739130 TEU: 92