1 18 0 4 36 1 9
#POD
9 
#LOCATIONS
92 
#CONTAINERS_TOLOAD
0 0 0 20725.00 2.90 40 9 0 92 0
0 0 0 22500.00 2.90 40 9 0 92 0
0 0 0 4330.00 2.59 20 9 0 92 0
0 0 0 23250.00 2.90 40 9 0 92 0
0 0 0 21840.00 2.90 40 9 0 92 0
0 0 0 22880.00 2.90 40 9 0 92 0
0 0 0 13560.00 2.90 40 9 0 92 0
0 0 0 22160.00 2.90 40 9 0 92 0
0 0 0 4330.00 2.59 20 9 0 92 0
0 0 0 20798.00 2.90 40 9 0 92 0
0 0 0 4440.00 2.59 20 9 0 92 0
0 0 0 22920.00 2.90 40 9 0 92 0
0 0 0 22860.00 2.90 40 9 0 92 0
0 0 0 4626.00 2.59 20 9 0 92 0
0 0 0 22390.00 2.90 40 9 0 92 0
0 0 0 22540.00 2.90 40 9 0 92 0
0 0 0 22500.00 2.90 40 9 0 92 0
0 0 0 21540.00 2.90 40 9 0 92 0
#CONTAINERS_LOADED 
#STACKS
184000.000000 12.960000 92
184000.000000 12.960000 92
184000.000000 12.960000 92
184000.000000 12.960000 92
#CELLS
1 0 0 0 0 0 0
1 0 0 0 0 0 0
1 0 0 0 0 0 0
1 0 0 0 0 0 0
1 0 0 1 1 1 92
1 0 0 1 1 1 92
1 0 0 1 1 1 92
1 0 0 1 1 1 92
1 0 0 1 1 1 92
2 0 0 0 0 0 0
2 0 0 0 0 0 0
2 0 0 0 0 0 0
2 0 0 0 0 0 0
2 0 0 1 1 1 92
2 0 0 1 1 1 92
2 0 0 1 1 1 92
2 0 0 1 1 1 92
2 0 0 1 1 1 92
3 0 0 0 0 0 0
3 0 0 0 0 0 0
3 0 0 0 0 0 0
3 0 0 0 0 0 0
3 0 0 1 1 1 92
3 0 0 1 1 1 92
3 0 0 1 1 1 92
3 0 0 1 1 1 92
3 0 0 1 1 1 92
4 0 0 0 0 0 0
4 0 0 0 0 0 0
4 0 0 0 0 0 0
4 0 0 0 0 0 0
4 0 0 1 1 1 92
4 0 0 1 1 1 92
4 0 0 1 1 1 92
4 0 0 1 1 1 92
4 0 0 1 1 1 92
#SOLUTION-AFT
 0  0  0  0 
 7  17  12  5 
 1  16  4  8 
 10  13  9  15 
 18  6  11  2 
 0  0  0  0 
 0  0  0  0 
 0  0  0  0 
 0  0  0  0 
#SOLUTION-FWD
 0  0  0  0 
 7  17  12  5 
 1  16  4  8 
 10  13  3  15 
 18  6  14  2 
 0  0  0  0 
 0  0  0  0 
 0  0  0  0 
 0  0  0  0 
#INFO
cap20: 4  cap40: 14  reefer: 0  HC: 14  capacity: 80.000000 TEU: 40