1 32 0 4 36 1 9
#POD
4 
#LOCATIONS
64 
#CONTAINERS_TOLOAD
0 0 0 400.00 2.90 40 4 0 64 0
0 0 0 400.00 2.90 40 4 0 64 0
0 0 0 400.00 2.90 40 4 0 64 0
0 0 0 400.00 2.90 40 4 0 64 0
0 0 0 400.00 2.90 40 4 0 64 0
0 0 0 400.00 2.90 40 4 0 64 0
0 0 0 400.00 2.90 40 4 0 64 0
0 0 0 400.00 2.90 40 4 0 64 0
0 0 0 400.00 2.90 40 4 0 64 0
0 0 0 400.00 2.90 40 4 0 64 0
0 0 0 400.00 2.90 40 4 0 64 0
0 0 0 400.00 2.90 40 4 0 64 0
0 0 0 400.00 2.90 40 4 0 64 0
0 0 0 400.00 2.90 40 4 0 64 0
0 0 0 400.00 2.90 40 4 0 64 0
0 0 0 400.00 2.90 40 4 0 64 0
0 0 0 400.00 2.90 40 4 0 64 0
0 0 0 400.00 2.90 40 4 0 64 0
0 0 0 400.00 2.90 40 4 0 64 0
0 0 0 400.00 2.90 40 4 0 64 0
0 0 0 400.00 2.90 40 4 0 64 0
0 0 0 400.00 2.90 40 4 0 64 0
0 0 0 400.00 2.90 40 4 0 64 0
0 0 0 400.00 2.90 40 4 0 64 0
0 0 0 400.00 2.90 40 4 0 64 0
0 0 0 400.00 2.90 40 4 0 64 0
0 0 0 400.00 2.90 40 4 0 64 0
0 0 0 400.00 2.90 40 4 0 64 0
0 0 0 400.00 2.90 40 4 0 64 0
0 0 0 400.00 2.90 40 4 0 64 0
0 0 0 400.00 2.90 40 4 0 64 0
0 0 0 400.00 2.90 40 4 0 64 0
#CONTAINERS_LOADED 
#STACKS
270000.000000 23.320000 64
270000.000000 23.320000 64
270000.000000 23.320000 64
270000.000000 23.320000 64
#CELLS
1 0 0 1 1 1 64
1 0 0 1 1 1 64
1 0 0 1 1 1 64
1 0 0 1 1 1 64
1 0 0 1 1 1 64
1 0 0 1 1 1 64
1 0 0 1 1 1 64
1 0 0 1 1 1 64
1 0 0 1 1 1 64
2 0 0 1 1 1 64
2 0 0 1 1 1 64
2 0 0 1 1 1 64
2 0 0 1 1 1 64
2 0 0 1 1 1 64
2 0 0 1 1 1 64
2 0 0 1 1 1 64
2 0 0 1 1 1 64
2 0 0 1 1 1 64
3 0 0 1 1 1 64
3 0 0 1 1 1 64
3 0 0 1 1 1 64
3 0 0 1 1 1 64
3 0 0 1 1 1 64
3 0 0 1 1 1 64
3 0 0 1 1 1 64
3 0 0 1 1 1 64
3 0 0 1 1 1 64
4 0 0 1 1 1 64
4 0 0 1 1 1 64
4 0 0 1 1 1 64
4 0 0 1 1 1 64
4 0 0 1 1 1 64
4 0 0 1 1 1 64
4 0 0 1 1 1 64
4 0 0 1 1 1 64
4 0 0 1 1 1 64
#SOLUTION-AFT
 0  0  0  0 
 7  15  12  17 
 4  21  13  11 
 27  29  9  26 
 14  6  19  20 
 16  31  22  28 
 10  23  8  25 
 18  5  24  30 
 3  1  32  2 
#SOLUTION-FWD
 0  0  0  0 
 7  15  12  17 
 4  21  13  11 
 27  29  9  26 
 14  6  19  20 
 16  31  22  28 
 10  23  8  25 
 18  5  24  30 
 3  1  32  2 
#INFO
cap20: 0  cap40: 32  reefer: 0  HC: 32  capacity: 88.888889 TEU: 72