1 103 0 10 90 1 9
#POD
4 
#LOCATIONS
54 
#CONTAINERS_TOLOAD
0 0 0 4599.00 2.59 20 4 0 54 0
0 0 0 7500.00 2.59 20 4 0 54 0
0 0 0 4200.00 2.59 20 4 0 54 0
0 0 0 10400.00 2.90 40 4 0 54 0
0 0 0 4599.00 2.59 20 4 0 54 0
0 0 0 19000.00 2.90 40 4 0 54 0
0 0 0 17120.00 2.90 40 4 0 54 0
0 0 0 8000.00 2.59 20 4 0 54 0
0 0 0 7200.00 2.59 20 4 0 54 0
0 0 0 8400.00 2.59 20 4 0 54 0
0 0 0 10400.00 2.90 40 4 0 54 0
0 0 0 7599.00 2.59 40 4 0 54 0
0 0 0 10400.00 2.90 40 4 0 54 0
0 0 0 10400.00 2.90 40 4 0 54 0
0 0 0 10400.00 2.90 40 4 0 54 0
0 0 0 15000.00 2.90 40 4 0 54 0
0 0 0 6000.00 2.59 40 4 0 54 0
0 0 0 8500.00 2.59 40 4 0 54 0
0 0 0 6000.00 2.59 20 4 0 54 0
0 0 0 10400.00 2.90 40 4 0 54 0
0 0 0 10400.00 2.90 40 4 0 54 0
0 0 0 10400.00 2.90 40 4 0 54 0
0 0 0 17199.00 2.90 40 4 0 54 0
0 0 0 10400.00 2.90 40 4 0 54 0
0 0 0 6200.00 2.59 20 4 0 54 0
0 0 0 12199.00 2.59 20 4 0 54 0
0 0 0 7500.00 2.59 20 4 0 54 0
0 0 0 9300.00 2.59 20 4 0 54 0
0 0 0 3000.00 2.59 20 4 0 54 0
0 0 0 4000.00 2.59 20 4 0 54 0
0 0 0 10400.00 2.90 40 4 0 54 0
0 0 0 10400.00 2.90 40 4 0 54 0
0 0 0 6000.00 2.59 20 4 0 54 0
0 0 0 6000.00 2.59 20 4 0 54 0
0 0 0 8400.00 2.59 40 4 0 54 0
0 0 0 10400.00 2.90 40 4 0 54 0
0 0 0 5799.00 2.59 20 4 0 54 0
0 0 0 14099.00 2.90 40 4 0 54 0
0 0 0 17560.00 2.90 40 4 0 54 0
0 0 0 10400.00 2.90 40 4 0 54 0
0 0 0 5599.00 2.59 20 4 0 54 0
0 0 0 7700.00 2.59 20 4 0 54 0
0 0 0 10400.00 2.90 40 4 0 54 0
0 0 0 5000.00 2.59 20 4 0 54 0
0 0 0 3000.00 2.59 20 4 0 54 0
0 0 0 10400.00 2.90 40 4 0 54 0
0 0 0 9099.00 2.59 40 4 0 54 0
0 0 0 10099.00 2.59 20 4 0 54 0
0 0 0 18000.00 2.90 40 4 0 54 0
0 0 0 10400.00 2.90 40 4 0 54 0
0 0 0 4000.00 2.59 20 4 0 54 0
0 0 0 7200.00 2.59 40 4 0 54 0
0 0 0 5000.00 2.59 20 4 0 54 0
0 0 0 10400.00 2.90 40 4 0 54 0
0 0 0 10400.00 2.90 40 4 0 54 0
0 0 0 10400.00 2.90 40 4 0 54 0
0 0 0 16199.00 2.90 40 4 0 54 0
0 0 0 8599.00 2.59 40 4 0 54 0
0 0 0 10400.00 2.90 40 4 0 54 0
0 0 0 5900.00 2.59 20 4 0 54 0
0 0 0 10400.00 2.90 40 4 0 54 0
0 0 0 17940.00 2.90 40 4 0 54 0
0 0 0 15000.00 2.90 40 4 0 54 0
0 0 0 7000.00 2.59 20 4 0 54 0
0 0 0 10400.00 2.90 40 4 0 54 0
0 0 0 14000.00 2.90 40 4 0 54 0
0 0 0 17500.00 2.90 40 4 0 54 0
0 0 0 7799.00 2.59 40 4 0 54 0
0 0 0 10400.00 2.90 40 4 0 54 0
0 0 0 10400.00 2.90 40 4 0 54 0
0 0 0 6000.00 2.59 20 4 0 54 0
0 0 0 10400.00 2.90 40 4 0 54 0
0 0 0 17940.00 2.90 40 4 0 54 0
0 0 0 15599.00 2.90 40 4 0 54 0
0 0 0 11500.00 2.59 20 4 0 54 0
0 0 0 12199.00 2.59 20 4 0 54 0
0 0 0 18000.00 2.90 40 4 0 54 0
0 0 0 12000.00 2.59 20 4 0 54 0
0 0 0 22000.00 2.90 40 4 0 54 0
0 0 0 8000.00 2.59 40 4 0 54 0
0 0 0 10400.00 2.90 40 4 0 54 0
0 0 0 4700.00 2.59 20 4 0 54 0
0 0 0 10400.00 2.90 40 4 0 54 0
0 0 0 4799.00 2.59 20 4 0 54 0
0 0 0 15000.00 2.90 40 4 0 54 0
0 0 0 5299.00 2.59 20 4 0 54 0
0 0 0 10400.00 2.90 40 4 0 54 0
0 0 0 10400.00 2.90 40 4 0 54 0
0 0 0 19600.00 2.90 40 4 0 54 0
0 0 0 5500.00 2.59 20 4 0 54 0
0 0 0 8000.00 2.59 20 4 0 54 0
0 0 0 5900.00 2.59 20 4 0 54 0
0 0 0 7099.00 2.59 20 4 0 54 0
0 0 0 5780.00 2.59 20 4 0 54 0
0 0 0 10400.00 2.90 40 4 0 54 0
0 0 0 10742.00 2.59 20 4 0 54 0
0 0 0 19000.00 2.90 40 4 0 54 0
0 0 0 10400.00 2.90 40 4 0 54 0
0 0 0 7299.00 2.59 20 4 0 54 0
0 0 0 17600.00 2.90 40 4 0 54 0
0 0 0 17000.00 2.90 40 4 0 54 0
0 0 0 4000.00 2.59 20 4 0 54 0
0 0 0 9000.00 2.59 20 4 0 54 0
#CONTAINERS_LOADED 
#STACKS
384000.000000 21.590000 54
432000.000000 24.180000 54
432000.000000 24.180000 54
432000.000000 24.180000 54
432000.000000 24.180000 54
432000.000000 24.180000 54
432000.000000 24.180000 54
432000.000000 24.180000 54
432000.000000 24.180000 54
384000.000000 21.590000 54
#CELLS
1 0 0 0 0 0 0
1 0 0 1 1 1 54
1 0 0 1 1 1 54
1 0 0 1 1 1 54
1 0 0 1 1 1 54
1 0 0 1 1 1 54
1 0 0 1 1 1 54
1 0 0 1 1 1 54
1 0 0 1 1 1 54
2 0 0 1 1 1 54
2 0 0 1 1 1 54
2 0 1 1 1 1 54
2 0 1 1 1 1 54
2 0 1 1 1 1 54
2 0 1 1 1 1 54
2 0 0 1 1 1 54
2 0 0 1 1 1 54
2 0 0 1 1 1 54
3 0 0 1 1 1 54
3 0 0 1 1 1 54
3 0 1 1 1 1 54
3 0 1 1 1 1 54
3 0 1 1 1 1 54
3 0 1 1 1 1 54
3 0 0 1 1 1 54
3 0 0 1 1 1 54
3 0 0 1 1 1 54
4 0 0 1 1 1 54
4 0 1 1 1 1 54
4 0 1 1 1 1 54
4 0 1 1 1 1 54
4 0 1 1 1 1 54
4 0 1 1 1 1 54
4 0 0 1 1 1 54
4 0 0 1 1 1 54
4 0 0 1 1 1 54
5 0 0 1 1 1 54
5 0 1 1 1 1 54
5 0 1 1 1 1 54
5 0 1 1 1 1 54
5 0 1 1 1 1 54
5 0 1 1 1 1 54
5 0 0 1 1 1 54
5 0 0 1 1 1 54
5 0 0 1 1 1 54
6 0 0 1 1 1 54
6 0 1 1 1 1 54
6 0 1 1 1 1 54
6 0 1 1 1 1 54
6 0 1 1 1 1 54
6 0 1 1 1 1 54
6 0 0 1 1 1 54
6 0 0 1 1 1 54
6 0 0 1 1 1 54
7 0 0 1 1 1 54
7 0 1 1 1 1 54
7 0 1 1 1 1 54
7 0 1 1 1 1 54
7 0 1 1 1 1 54
7 0 1 1 1 1 54
7 0 0 1 1 1 54
7 0 0 1 1 1 54
7 0 0 1 1 1 54
8 0 0 1 1 1 54
8 0 0 1 1 1 54
8 0 1 1 1 1 54
8 0 1 1 1 1 54
8 0 1 1 1 1 54
8 0 1 1 1 1 54
8 0 0 1 1 1 54
8 0 0 1 1 1 54
8 0 0 1 1 1 54
9 0 0 1 1 1 54
9 0 0 1 1 1 54
9 0 1 1 1 1 54
9 0 1 1 1 1 54
9 0 1 1 1 1 54
9 0 1 1 1 1 54
9 0 0 1 1 1 54
9 0 0 1 1 1 54
9 0 0 1 1 1 54
10 0 0 0 0 0 0
10 0 0 1 1 1 54
10 0 0 1 1 1 54
10 0 0 1 1 1 54
10 0 0 1 1 1 54
10 0 0 1 1 1 54
10 0 0 1 1 1 54
10 0 0 1 1 1 54
10 0 0 1 1 1 54
#SOLUTION-AFT
 0  0  49  97  89  12  0  0  0  0 
 66  101  77  6  79  68  56  43  87  17 
 38  7  29  94  2  80  81  36  95  52 
 85  23  102  37  42  35  24  72  98  83 
 63  67  3  19  10  18  50  32  13  40 
 16  39  5  33  28  58  59  22  14  46 
 74  100  82  34  48  47  70  61  15  54 
 57  62  44  64  75  4  65  88  20  69 
 0  73  86  9  26  11  21  55  31  0 
#SOLUTION-FWD
 0  0  49  97  89  12  0  0  0  0 
 66  101  77  6  79  68  56  43  87  17 
 38  7  45  41  27  80  81  36  95  52 
 85  23  30  60  8  35  24  72  98  83 
 63  67  51  92  91  18  50  32  13  40 
 16  39  1  71  103  58  59  22  14  46 
 74  100  84  25  96  47  70  61  15  54 
 57  62  53  93  78  4  65  88  20  69 
 0  73  90  99  76  11  21  55  31  0 
#INFO
cap20: 42  cap40: 61  reefer: 0  HC: 52  capacity: 93.181818 TEU: 176