1 45 0 3 24 1 8
#POD
6 
#LOCATIONS
30 
#CONTAINERS_TOLOAD
0 0 0 15334.00 2.59 20 6 0 30 0
0 0 0 20360.00 2.59 20 6 0 30 0
0 0 0 20360.00 2.59 20 6 0 30 0
0 0 0 20380.00 2.59 20 6 0 30 0
0 0 0 20996.00 2.59 20 6 0 30 0
0 0 0 26950.00 2.59 20 6 0 30 0
0 0 0 11420.00 2.59 20 6 0 30 0
0 0 0 13530.00 2.59 20 6 0 30 0
0 0 0 13610.00 2.59 20 6 0 30 0
0 0 0 23341.00 2.59 20 6 0 30 0
0 0 0 15434.00 2.59 20 6 0 30 0
0 0 0 15404.00 2.59 20 6 0 30 0
0 0 0 29000.00 2.59 40 6 0 30 0
0 0 0 7940.00 2.59 20 6 0 30 0
0 0 0 22230.00 2.59 20 6 0 30 0
0 0 0 15404.00 2.59 20 6 0 30 0
0 0 0 20424.00 2.59 20 6 0 30 0
0 0 0 20330.00 2.59 20 6 0 30 0
0 0 0 21056.00 2.59 20 6 0 30 0
0 0 0 15274.00 2.59 20 6 0 30 0
0 0 0 17804.00 2.59 20 6 0 30 0
0 0 0 13043.00 2.59 20 6 0 30 0
0 0 0 22451.00 2.59 20 6 0 30 0
0 0 0 23320.00 2.59 40 6 0 30 0
0 0 0 23240.00 2.59 40 6 0 30 0
0 0 0 22284.00 2.59 20 6 0 30 0
0 0 0 20405.00 2.59 20 6 0 30 0
0 0 0 20460.00 2.59 20 6 0 30 0
0 0 0 28870.00 2.59 20 6 0 30 0
0 0 0 29120.00 2.59 20 6 0 30 0
0 0 0 15244.00 2.59 20 6 0 30 0
0 0 0 5361.00 2.59 20 6 0 30 0
0 0 0 6144.00 2.59 20 6 0 30 0
0 0 0 26950.00 2.59 20 6 0 30 0
0 0 0 20404.00 2.59 20 6 0 30 0
0 0 0 21752.00 2.59 20 6 0 30 0
0 0 0 22170.00 2.59 20 6 0 30 0
0 0 0 21630.00 2.59 20 6 0 30 0
0 0 0 20410.00 2.59 20 6 0 30 0
0 0 0 20544.00 2.59 20 6 0 30 0
0 0 0 18570.00 2.59 20 6 0 30 0
0 0 0 20354.00 2.59 20 6 0 30 0
0 0 0 20460.00 2.59 20 6 0 30 0
0 0 0 20410.00 2.59 20 6 0 30 0
0 0 0 9520.00 2.59 20 6 0 30 0
#CONTAINERS_LOADED 
#STACKS
340000.000000 21.280000 30
340000.000000 21.280000 30
340000.000000 21.280000 30
#CELLS
1 0 0 1 1 1 30
1 0 0 1 1 1 30
1 0 0 1 1 1 30
1 0 0 1 1 1 30
1 0 0 1 1 1 30
1 0 0 1 1 1 30
1 0 0 1 1 1 30
1 0 0 0 0 1 30
2 0 0 1 1 1 30
2 0 0 1 1 1 30
2 0 0 1 1 1 30
2 0 0 1 1 1 30
2 0 0 1 1 1 30
2 0 0 1 1 1 30
2 0 0 1 1 1 30
2 0 0 0 0 1 30
3 0 0 1 1 1 30
3 0 0 1 1 1 30
3 0 0 1 1 1 30
3 0 0 1 1 1 30
3 0 0 1 1 1 30
3 0 0 1 1 1 30
3 0 0 1 1 1 30
3 0 0 0 0 1 30
#SOLUTION-AFT
 25  13  24 
 32  31  39 
 14  1  17 
 22  16  40 
 8  11  5 
 42  10  36 
 2  6  15 
 35  30  26 
#SOLUTION-FWD
 25  13  24 
 33  9  44 
 45  20  43 
 7  12  28 
 18  21  19 
 3  41  38 
 4  34  37 
 27  29  23 
#INFO
cap20: 42  cap40: 3  reefer: 0  HC: 0  capacity: 100.000000 TEU: 48