1 21 0 3 21 1 7
#POD
3 
#LOCATIONS
45 
#CONTAINERS_TOLOAD
0 0 0 15000.00 2.90 40 3 0 45 0
0 0 0 15000.00 2.90 40 3 0 45 0
0 0 0 15000.00 2.90 40 3 0 45 0
0 0 0 13000.00 2.59 40 3 0 45 0
0 0 0 15000.00 2.90 40 3 0 45 0
0 0 0 15000.00 2.90 40 3 0 45 0
0 0 0 13000.00 2.59 40 3 0 45 0
0 0 0 15000.00 2.90 40 3 0 45 0
0 0 0 15144.00 2.90 40 3 0 45 0
0 0 0 15000.00 2.90 40 3 0 45 0
0 0 0 13000.00 2.59 40 3 0 45 0
0 0 0 15000.00 2.90 40 3 0 45 0
0 0 0 13000.00 2.59 40 3 0 45 0
0 0 0 13000.00 2.59 40 3 0 45 0
0 0 0 13000.00 2.59 40 3 0 45 0
0 0 0 13000.00 2.59 40 3 0 45 0
0 0 0 13000.00 2.59 40 3 0 45 0
0 0 0 13000.00 2.59 40 3 0 45 0
0 0 0 13000.00 2.59 40 3 0 45 0
0 0 0 13000.00 2.59 40 3 0 45 0
0 0 0 13000.00 2.59 40 3 0 45 0
#CONTAINERS_LOADED 
#STACKS
282000.000000 19.240000 45
282000.000000 19.240000 45
282000.000000 19.240000 45
#CELLS
1 1 1 1 1 1 45
1 1 1 1 1 1 45
1 1 1 1 1 1 45
1 1 1 1 1 1 45
1 1 1 1 1 1 45
1 0 0 1 1 1 45
1 0 0 1 1 1 45
2 1 1 1 1 1 45
2 1 1 1 1 1 45
2 1 1 1 1 1 45
2 1 1 1 1 1 45
2 1 1 1 1 1 45
2 0 0 1 1 1 45
2 0 0 1 1 1 45
3 1 1 1 1 1 45
3 1 1 1 1 1 45
3 1 1 1 1 1 45
3 1 1 1 1 1 45
3 1 1 1 1 1 45
3 0 0 1 1 1 45
3 0 0 1 1 1 45
#SOLUTION-AFT
 15  21  18 
 13  19  16 
 14  20  17 
 11  4  7 
 10  1  5 
 8  2  3 
 12  9  6 
#SOLUTION-FWD
 15  21  18 
 13  19  16 
 14  20  17 
 11  4  7 
 10  1  5 
 8  2  3 
 12  9  6 
#INFO
cap20: 0  cap40: 21  reefer: 0  HC: 9  capacity: 100.000000 TEU: 42