2 41 0 10 90 1 9
#POD
7 10 
#LOCATIONS
93 
#CONTAINERS_TOLOAD
0 0 0 3977.00 2.59 20 10 0 93 0
0 0 0 9200.00 2.59 20 10 0 93 0
0 0 0 10818.00 2.59 40 7 0 93 0
0 0 0 16670.00 2.90 40 7 0 93 0
0 0 0 11325.00 2.90 40 7 0 93 0
0 0 0 24286.00 2.59 20 10 0 93 0
0 0 0 11825.00 2.59 40 7 0 93 0
0 0 0 9484.00 2.59 40 7 0 93 0
0 0 0 10437.00 2.90 40 7 0 93 0
0 0 0 9972.00 2.59 40 7 0 93 0
0 0 0 8468.00 2.59 40 7 0 93 0
0 0 0 17129.00 2.90 40 7 0 93 0
0 0 0 8284.00 2.59 40 7 0 93 0
0 0 0 8516.00 2.59 20 10 0 93 0
0 0 0 11325.00 2.90 40 7 0 93 0
0 0 0 8865.00 2.59 40 7 0 93 0
0 0 0 7676.00 2.90 40 7 0 93 0
0 0 0 9980.00 2.59 40 7 0 93 0
0 0 0 10850.00 2.59 40 7 0 93 0
0 0 0 8750.00 2.59 40 7 0 93 0
0 0 0 20872.00 2.90 40 7 0 93 0
0 0 0 16904.00 2.90 40 7 0 93 0
0 0 0 7941.00 2.59 40 7 0 93 0
0 0 0 11556.00 2.59 40 7 0 93 0
0 0 0 11675.00 2.59 40 7 0 93 0
0 0 0 12145.00 2.90 40 7 0 93 0
0 0 0 20880.00 2.59 20 10 0 93 0
0 0 0 20030.00 2.90 40 7 0 93 0
0 0 0 7803.00 2.59 40 7 0 93 0
0 0 0 19304.00 2.90 40 7 0 93 0
0 0 0 20860.00 2.59 20 10 0 93 0
0 0 0 8662.00 2.59 40 7 0 93 0
0 0 0 7676.00 2.90 40 7 0 93 0
0 0 0 17129.00 2.90 40 7 0 93 0
0 0 0 11946.00 2.90 40 7 0 93 0
0 0 0 8100.00 2.59 20 10 0 93 0
0 0 0 9368.00 2.59 40 7 0 93 0
0 0 0 11241.00 2.59 40 7 0 93 0
0 0 0 10592.00 2.59 40 7 0 93 0
0 0 0 8840.00 2.90 40 7 0 93 0
0 0 0 20860.00 2.59 20 10 0 93 0
#CONTAINERS_LOADED 
#STACKS
184000.000000 10.363200 93
184000.000000 10.363200 93
184000.000000 12.960000 93
184000.000000 12.960000 93
184000.000000 12.960000 93
184000.000000 12.960000 93
184000.000000 12.960000 93
184000.000000 12.960000 93
184000.000000 10.363200 93
184000.000000 10.363200 93
#CELLS
1 0 0 0 0 0 0
1 0 0 0 0 0 0
1 0 0 0 0 0 0
1 0 0 0 0 0 0
1 0 0 0 0 0 0
1 0 0 1 1 1 93
1 0 0 1 1 1 93
1 0 0 1 1 1 93
1 0 0 1 1 1 93
2 0 0 0 0 0 0
2 0 0 0 0 0 0
2 0 0 0 0 0 0
2 0 0 0 0 0 0
2 0 0 0 0 0 0
2 0 0 1 1 1 93
2 0 0 1 1 1 93
2 0 0 1 1 1 93
2 0 0 1 1 1 93
3 0 0 0 0 0 0
3 0 0 0 0 0 0
3 0 0 0 0 0 0
3 0 0 0 0 0 0
3 0 0 1 1 1 93
3 0 0 1 1 1 93
3 0 0 1 1 1 93
3 0 0 1 1 1 93
3 0 0 1 1 1 93
4 0 0 0 0 0 0
4 0 0 0 0 0 0
4 0 0 0 0 0 0
4 0 0 0 0 0 0
4 0 0 1 1 1 93
4 0 0 1 1 1 93
4 0 0 1 1 1 93
4 0 0 1 1 1 93
4 0 0 1 1 1 93
5 0 0 0 0 0 0
5 0 0 0 0 0 0
5 0 0 0 0 0 0
5 0 0 0 0 0 0
5 0 0 1 1 1 93
5 0 0 1 1 1 93
5 0 0 1 1 1 93
5 0 0 1 1 1 93
5 0 0 1 1 1 93
6 0 0 0 0 0 0
6 0 0 0 0 0 0
6 0 0 0 0 0 0
6 0 0 0 0 0 0
6 0 0 1 1 1 93
6 0 0 1 1 1 93
6 0 0 1 1 1 93
6 0 0 1 1 1 93
6 0 0 1 1 1 93
7 0 0 0 0 0 0
7 0 0 0 0 0 0
7 0 0 0 0 0 0
7 0 0 0 0 0 0
7 0 0 1 1 1 93
7 0 0 1 1 1 93
7 0 0 1 1 1 93
7 0 0 1 1 1 93
7 0 0 1 1 1 93
8 0 0 0 0 0 0
8 0 0 0 0 0 0
8 0 0 0 0 0 0
8 0 0 0 0 0 0
8 0 0 1 1 1 93
8 0 0 1 1 1 93
8 0 0 1 1 1 93
8 0 0 1 1 1 93
8 0 0 1 1 1 93
9 0 0 0 0 0 0
9 0 0 0 0 0 0
9 0 0 0 0 0 0
9 0 0 0 0 0 0
9 0 0 0 0 0 0
9 0 0 1 1 1 93
9 0 0 1 1 1 93
9 0 0 1 1 1 93
9 0 0 1 1 1 93
10 0 0 0 0 0 0
10 0 0 0 0 0 0
10 0 0 0 0 0 0
10 0 0 0 0 0 0
10 0 0 0 0 0 0
10 0 0 1 1 1 93
10 0 0 1 1 1 93
10 0 0 1 1 1 93
10 0 0 1 1 1 93
#SOLUTION-AFT
 0  32  0  0  8  19  0  0  1  29 
 0  20  33  0  10  38  26  4  2  23 
 0  16  17  5  18  24  30  22  31  13 
 0  37  40  15  39  25  28  12  27  11 
 0  0  9  35  3  7  21  34  0  0 
 0  0  0  0  0  0  0  0  0  0 
 0  0  0  0  0  0  0  0  0  0 
 0  0  0  0  0  0  0  0  0  0 
 0  0  0  0  0  0  0  0  0  0 
#SOLUTION-FWD
 0  32  0  0  8  19  0  0  36  29 
 0  20  33  0  10  38  26  4  14  23 
 0  16  17  5  18  24  30  22  41  13 
 0  37  40  15  39  25  28  12  6  11 
 0  0  9  35  3  7  21  34  0  0 
 0  0  0  0  0  0  0  0  0  0 
 0  0  0  0  0  0  0  0  0  0 
 0  0  0  0  0  0  0  0  0  0 
 0  0  0  0  0  0  0  0  0  0 
#INFO
cap20: 8  cap40: 33  reefer: 0  HC: 15  capacity: 80.434783 TEU: 92