1 39 0 5 45 1 9
#POD
6 
#LOCATIONS
40 
#CONTAINERS_TOLOAD
0 0 0 4000.00 2.90 40 6 0 40 0
0 0 0 4000.00 2.90 40 6 0 40 0
0 0 0 4000.00 2.90 40 6 0 40 0
0 0 0 4000.00 2.90 40 6 0 40 0
0 0 0 4000.00 2.90 40 6 0 40 0
0 0 0 4000.00 2.90 40 6 0 40 0
0 0 0 4000.00 2.90 40 6 0 40 0
0 0 0 4000.00 2.90 40 6 0 40 0
0 0 0 4000.00 2.90 40 6 0 40 0
0 0 0 4000.00 2.90 40 6 0 40 0
0 0 0 4000.00 2.90 40 6 0 40 0
0 0 0 4000.00 2.90 40 6 0 40 0
0 0 0 4000.00 2.90 40 6 0 40 0
0 0 0 4000.00 2.90 40 6 0 40 0
0 0 0 4000.00 2.90 40 6 0 40 0
0 0 0 4000.00 2.90 40 6 0 40 0
0 0 0 4000.00 2.90 40 6 0 40 0
0 0 0 4000.00 2.90 40 6 0 40 0
0 0 0 4000.00 2.90 40 6 0 40 0
0 0 0 4000.00 2.90 40 6 0 40 0
0 0 0 4000.00 2.90 40 6 0 40 0
0 0 0 4000.00 2.90 40 6 0 40 0
0 0 0 4000.00 2.90 40 6 0 40 0
0 0 0 4000.00 2.90 40 6 0 40 0
0 0 0 4000.00 2.90 40 6 0 40 0
0 0 0 4000.00 2.90 40 6 0 40 0
0 0 0 4000.00 2.90 40 6 0 40 0
0 0 0 4000.00 2.90 40 6 0 40 0
0 0 0 4000.00 2.90 40 6 0 40 0
0 0 0 4000.00 2.90 40 6 0 40 0
0 0 0 4000.00 2.90 40 6 0 40 0
0 0 0 4000.00 2.90 40 6 0 40 0
0 0 0 4000.00 2.90 40 6 0 40 0
0 0 0 4000.00 2.90 40 6 0 40 0
0 0 0 4000.00 2.90 40 6 0 40 0
0 0 0 4000.00 2.90 40 6 0 40 0
0 0 0 4000.00 2.90 40 6 0 40 0
0 0 0 4000.00 2.90 40 6 0 40 0
0 0 0 4000.00 2.90 40 6 0 40 0
#CONTAINERS_LOADED 
#STACKS
460000.000000 23.870000 40
460000.000000 23.870000 40
460000.000000 23.870000 40
460000.000000 23.870000 40
460000.000000 23.870000 40
#CELLS
1 0 0 1 1 1 40
1 0 0 1 1 1 40
1 0 0 1 1 1 40
1 0 0 1 1 1 40
1 0 0 1 1 1 40
1 0 0 0 0 1 40
1 0 0 0 0 1 40
1 0 0 0 0 1 40
1 0 0 0 0 1 40
2 0 0 1 1 1 40
2 0 0 1 1 1 40
2 0 0 1 1 1 40
2 0 0 1 1 1 40
2 0 0 1 1 1 40
2 0 0 0 0 1 40
2 0 0 0 0 1 40
2 0 0 0 0 1 40
2 0 0 0 0 1 40
3 0 0 1 1 1 40
3 0 0 1 1 1 40
3 0 0 1 1 1 40
3 0 0 1 1 1 40
3 0 0 1 1 1 40
3 0 0 0 0 1 40
3 0 0 0 0 1 40
3 0 0 0 0 1 40
3 0 0 0 0 1 40
4 0 0 1 1 1 40
4 0 0 1 1 1 40
4 0 0 1 1 1 40
4 0 0 1 1 1 40
4 0 0 1 1 1 40
4 0 0 0 0 1 40
4 0 0 0 0 1 40
4 0 0 0 0 1 40
4 0 0 0 0 1 40
5 0 0 1 1 1 40
5 0 0 1 1 1 40
5 0 0 1 1 1 40
5 0 0 1 1 1 40
5 0 0 1 1 1 40
5 0 0 0 0 1 40
5 0 0 0 0 1 40
5 0 0 0 0 1 40
5 0 0 0 0 1 40
#SOLUTION-AFT
 0  0  0  0  0 
 30  24  36  25  0 
 16  13  12  28  29 
 19  32  31  21  22 
 18  6  38  34  33 
 15  14  10  26  37 
 7  20  27  9  39 
 8  23  11  17  35 
 5  3  1  2  4 
#SOLUTION-FWD
 0  0  0  0  0 
 30  24  36  25  0 
 16  13  12  28  29 
 19  32  31  21  22 
 18  6  38  34  33 
 15  14  10  26  37 
 7  20  27  9  39 
 8  23  11  17  35 
 5  3  1  2  4 
#INFO
cap20: 0  cap40: 39  reefer: 0  HC: 39  capacity: 86.666667 TEU: 90