1 23 117 10 90 1 9
#POD
3 
#LOCATIONS
35 
#CONTAINERS_TOLOAD
0 0 0 4000.00 2.90 40 3 0 35 0
0 0 0 4000.00 2.90 40 3 0 35 0
0 0 0 4000.00 2.90 40 3 0 35 0
0 0 0 4000.00 2.90 40 3 0 35 0
0 0 0 4000.00 2.90 40 3 0 35 0
0 0 0 4000.00 2.90 40 3 0 35 0
0 0 0 4000.00 2.90 40 3 0 35 0
0 0 0 4000.00 2.90 40 3 0 35 0
0 0 0 4000.00 2.90 40 3 0 35 0
0 0 0 4000.00 2.90 40 3 0 35 0
0 0 0 4000.00 2.90 40 3 0 35 0
0 0 0 4000.00 2.90 40 3 0 35 0
0 0 0 4000.00 2.90 40 3 0 35 0
0 0 0 4000.00 2.90 40 3 0 35 0
0 0 0 4000.00 2.90 40 3 0 35 0
0 0 0 4000.00 2.90 40 3 0 35 0
0 0 0 4000.00 2.90 40 3 0 35 0
0 0 0 4000.00 2.90 40 3 0 35 0
0 0 0 4000.00 2.90 40 3 0 35 0
0 0 0 4000.00 2.90 40 3 0 35 0
0 0 0 4000.00 2.90 40 3 0 35 0
0 0 0 4000.00 2.90 40 3 0 35 0
0 0 0 4000.00 2.90 40 3 0 35 0
#CONTAINERS_LOADED 
9 3 -1 2300.00 2.59 20 3 0 35 0
1 6 1 2300.00 2.59 20 3 0 35 0
9 7 -1 2300.00 2.59 20 3 0 35 0
8 7 1 2300.00 2.59 20 3 0 35 0
7 3 -1 2200.00 2.59 20 3 0 35 0
3 1 -1 2200.00 2.59 20 3 0 35 0
2 4 1 2300.00 2.59 20 3 0 35 0
4 6 -1 2200.00 2.59 20 3 0 35 0
3 4 1 2200.00 2.59 20 3 0 35 0
2 7 -1 2300.00 2.59 20 3 0 35 0
2 2 1 2300.00 2.59 20 3 0 35 0
4 4 -1 2200.00 2.59 20 3 0 35 0
2 7 1 2200.00 2.59 20 3 0 35 0
4 1 -1 2300.00 2.59 20 3 0 35 0
4 3 -1 2300.00 2.59 20 3 0 35 0
8 3 1 2300.00 2.59 20 3 0 35 0
9 8 -1 2200.00 2.59 20 3 0 35 0
4 7 -1 2200.00 2.59 20 3 0 35 0
1 4 1 2400.00 2.59 20 3 0 35 0
1 9 0 3900.00 2.90 40 3 0 35 0
2 5 1 2200.00 2.59 20 3 0 35 0
8 5 -1 2200.00 2.59 20 3 0 35 0
4 2 -1 2200.00 2.59 20 3 0 35 0
3 3 1 2200.00 2.59 20 3 0 35 0
7 8 -1 2300.00 2.59 20 3 0 35 0
3 1 1 2300.00 2.59 20 3 0 35 0
9 1 1 2300.00 2.59 20 3 0 35 0
4 3 1 2300.00 2.59 20 3 0 35 0
4 8 -1 2300.00 2.59 20 3 0 35 0
9 3 1 2200.00 2.59 20 3 0 35 0
3 6 -1 2300.00 2.59 20 3 0 35 0
8 8 1 2300.00 2.59 20 3 0 35 0
7 2 -1 2300.00 2.59 20 3 0 35 0
1 5 1 2200.00 2.59 20 3 0 35 0
3 8 1 2300.00 2.59 20 3 0 35 0
4 7 1 2200.00 2.59 20 3 0 35 0
1 3 -1 2200.00 2.59 20 3 0 35 0
7 4 -1 2200.00 2.59 20 3 0 35 0
2 3 -1 2200.00 2.59 20 3 0 35 0
1 3 1 2200.00 2.59 20 3 0 35 0
8 2 1 2200.00 2.59 20 3 0 35 0
9 6 1 2200.00 2.59 20 3 0 35 0
3 5 -1 2300.00 2.59 20 3 0 35 0
7 1 -1 2100.00 2.59 20 3 0 35 0
8 6 -1 2400.00 2.59 20 3 0 35 0
9 2 1 2200.00 2.59 20 3 0 35 0
1 6 -1 2200.00 2.59 20 3 0 35 0
2 4 -1 2300.00 2.59 20 3 0 35 0
1 7 -1 2200.00 2.59 20 3 0 35 0
1 8 -1 2300.00 2.59 20 3 0 35 0
4 5 -1 2300.00 2.59 20 3 0 35 0
3 5 1 2200.00 2.59 20 3 0 35 0
1 8 1 2300.00 2.59 20 3 0 35 0
1 7 1 2200.00 2.59 20 3 0 35 0
9 2 -1 2200.00 2.59 20 3 0 35 0
8 3 -1 2300.00 2.59 20 3 0 35 0
3 2 1 2200.00 2.59 20 3 0 35 0
2 6 1 2300.00 2.59 20 3 0 35 0
9 9 0 4000.00 2.90 40 3 0 35 0
7 8 1 2200.00 2.59 20 3 0 35 0
2 6 -1 2200.00 2.59 20 3 0 35 0
7 7 -1 2400.00 2.59 20 3 0 35 0
3 6 1 2300.00 2.59 20 3 0 35 0
8 1 1 2200.00 2.59 20 3 0 35 0
4 9 0 4000.00 2.90 40 3 0 35 0
9 7 1 2300.00 2.59 20 3 0 35 0
9 8 1 2300.00 2.59 20 3 0 35 0
8 7 -1 2200.00 2.59 20 3 0 35 0
3 7 1 2300.00 2.59 20 3 0 35 0
3 9 0 3800.00 2.90 40 3 0 35 0
2 1 -1 2200.00 2.59 20 3 0 35 0
1 5 -1 2200.00 2.59 20 3 0 35 0
1 4 -1 2300.00 2.59 20 3 0 35 0
8 2 -1 2300.00 2.59 20 3 0 35 0
3 7 -1 2300.00 2.59 20 3 0 35 0
2 9 0 3900.00 2.90 40 3 0 35 0
8 1 -1 2200.00 2.59 20 3 0 35 0
7 9 0 3900.00 2.90 40 3 0 35 0
4 4 1 2200.00 2.59 20 3 0 35 0
4 8 1 2300.00 2.59 20 3 0 35 0
9 4 1 2300.00 2.59 20 3 0 35 0
9 6 -1 2300.00 2.59 20 3 0 35 0
3 3 -1 2300.00 2.59 20 3 0 35 0
3 8 -1 2300.00 2.59 20 3 0 35 0
8 9 0 3900.00 2.90 40 3 0 35 0
8 8 -1 2200.00 2.59 20 3 0 35 0
2 8 1 2300.00 2.59 20 3 0 35 0
2 5 -1 2200.00 2.59 20 3 0 35 0
2 3 1 2300.00 2.59 20 3 0 35 0
4 2 1 2200.00 2.59 20 3 0 35 0
8 4 -1 2300.00 2.59 20 3 0 35 0
9 5 -1 2200.00 2.59 20 3 0 35 0
8 6 1 2200.00 2.59 20 3 0 35 0
7 6 1 2200.00 2.59 20 3 0 35 0
1 2 -1 2200.00 2.59 20 3 0 35 0
9 4 -1 2300.00 2.59 20 3 0 35 0
8 5 1 2300.00 2.59 20 3 0 35 0
7 5 1 2200.00 2.59 20 3 0 35 0
3 2 -1 2300.00 2.59 20 3 0 35 0
4 6 1 2300.00 2.59 20 3 0 35 0
9 1 -1 2200.00 2.59 20 3 0 35 0
9 5 1 2200.00 2.59 20 3 0 35 0
2 1 1 2300.00 2.59 20 3 0 35 0
7 1 1 2400.00 2.59 20 3 0 35 0
4 5 1 2200.00 2.59 20 3 0 35 0
7 2 1 2300.00 2.59 20 3 0 35 0
2 2 -1 2200.00 2.59 20 3 0 35 0
7 6 -1 2300.00 2.59 20 3 0 35 0
7 4 1 2300.00 2.59 20 3 0 35 0
7 7 1 2200.00 2.59 20 3 0 35 0
3 4 -1 2200.00 2.59 20 3 0 35 0
7 3 1 2200.00 2.59 20 3 0 35 0
4 1 1 2200.00 2.59 20 3 0 35 0
7 5 -1 2200.00 2.59 20 3 0 35 0
1 2 1 2200.00 2.59 20 3 0 35 0
2 8 -1 2200.00 2.59 20 3 0 35 0
8 4 1 2200.00 2.59 20 3 0 35 0
#STACKS
378000.000000 21.290000 35
378000.000000 23.890000 35
378000.000000 23.890000 35
378000.000000 23.890000 35
378000.000000 23.890000 35
378000.000000 23.890000 35
378000.000000 23.890000 35
378000.000000 23.890000 35
378000.000000 23.890000 35
378000.000000 21.290000 35
#CELLS
1 0 0 0 0 0 0
1 0 0 1 1 1 35
1 0 0 1 1 1 35
1 0 0 1 1 1 35
1 0 0 1 1 1 35
1 0 0 1 1 1 35
1 0 0 1 1 1 35
1 0 0 1 1 1 35
1 0 0 1 1 1 35
2 0 0 1 1 1 35
2 0 0 1 1 1 35
2 0 0 1 1 1 35
2 0 0 1 1 1 35
2 0 0 1 1 1 35
2 0 0 1 1 1 35
2 0 0 1 1 1 35
2 0 0 1 1 1 35
2 0 0 1 1 1 35
3 0 0 1 1 1 35
3 1 0 1 1 1 35
3 1 0 1 1 1 35
3 1 0 1 1 1 35
3 1 0 1 1 1 35
3 1 0 1 1 1 35
3 1 0 1 1 1 35
3 0 0 1 1 1 35
3 0 0 1 1 1 35
4 1 0 1 1 1 35
4 1 0 1 1 1 35
4 1 0 1 1 1 35
4 1 0 1 1 1 35
4 1 0 1 1 1 35
4 1 0 1 1 1 35
4 1 0 1 1 1 35
4 0 0 1 1 1 35
4 0 0 1 1 1 35
5 1 0 1 1 1 35
5 1 0 1 1 1 35
5 1 0 1 1 1 35
5 1 0 1 1 1 35
5 1 0 1 1 1 35
5 1 0 1 1 1 35
5 1 0 1 1 1 35
5 0 0 1 1 1 35
5 0 0 1 1 1 35
6 1 0 1 1 1 35
6 1 0 1 1 1 35
6 1 0 1 1 1 35
6 1 0 1 1 1 35
6 1 0 1 1 1 35
6 1 0 1 1 1 35
6 1 0 1 1 1 35
6 0 0 1 1 1 35
6 0 0 1 1 1 35
7 1 0 1 1 1 35
7 1 0 1 1 1 35
7 1 0 1 1 1 35
7 1 0 1 1 1 35
7 1 0 1 1 1 35
7 1 0 1 1 1 35
7 1 0 1 1 1 35
7 0 0 1 1 1 35
7 0 0 1 1 1 35
8 0 0 1 1 1 35
8 1 0 1 1 1 35
8 1 0 1 1 1 35
8 1 0 1 1 1 35
8 1 0 1 1 1 35
8 1 0 1 1 1 35
8 1 0 1 1 1 35
8 0 0 1 1 1 35
8 0 0 1 1 1 35
9 0 0 1 1 1 35
9 0 0 1 1 1 35
9 0 0 1 1 1 35
9 0 0 1 1 1 35
9 0 0 1 1 1 35
9 0 0 1 1 1 35
9 0 0 1 1 1 35
9 0 0 1 1 1 35
9 0 0 1 1 1 35
10 0 0 0 0 0 0
10 0 0 1 1 1 35
10 0 0 1 1 1 35
10 0 0 1 1 1 35
10 0 0 1 1 1 35
10 0 0 1 1 1 35
10 0 0 1 1 1 35
10 0 0 1 1 1 35
10 0 0 1 1 1 35
#SOLUTION-AFT
 43  99  93  88  0  0  101  108  82  0 
 76  110  58  103  13  16  83  55  90  6 
 77  36  92  59  22  5  133  27  89  11 
 25  81  86  123  21  19  117  116  65  12 
 57  44  75  128  7  17  121  120  125  1 
 42  30  32  102  15  20  132  140  104  8 
 63  112  47  51  10  14  135  39  53  18 
 138  34  80  113  9  3  129  64  69  4 
 0  126  49  136  2  23  127  87  50  0 
#SOLUTION-FWD
 43  99  93  88  0  0  101  108  82  0 
 73  139  107  52  13  16  48  109  40  6 
 72  33  98  41  22  5  85  91  26  11 
 70  84  54  31  21  19  131  68  105  12 
 95  111  66  74  7  17  137  45  115  1 
 96  71  134  35  15  20  61  114  119  8 
 60  62  106  38  10  14  28  79  24  18 
 118  130  122  46  9  3  56  97  78  4 
 0  94  29  37  2  23  67  100  124  0 
#INFO
cap20: 110  cap40: 30  reefer: 0  HC: 30  capacity: 96.590909 TEU: 176