1 44 0 5 45 1 9
#POD
2 
#LOCATIONS
16 
#CONTAINERS_TOLOAD
0 0 0 18800.00 2.59 40 2 0 16 0
0 0 0 28390.00 2.59 40 2 0 16 0
0 0 0 20128.00 2.59 40 2 0 16 0
0 0 0 20128.00 2.59 40 2 0 16 0
0 0 0 20128.00 2.59 40 2 0 16 0
0 0 0 28630.00 2.90 40 2 0 16 0
0 0 0 20318.00 2.59 40 2 0 16 0
0 0 0 28630.00 2.90 40 2 0 16 0
0 0 0 8300.00 2.59 40 2 0 16 0
0 0 0 20128.00 2.59 40 2 0 16 0
0 0 0 20128.00 2.59 40 2 0 16 0
0 0 0 21420.00 2.59 40 2 0 16 0
0 0 0 20288.00 2.59 40 2 0 16 0
0 0 0 20278.00 2.59 40 2 0 16 0
0 0 0 13800.00 2.59 40 2 0 16 0
0 0 0 20188.00 2.59 40 2 0 16 0
0 0 0 20308.00 2.59 40 2 0 16 0
0 0 0 20288.00 2.59 40 2 0 16 0
0 0 0 20238.00 2.59 40 2 0 16 0
0 0 0 18700.00 2.59 40 2 0 16 0
0 0 0 20188.00 2.59 40 2 0 16 0
0 0 0 20138.00 2.59 40 2 0 16 0
0 0 0 28300.00 2.59 40 2 0 16 0
0 0 0 20128.00 2.59 40 2 0 16 0
0 0 0 20188.00 2.59 40 2 0 16 0
0 0 0 13700.00 2.59 40 2 0 16 0
0 0 0 28390.00 2.59 40 2 0 16 0
0 0 0 20128.00 2.59 40 2 0 16 0
0 0 0 20288.00 2.59 40 2 0 16 0
0 0 0 20128.00 2.59 40 2 0 16 0
0 0 0 20188.00 2.59 40 2 0 16 0
0 0 0 20683.00 2.59 40 2 0 16 0
0 0 0 20238.00 2.59 40 2 0 16 0
0 0 0 20800.00 2.59 40 2 0 16 0
0 0 0 20128.00 2.59 40 2 0 16 0
0 0 0 20148.00 2.59 40 2 0 16 0
0 0 0 25200.00 2.59 40 2 0 16 0
0 0 0 20238.00 2.59 40 2 0 16 0
0 0 0 20238.00 2.59 40 2 0 16 0
0 0 0 20288.00 2.59 40 2 0 16 0
0 0 0 20288.00 2.59 40 2 0 16 0
0 0 0 18950.00 2.59 40 2 0 16 0
0 0 0 21420.00 2.59 40 2 0 16 0
0 0 0 20800.00 2.59 40 2 0 16 0
#CONTAINERS_LOADED 
#STACKS
460000.000000 23.870000 16
460000.000000 23.870000 16
460000.000000 23.980000 16
460000.000000 23.870000 16
460000.000000 23.870000 16
#CELLS
1 0 0 1 1 1 16
1 0 0 1 1 1 16
1 0 0 1 1 1 16
1 0 0 1 1 1 16
1 0 0 1 1 1 16
1 0 0 0 0 1 16
1 0 0 0 0 1 16
1 0 0 0 0 1 16
1 0 0 0 0 1 16
2 0 0 1 1 1 16
2 0 0 1 1 1 16
2 0 0 1 1 1 16
2 0 0 1 1 1 16
2 0 0 1 1 1 16
2 0 0 0 0 1 16
2 0 0 0 0 1 16
2 0 0 0 0 1 16
2 0 0 0 0 1 16
3 0 0 1 1 1 16
3 0 0 1 1 1 16
3 0 0 1 1 1 16
3 0 0 1 1 1 16
3 0 0 1 1 1 16
3 0 0 0 0 1 16
3 0 0 0 0 1 16
3 0 0 0 0 1 16
3 0 0 0 0 1 16
4 0 0 1 1 1 16
4 0 0 1 1 1 16
4 0 0 1 1 1 16
4 0 0 1 1 1 16
4 0 0 1 1 1 16
4 0 0 0 0 1 16
4 0 0 0 0 1 16
4 0 0 0 0 1 16
4 0 0 0 0 1 16
5 0 0 1 1 1 16
5 0 0 1 1 1 16
5 0 0 1 1 1 16
5 0 0 1 1 1 16
5 0 0 1 1 1 16
5 0 0 0 0 1 16
5 0 0 0 0 1 16
5 0 0 0 0 1 16
5 0 0 0 0 1 16
#SOLUTION-AFT
 9  30  41  33  0 
 26  35  17  38  42 
 15  22  7  39  10 
 20  36  32  19  24 
 1  31  44  14  3 
 23  25  34  29  4 
 27  16  43  18  5 
 2  21  12  13  11 
 8  6  37  40  28 
#SOLUTION-FWD
 9  30  41  33  0 
 26  35  17  38  42 
 15  22  7  39  10 
 20  36  32  19  24 
 1  31  44  14  3 
 23  25  34  29  4 
 27  16  43  18  5 
 2  21  12  13  11 
 8  6  37  40  28 
#INFO
cap20: 0  cap40: 44  reefer: 0  HC: 2  capacity: 97.777778 TEU: 90