1 37 0 3 24 1 8
#POD
4 
#LOCATIONS
33 
#CONTAINERS_TOLOAD
0 0 0 27300.00 2.59 20 4 0 33 0
0 0 0 27400.00 2.59 20 4 0 33 0
0 0 0 27250.00 2.59 20 4 0 33 0
0 0 0 27400.00 2.59 20 4 0 33 0
0 0 0 27300.00 2.59 20 4 0 33 0
0 0 0 22170.00 2.59 20 4 0 33 0
0 0 0 27280.00 2.59 20 4 0 33 0
0 0 0 27300.00 2.59 20 4 0 33 0
0 0 0 23950.00 2.90 40 4 0 33 0
0 0 0 27300.00 2.59 20 4 0 33 0
0 0 0 27315.00 2.59 20 4 0 33 0
0 0 0 27250.00 2.59 20 4 0 33 0
0 0 0 23940.00 2.90 40 4 0 33 0
0 0 0 27280.00 2.59 20 4 0 33 0
0 0 0 27300.00 2.59 20 4 0 33 0
0 0 0 27230.00 2.59 20 4 0 33 0
0 0 0 27280.00 2.59 20 4 0 33 0
0 0 0 22400.00 2.59 20 4 0 33 0
0 0 0 27280.00 2.59 20 4 0 33 0
0 0 0 27280.00 2.59 20 4 0 33 0
0 0 0 27300.00 2.59 20 4 0 33 0
0 0 0 24195.00 2.59 40 4 0 33 0
0 0 0 22150.00 2.59 20 4 0 33 0
0 0 0 27300.00 2.59 20 4 0 33 0
0 0 0 23880.00 2.90 40 4 0 33 0
0 0 0 27280.00 2.59 20 4 0 33 0
0 0 0 27230.00 2.59 20 4 0 33 0
0 0 0 27280.00 2.59 20 4 0 33 0
0 0 0 27300.00 2.59 20 4 0 33 0
0 0 0 23900.00 2.90 40 4 0 33 0
0 0 0 27250.00 2.59 20 4 0 33 0
0 0 0 27280.00 2.59 20 4 0 33 0
0 0 0 27300.00 2.59 20 4 0 33 0
0 0 0 27300.00 2.59 20 4 0 33 0
0 0 0 27330.00 2.59 20 4 0 33 0
0 0 0 27250.00 2.59 20 4 0 33 0
0 0 0 27300.00 2.59 20 4 0 33 0
#CONTAINERS_LOADED 
#STACKS
336000.000000 21.280000 33
336000.000000 21.280000 33
336000.000000 21.280000 33
#CELLS
1 0 0 1 1 1 33
1 0 0 1 1 1 33
1 0 1 1 1 1 33
1 0 1 1 1 1 33
1 0 1 1 1 1 33
1 0 1 1 1 1 33
1 0 0 1 1 1 33
1 0 0 1 1 1 33
2 0 0 1 1 1 33
2 0 0 1 1 1 33
2 0 0 1 1 1 33
2 0 0 1 1 1 33
2 0 0 1 1 1 33
2 0 0 1 1 1 33
2 0 0 1 1 1 33
2 0 0 1 1 1 33
3 0 0 1 1 1 33
3 0 0 1 1 1 33
3 0 1 1 1 1 33
3 0 1 1 1 1 33
3 0 1 1 1 1 33
3 0 1 1 1 1 33
3 0 0 1 1 1 33
3 0 0 1 1 1 33
#SOLUTION-AFT
 25  0  0 
 22  13  0 
 6  9  30 
 27  29  26 
 16  8  28 
 12  34  5 
 36  35  33 
 14  4  24 
#SOLUTION-FWD
 25  0  0 
 22  13  0 
 23  9  30 
 18  10  7 
 3  37  32 
 31  15  20 
 19  11  1 
 17  2  21 
#INFO
cap20: 32  cap40: 5  reefer: 0  HC: 4  capacity: 87.500000 TEU: 48