1 62 0 8 56 1 7
#POD
7 
#LOCATIONS
41 
#CONTAINERS_TOLOAD
0 0 0 24107.00 2.59 20 7 0 41 0
0 0 0 20714.00 2.59 20 7 0 41 0
0 0 0 26000.00 2.90 40 7 0 41 0
0 0 0 13000.00 2.59 20 7 0 41 0
0 0 0 24107.00 2.59 20 7 0 41 0
0 0 0 20714.00 2.59 20 7 0 41 0
0 0 0 9000.00 2.59 20 7 0 41 0
0 0 0 28000.00 2.90 40 7 0 41 0
0 0 0 24107.00 2.59 20 7 0 41 0
0 0 0 24107.00 2.59 20 7 0 41 0
0 0 0 24107.00 2.59 20 7 0 41 0
0 0 0 20714.00 2.59 20 7 0 41 0
0 0 0 24107.00 2.59 20 7 0 41 0
0 0 0 4000.00 2.59 40 7 0 41 0
0 0 0 4000.00 2.59 40 7 0 41 0
0 0 0 4000.00 2.59 40 7 0 41 0
0 0 0 24107.00 2.59 20 7 0 41 0
0 0 0 16000.00 2.59 20 7 1 41 0
0 0 0 4000.00 2.59 40 7 0 41 0
0 0 0 4000.00 2.59 40 7 0 41 0
0 0 0 26000.00 2.90 40 7 0 41 0
0 0 0 4000.00 2.59 40 7 0 41 0
0 0 0 26000.00 2.90 40 7 0 41 0
0 0 0 4000.00 2.59 40 7 0 41 0
0 0 0 4000.00 2.59 40 7 0 41 0
0 0 0 4000.00 2.59 40 7 0 41 0
0 0 0 26000.00 2.90 40 7 0 41 0
0 0 0 20714.00 2.59 20 7 0 41 0
0 0 0 20714.00 2.59 20 7 0 41 0
0 0 0 4000.00 2.59 40 7 0 41 0
0 0 0 4000.00 2.59 40 7 0 41 0
0 0 0 4000.00 2.59 40 7 0 41 0
0 0 0 4000.00 2.59 40 7 0 41 0
0 0 0 4000.00 2.59 40 7 0 41 0
0 0 0 4000.00 2.59 40 7 0 41 0
0 0 0 4000.00 2.59 40 7 0 41 0
0 0 0 28000.00 2.90 40 7 0 41 0
0 0 0 4000.00 2.59 40 7 0 41 0
0 0 0 24107.00 2.59 20 7 0 41 0
0 0 0 4000.00 2.59 40 7 0 41 0
0 0 0 4000.00 2.59 40 7 0 41 0
0 0 0 4000.00 2.59 40 7 0 41 0
0 0 0 4000.00 2.59 40 7 0 41 0
0 0 0 4000.00 2.59 40 7 0 41 0
0 0 0 4000.00 2.59 40 7 0 41 0
0 0 0 4000.00 2.59 40 7 0 41 0
0 0 0 28000.00 2.90 40 7 0 41 0
0 0 0 4000.00 2.59 40 7 0 41 0
0 0 0 4000.00 2.59 40 7 0 41 0
0 0 0 4000.00 2.59 40 7 0 41 0
0 0 0 4000.00 2.59 40 7 0 41 0
0 0 0 4000.00 2.59 40 7 0 41 0
0 0 0 4000.00 2.59 40 7 0 41 0
0 0 0 4000.00 2.59 40 7 0 41 0
0 0 0 4000.00 2.59 40 7 0 41 0
0 0 0 4000.00 2.59 40 7 0 41 0
0 0 0 20714.00 2.59 20 7 0 41 0
0 0 0 4000.00 2.59 40 7 0 41 0
0 0 0 20714.00 2.59 20 7 0 41 0
0 0 0 4000.00 2.59 40 7 0 41 0
0 0 0 4000.00 2.59 40 7 0 41 0
0 0 0 4000.00 2.59 40 7 0 41 0
#CONTAINERS_LOADED 
#STACKS
336000.000000 16.090000 41
336000.000000 18.690000 41
336000.000000 18.690000 41
336000.000000 18.690000 41
336000.000000 18.690000 41
336000.000000 18.690000 41
336000.000000 18.690000 41
336000.000000 16.090000 41
#CELLS
1 0 0 0 0 0 0
1 0 1 1 1 1 41
1 0 1 1 1 1 41
1 0 1 1 1 1 41
1 0 0 1 1 1 41
1 0 0 1 1 1 41
1 0 0 1 1 1 41
2 0 1 1 1 1 41
2 0 1 1 1 1 41
2 0 1 1 1 1 41
2 0 1 1 1 1 41
2 0 1 1 1 1 41
2 0 0 1 1 1 41
2 0 0 1 1 1 41
3 0 1 1 1 1 41
3 0 1 1 1 1 41
3 0 1 1 1 1 41
3 0 1 1 1 1 41
3 0 1 1 1 1 41
3 0 0 1 1 1 41
3 0 0 1 1 1 41
4 0 1 1 1 1 41
4 0 1 1 1 1 41
4 0 1 1 1 1 41
4 0 1 1 1 1 41
4 0 1 1 1 1 41
4 0 0 1 1 1 41
4 0 0 1 1 1 41
5 0 1 1 1 1 41
5 0 1 1 1 1 41
5 0 1 1 1 1 41
5 0 1 1 1 1 41
5 0 1 1 1 1 41
5 0 0 1 1 1 41
5 0 0 1 1 1 41
6 0 1 1 1 1 41
6 0 1 1 1 1 41
6 0 1 1 1 1 41
6 0 1 1 1 1 41
6 0 1 1 1 1 41
6 0 0 1 1 1 41
6 0 0 1 1 1 41
7 0 1 1 1 1 41
7 0 1 1 1 1 41
7 0 1 1 1 1 41
7 0 1 1 1 1 41
7 0 1 1 1 1 41
7 0 0 1 1 1 41
7 0 0 1 1 1 41
8 0 0 0 0 0 0
8 0 1 1 1 1 41
8 0 1 1 1 1 41
8 0 1 1 1 1 41
8 0 0 1 1 1 41
8 0 0 1 1 1 41
8 0 0 1 1 1 41
#SOLUTION-AFT
 52  22  41  46  36  62  26  0 
 30  32  51  55  45  16  24  56 
 61  58  50  33  47  43  54  35 
 48  49  20  8  29  53  34  21 
 4  44  42  18  6  38  19  23 
 12  25  60  5  10  40  31  27 
 0  3  14  11  9  37  15  0 
#SOLUTION-FWD
 52  22  41  46  36  62  26  0 
 30  32  51  55  45  16  24  56 
 61  58  50  33  47  43  54  35 
 48  49  20  8  28  53  34  21 
 7  44  42  57  59  38  19  23 
 2  25  60  13  39  40  31  27 
 0  3  14  17  1  37  15  0 
#INFO
cap20: 18  cap40: 44  reefer: 1  HC: 7  capacity: 98.148148 TEU: 108