1 34 0 5 45 1 9
#POD
6 
#LOCATIONS
34 
#CONTAINERS_TOLOAD
0 0 0 15730.00 2.59 40 6 0 34 0
0 0 0 18530.00 2.59 40 6 0 34 0
0 0 0 14900.00 2.59 40 6 0 34 0
0 0 0 15700.00 2.59 40 6 0 34 0
0 0 0 24670.00 2.90 40 6 0 34 0
0 0 0 11140.00 2.59 40 6 0 34 0
0 0 0 20680.00 2.59 40 6 0 34 0
0 0 0 5760.00 2.59 40 6 0 34 0
0 0 0 16740.00 2.59 40 6 0 34 0
0 0 0 17440.00 2.59 40 6 0 34 0
0 0 0 10200.00 2.59 40 6 0 34 0
0 0 0 13600.00 2.59 40 6 0 34 0
0 0 0 9389.00 2.59 40 6 0 34 0
0 0 0 19002.00 2.59 40 6 0 34 0
0 0 0 25333.00 2.90 40 6 0 34 0
0 0 0 16100.00 2.59 40 6 0 34 0
0 0 0 24500.00 2.90 40 6 0 34 0
0 0 0 24400.00 2.90 40 6 0 34 0
0 0 0 16650.00 2.59 40 6 0 34 0
0 0 0 18954.00 2.59 40 6 0 34 0
0 0 0 29200.00 2.59 40 6 0 34 0
0 0 0 16560.00 2.59 40 6 0 34 0
0 0 0 20440.00 2.59 40 6 0 34 0
0 0 0 13920.00 2.59 40 6 0 34 0
0 0 0 12200.00 2.59 40 6 0 34 0
0 0 0 15900.00 2.59 40 6 0 34 0
0 0 0 8300.00 2.59 40 6 0 34 0
0 0 0 24300.00 2.90 40 6 0 34 0
0 0 0 24300.00 2.90 40 6 0 34 0
0 0 0 16060.00 2.59 40 6 0 34 0
0 0 0 19004.00 2.90 40 6 0 34 0
0 0 0 13700.00 2.59 40 6 0 34 0
0 0 0 16279.00 2.59 40 6 0 34 0
0 0 0 24400.00 2.90 40 6 0 34 0
#CONTAINERS_LOADED 
#STACKS
270000.000000 23.450000 34
270000.000000 23.450000 34
270000.000000 23.450000 34
270000.000000 23.450000 34
270000.000000 23.450000 34
#CELLS
1 0 1 0 0 1 34
1 0 1 0 0 1 34
1 0 1 0 0 1 34
1 0 1 0 0 1 34
1 0 1 0 0 1 34
1 0 1 0 0 1 34
1 0 0 0 0 1 34
1 0 0 0 0 1 34
1 0 0 0 0 1 34
2 0 1 0 0 1 34
2 0 1 0 0 1 34
2 0 1 0 0 1 34
2 0 1 0 0 1 34
2 0 1 0 0 1 34
2 0 1 0 0 1 34
2 0 0 0 0 1 34
2 0 0 0 0 1 34
2 0 0 0 0 1 34
3 0 1 0 0 1 34
3 0 1 0 0 1 34
3 0 1 0 0 1 34
3 0 1 0 0 1 34
3 0 1 0 0 1 34
3 0 1 0 0 1 34
3 0 0 0 0 1 34
3 0 0 0 0 1 34
3 0 0 0 0 1 34
4 0 1 0 0 1 34
4 0 1 0 0 1 34
4 0 1 0 0 1 34
4 0 1 0 0 1 34
4 0 1 0 0 1 34
4 0 1 0 0 1 34
4 0 0 0 0 1 34
4 0 0 0 0 1 34
4 0 0 0 0 1 34
5 0 1 0 0 1 34
5 0 1 0 0 1 34
5 0 1 0 0 1 34
5 0 1 0 0 1 34
5 0 1 0 0 1 34
5 0 1 0 0 1 34
5 0 0 0 0 1 34
5 0 0 0 0 1 34
5 0 0 0 0 1 34
#SOLUTION-AFT
 0  0  19  24  0 
 8  28  9  3  0 
 27  29  10  4  0 
 13  34  2  1  0 
 11  18  20  26  0 
 6  17  14  30  0 
 25  5  23  16  0 
 12  15  7  33  0 
 32  31  21  22  0 
#SOLUTION-FWD
 0  0  19  24  0 
 8  28  9  3  0 
 27  29  10  4  0 
 13  34  2  1  0 
 11  18  20  26  0 
 6  17  14  30  0 
 25  5  23  16  0 
 12  15  7  33  0 
 32  31  21  22  0 
#INFO
cap20: 0  cap40: 34  reefer: 0  HC: 8  capacity: 75.555556 TEU: 90