2 26 0 5 45 1 9
#POD
2 6 
#LOCATIONS
69 
#CONTAINERS_TOLOAD
0 0 0 26480.00 2.90 40 2 0 69 0
0 0 0 26600.00 2.90 40 6 0 69 0
0 0 0 27000.00 2.90 40 2 0 69 0
0 0 0 26700.00 2.90 40 2 0 69 0
0 0 0 25880.00 2.90 40 2 0 69 0
0 0 0 25880.00 2.90 40 2 0 69 0
0 0 0 26680.00 2.90 40 2 0 69 0
0 0 0 26040.00 2.90 40 2 0 69 0
0 0 0 26700.00 2.90 40 2 0 69 0
0 0 0 27090.00 2.90 40 2 0 69 0
0 0 0 26760.00 2.90 40 2 0 69 0
0 0 0 27400.00 2.90 40 2 0 69 0
0 0 0 25880.00 2.90 40 2 0 69 0
0 0 0 26600.00 2.90 40 2 0 69 0
0 0 0 26780.00 2.90 40 2 0 69 0
0 0 0 25880.00 2.90 40 2 0 69 0
0 0 0 27100.00 2.90 40 2 0 69 0
0 0 0 26940.00 2.90 40 2 0 69 0
0 0 0 27200.00 2.90 40 2 0 69 0
0 0 0 26600.00 2.90 40 6 0 69 0
0 0 0 26600.00 2.90 40 6 0 69 0
0 0 0 25940.00 2.90 40 2 0 69 0
0 0 0 26160.00 2.90 40 2 0 69 0
0 0 0 27310.00 2.90 40 2 0 69 0
0 0 0 27200.00 2.90 40 2 0 69 0
0 0 0 25880.00 2.90 40 2 0 69 0
#CONTAINERS_LOADED 
#STACKS
270000.000000 17.520000 69
270000.000000 17.520000 69
270000.000000 17.520000 69
270000.000000 17.520000 69
270000.000000 17.520000 69
#CELLS
1 0 0 0 0 0 0
1 0 0 0 0 0 0
1 0 0 1 1 1 69
1 0 0 1 1 1 69
1 0 0 1 1 1 69
1 0 0 1 1 1 69
1 0 0 1 1 1 69
1 0 0 1 1 1 69
1 0 0 0 0 0 0
2 0 0 0 0 0 0
2 0 0 0 0 0 0
2 0 0 1 1 1 69
2 0 0 1 1 1 69
2 0 0 1 1 1 69
2 0 0 1 1 1 69
2 0 0 1 1 1 69
2 0 0 1 1 1 69
2 0 0 0 0 0 0
3 0 0 0 0 0 0
3 0 0 0 0 0 0
3 0 0 1 1 1 69
3 0 0 1 1 1 69
3 0 0 1 1 1 69
3 0 0 1 1 1 69
3 0 0 1 1 1 69
3 0 0 1 1 1 69
3 0 0 0 0 0 0
4 0 0 0 0 0 0
4 0 0 0 0 0 0
4 0 0 1 1 1 69
4 0 0 1 1 1 69
4 0 0 1 1 1 69
4 0 0 1 1 1 69
4 0 0 1 1 1 69
4 0 0 1 1 1 69
4 0 0 0 0 0 0
5 0 0 0 0 0 0
5 0 0 0 0 0 0
5 0 0 1 1 1 69
5 0 0 1 1 1 69
5 0 0 1 1 1 69
5 0 0 1 1 1 69
5 0 0 1 1 1 69
5 0 0 1 1 1 69
5 0 0 0 0 0 0
#SOLUTION-AFT
 0  0  0  0  0 
 13  8  0  9  0 
 16  23  17  11  0 
 26  1  25  15  0 
 5  14  19  18  2 
 6  7  24  3  20 
 22  4  12  10  21 
 0  0  0  0  0 
 0  0  0  0  0 
#SOLUTION-FWD
 0  0  0  0  0 
 13  8  0  9  0 
 16  23  17  11  0 
 26  1  25  15  0 
 5  14  19  18  2 
 6  7  24  3  20 
 22  4  12  10  21 
 0  0  0  0  0 
 0  0  0  0  0 
#INFO
cap20: 0  cap40: 26  reefer: 0  HC: 26  capacity: 86.666667 TEU: 60