1 23 0 3 24 1 8
#POD
6 
#LOCATIONS
37 
#CONTAINERS_TOLOAD
0 0 0 4000.00 2.59 40 6 0 37 0
0 0 0 4000.00 2.59 40 6 0 37 0
0 0 0 4000.00 2.59 40 6 0 37 0
0 0 0 4000.00 2.59 40 6 0 37 0
0 0 0 4000.00 2.59 40 6 0 37 0
0 0 0 4000.00 2.59 40 6 0 37 0
0 0 0 4000.00 2.59 40 6 0 37 0
0 0 0 4000.00 2.59 40 6 0 37 0
0 0 0 4000.00 2.59 40 6 0 37 0
0 0 0 4000.00 2.59 40 6 0 37 0
0 0 0 4000.00 2.59 40 6 0 37 0
0 0 0 4000.00 2.59 40 6 0 37 0
0 0 0 4000.00 2.59 40 6 0 37 0
0 0 0 4000.00 2.59 40 6 0 37 0
0 0 0 4000.00 2.90 40 6 0 37 0
0 0 0 4000.00 2.59 40 6 0 37 0
0 0 0 4000.00 2.59 40 6 0 37 0
0 0 0 4000.00 2.59 40 6 0 37 0
0 0 0 4000.00 2.59 40 6 0 37 0
0 0 0 4000.00 2.90 40 6 0 37 0
0 0 0 4000.00 2.59 40 6 0 37 0
0 0 0 4000.00 2.90 40 6 0 37 0
0 0 0 4000.00 2.59 40 6 0 37 0
#CONTAINERS_LOADED 
#STACKS
336000.000000 21.280000 37
336000.000000 21.280000 37
336000.000000 21.280000 37
#CELLS
1 0 0 1 1 1 37
1 0 0 1 1 1 37
1 0 0 1 1 1 37
1 0 0 1 1 1 37
1 0 0 1 1 1 37
1 0 0 1 1 1 37
1 0 0 1 1 1 37
1 0 0 1 1 1 37
2 0 0 1 1 1 37
2 0 0 1 1 1 37
2 0 0 1 1 1 37
2 0 0 1 1 1 37
2 0 0 1 1 1 37
2 0 0 1 1 1 37
2 0 0 1 1 1 37
2 0 0 1 1 1 37
3 0 0 1 1 1 37
3 0 0 1 1 1 37
3 0 0 1 1 1 37
3 0 0 1 1 1 37
3 0 0 1 1 1 37
3 0 0 1 1 1 37
3 0 0 1 1 1 37
3 0 0 1 1 1 37
#SOLUTION-AFT
 9  22  0 
 11  16  3 
 7  18  10 
 13  4  14 
 12  17  5 
 6  19  2 
 8  23  20 
 1  21  15 
#SOLUTION-FWD
 9  22  0 
 11  16  3 
 7  18  10 
 13  4  14 
 12  17  5 
 6  19  2 
 8  23  20 
 1  21  15 
#INFO
cap20: 0  cap40: 23  reefer: 0  HC: 3  capacity: 95.833333 TEU: 48