1 25 0 10 90 1 9
#POD
3 
#LOCATIONS
70 
#CONTAINERS_TOLOAD
0 0 0 14000.00 2.59 40 3 0 70 0
0 0 0 13800.00 2.59 40 3 0 70 0
0 0 0 14700.00 2.59 40 3 0 70 0
0 0 0 19000.00 2.59 40 3 0 70 0
0 0 0 20100.00 2.59 40 3 0 70 0
0 0 0 19000.00 2.59 40 3 0 70 0
0 0 0 13169.00 2.59 40 3 0 70 0
0 0 0 19000.00 2.59 40 3 0 70 0
0 0 0 18100.00 2.59 40 3 0 70 0
0 0 0 15253.00 2.59 40 3 0 70 0
0 0 0 13700.00 2.59 40 3 0 70 0
0 0 0 19000.00 2.59 40 3 0 70 0
0 0 0 14600.00 2.59 40 3 0 70 0
0 0 0 19000.00 2.59 40 3 0 70 0
0 0 0 17800.00 2.59 40 3 0 70 0
0 0 0 18770.00 2.59 40 3 0 70 0
0 0 0 19000.00 2.59 40 3 0 70 0
0 0 0 19000.00 2.59 40 3 0 70 0
0 0 0 14900.00 2.59 40 3 0 70 0
0 0 0 16240.00 2.59 40 3 0 70 0
0 0 0 19900.00 2.59 40 3 0 70 0
0 0 0 18275.00 2.59 40 3 0 70 0
0 0 0 14000.00 2.59 40 3 0 70 0
0 0 0 20060.00 2.59 40 3 0 70 0
0 0 0 15200.00 2.59 40 3 0 70 0
#CONTAINERS_LOADED 
#STACKS
270000.000000 11.700000 70
270000.000000 14.600000 70
270000.000000 14.600000 70
270000.000000 14.600000 70
270000.000000 14.600000 70
270000.000000 14.600000 70
270000.000000 14.600000 70
270000.000000 14.600000 70
270000.000000 14.600000 70
270000.000000 11.700000 70
#CELLS
1 0 0 0 0 0 0
1 0 0 0 0 0 0
1 0 0 0 0 0 0
1 0 0 0 0 0 0
1 0 0 1 1 1 70
1 0 0 1 1 1 70
1 0 0 1 1 1 70
1 0 0 1 1 1 70
1 0 0 0 0 0 0
2 0 0 0 0 0 0
2 0 0 0 0 0 0
2 0 0 0 0 0 0
2 0 0 1 1 1 70
2 0 0 1 1 1 70
2 0 0 1 1 1 70
2 0 0 1 1 1 70
2 0 0 1 1 1 70
2 0 0 0 0 0 0
3 0 0 0 0 0 0
3 0 0 0 0 0 0
3 0 0 0 0 0 0
3 0 0 1 1 1 70
3 0 0 1 1 1 70
3 0 0 1 1 1 70
3 0 0 1 1 1 70
3 0 0 1 1 1 70
3 0 0 0 0 0 0
4 0 0 0 0 0 0
4 0 0 0 0 0 0
4 0 0 0 0 0 0
4 0 0 1 1 1 70
4 0 0 1 1 1 70
4 0 0 1 1 1 70
4 0 0 1 1 1 70
4 0 0 1 1 1 70
4 0 0 0 0 0 0
5 0 0 0 0 0 0
5 0 0 0 0 0 0
5 0 0 0 0 0 0
5 0 0 1 1 1 70
5 0 0 1 1 1 70
5 0 0 1 1 1 70
5 0 0 1 1 1 70
5 0 0 1 1 1 70
5 0 0 0 0 0 0
6 0 0 0 0 0 0
6 0 0 0 0 0 0
6 0 0 0 0 0 0
6 0 0 1 1 1 70
6 0 0 1 1 1 70
6 0 0 1 1 1 70
6 0 0 1 1 1 70
6 0 0 1 1 1 70
6 0 0 0 0 0 0
7 0 0 0 0 0 0
7 0 0 0 0 0 0
7 0 0 0 0 0 0
7 0 0 1 1 1 70
7 0 0 1 1 1 70
7 0 0 1 1 1 70
7 0 0 1 1 1 70
7 0 0 1 1 1 70
7 0 0 0 0 0 0
8 0 0 0 0 0 0
8 0 0 0 0 0 0
8 0 0 0 0 0 0
8 0 0 1 1 1 70
8 0 0 1 1 1 70
8 0 0 1 1 1 70
8 0 0 1 1 1 70
8 0 0 1 1 1 70
8 0 0 0 0 0 0
9 0 0 0 0 0 0
9 0 0 0 0 0 0
9 0 0 0 0 0 0
9 0 0 1 1 1 70
9 0 0 1 1 1 70
9 0 0 1 1 1 70
9 0 0 1 1 1 70
9 0 0 1 1 1 70
9 0 0 0 0 0 0
10 0 0 0 0 0 0
10 0 0 0 0 0 0
10 0 0 0 0 0 0
10 0 0 0 0 0 0
10 0 0 1 1 1 70
10 0 0 1 1 1 70
10 0 0 1 1 1 70
10 0 0 1 1 1 70
10 0 0 0 0 0 0
#SOLUTION-AFT
 0  0  0  0  0  0  0  0  0  0 
 0  0  7  20  0  17  12  13  0  0 
 0  0  11  15  0  18  8  3  0  0 
 0  0  2  9  0  21  4  19  0  0 
 0  0  23  22  0  24  6  25  0  0 
 0  0  1  16  0  5  14  10  0  0 
 0  0  0  0  0  0  0  0  0  0 
 0  0  0  0  0  0  0  0  0  0 
 0  0  0  0  0  0  0  0  0  0 
#SOLUTION-FWD
 0  0  0  0  0  0  0  0  0  0 
 0  0  7  20  0  17  12  13  0  0 
 0  0  11  15  0  18  8  3  0  0 
 0  0  2  9  0  21  4  19  0  0 
 0  0  23  22  0  24  6  25  0  0 
 0  0  1  16  0  5  14  10  0  0 
 0  0  0  0  0  0  0  0  0  0 
 0  0  0  0  0  0  0  0  0  0 
 0  0  0  0  0  0  0  0  0  0 
#INFO
cap20: 0  cap40: 25  reefer: 0  HC: 0  capacity: 52.083333 TEU: 96