1 23 0 10 90 1 9
#POD
8 
#LOCATIONS
23 
#CONTAINERS_TOLOAD
0 0 0 23380.00 2.90 40 8 0 23 0
0 0 0 21690.00 2.90 40 8 0 23 0
0 0 0 21380.00 2.90 40 8 0 23 0
0 0 0 23540.00 2.90 40 8 0 23 0
0 0 0 22860.00 2.90 40 8 0 23 0
0 0 0 23750.00 2.90 40 8 0 23 0
0 0 0 21420.00 2.90 40 8 0 23 0
0 0 0 23460.00 2.90 40 8 0 23 0
0 0 0 21380.00 2.90 40 8 0 23 0
0 0 0 22820.00 2.90 40 8 0 23 0
0 0 0 25728.00 2.90 40 8 0 23 0
0 0 0 22650.00 2.90 40 8 0 23 0
0 0 0 21390.00 2.90 40 8 0 23 0
0 0 0 24440.00 2.90 40 8 0 23 0
0 0 0 23900.00 2.90 40 8 0 23 0
0 0 0 23200.00 2.90 40 8 0 23 0
0 0 0 23400.00 2.90 40 8 0 23 0
0 0 0 21380.00 2.90 40 8 0 23 0
0 0 0 23700.00 2.90 40 8 0 23 0
0 0 0 24650.00 2.90 40 8 0 23 0
0 0 0 21380.00 2.90 40 8 0 23 0
0 0 0 21380.00 2.90 40 8 0 23 0
0 0 0 24600.00 2.90 40 8 0 23 0
#CONTAINERS_LOADED 
#STACKS
216000.000000 8.760000 23
270000.000000 11.700000 23
270000.000000 17.520000 23
270000.000000 20.450000 23
270000.000000 20.450000 23
270000.000000 20.450000 23
270000.000000 20.450000 23
270000.000000 17.520000 23
270000.000000 11.700000 23
216000.000000 8.760000 23
#CELLS
1 0 0 0 0 0 0
1 0 0 0 0 0 0
1 0 0 0 0 0 0
1 0 0 0 0 0 0
1 0 0 0 0 0 0
1 0 0 0 0 1 23
1 0 0 0 0 1 23
1 0 0 0 0 1 23
1 0 0 0 0 0 0
2 0 0 0 0 0 0
2 0 0 0 0 0 0
2 0 0 0 0 0 0
2 0 0 0 0 0 0
2 0 0 0 0 1 23
2 0 0 0 0 1 23
2 0 0 0 0 1 23
2 0 0 0 0 1 23
2 0 0 0 0 0 0
3 0 0 0 0 0 0
3 0 0 0 0 0 0
3 0 0 0 0 1 23
3 0 0 0 0 1 23
3 0 0 0 0 1 23
3 0 0 0 0 1 23
3 0 0 0 0 1 23
3 0 0 0 0 1 23
3 0 0 0 0 0 0
4 0 0 0 0 0 0
4 0 0 0 0 1 23
4 0 0 0 0 1 23
4 0 0 0 0 1 23
4 0 0 0 0 1 23
4 0 0 0 0 1 23
4 0 0 0 0 1 23
4 0 0 0 0 1 23
4 0 0 0 0 0 0
5 0 0 0 0 0 0
5 0 0 0 0 1 23
5 0 0 0 0 1 23
5 0 0 0 0 1 23
5 0 0 0 0 1 23
5 0 0 0 0 1 23
5 0 0 0 0 1 23
5 0 0 0 0 1 23
5 0 0 0 0 0 0
6 0 0 0 0 0 0
6 0 0 0 0 1 23
6 0 0 0 0 1 23
6 0 0 0 0 1 23
6 0 0 0 0 1 23
6 0 0 0 0 1 23
6 0 0 0 0 1 23
6 0 0 0 0 1 23
6 0 0 0 0 0 0
7 0 0 0 0 0 0
7 0 0 0 0 1 23
7 0 0 0 0 1 23
7 0 0 0 0 1 23
7 0 0 0 0 1 23
7 0 0 0 0 1 23
7 0 0 0 0 1 23
7 0 0 0 0 1 23
7 0 0 0 0 0 0
8 0 0 0 0 0 0
8 0 0 0 0 0 0
8 0 0 0 0 1 23
8 0 0 0 0 1 23
8 0 0 0 0 1 23
8 0 0 0 0 1 23
8 0 0 0 0 1 23
8 0 0 0 0 1 23
8 0 0 0 0 0 0
9 0 0 0 0 0 0
9 0 0 0 0 0 0
9 0 0 0 0 0 0
9 0 0 0 0 0 0
9 0 0 0 0 1 23
9 0 0 0 0 1 23
9 0 0 0 0 1 23
9 0 0 0 0 1 23
9 0 0 0 0 0 0
10 0 0 0 0 0 0
10 0 0 0 0 0 0
10 0 0 0 0 0 0
10 0 0 0 0 0 0
10 0 0 0 0 0 0
10 0 0 0 0 1 23
10 0 0 0 0 1 23
10 0 0 0 0 1 23
10 0 0 0 0 0 0
#SOLUTION-AFT
 0  0  0  0  0  0  0  0  0  0 
 0  0  0  0  19  0  10  0  0  0 
 0  0  0  0  6  0  5  21  0  0 
 0  0  0  0  15  0  16  22  0  0 
 0  0  0  13  14  0  1  3  0  0 
 0  0  0  7  23  0  17  9  0  0 
 0  0  0  2  20  0  8  18  0  0 
 0  0  0  12  11  0  4  0  0  0 
 0  0  0  0  0  0  0  0  0  0 
#SOLUTION-FWD
 0  0  0  0  0  0  0  0  0  0 
 0  0  0  0  19  0  10  0  0  0 
 0  0  0  0  6  0  5  21  0  0 
 0  0  0  0  15  0  16  22  0  0 
 0  0  0  13  14  0  1  3  0  0 
 0  0  0  7  23  0  17  9  0  0 
 0  0  0  2  20  0  8  18  0  0 
 0  0  0  12  11  0  4  0  0  0 
 0  0  0  0  0  0  0  0  0  0 
#INFO
cap20: 0  cap40: 23  reefer: 0  HC: 23  capacity: 42.592593 TEU: 108