1 17 0 3 21 1 7
#POD
4 
#LOCATIONS
37 
#CONTAINERS_TOLOAD
0 0 0 13000.00 2.59 40 4 0 37 0
0 0 0 13000.00 2.59 40 4 0 37 0
0 0 0 13000.00 2.59 40 4 0 37 0
0 0 0 13900.00 2.59 40 4 0 37 0
0 0 0 13000.00 2.59 40 4 0 37 0
0 0 0 13000.00 2.59 40 4 0 37 0
0 0 0 13000.00 2.59 40 4 0 37 0
0 0 0 29000.00 2.90 40 4 1 37 0
0 0 0 13000.00 2.59 40 4 0 37 0
0 0 0 13000.00 2.59 40 4 0 37 0
0 0 0 13000.00 2.59 40 4 0 37 0
0 0 0 13000.00 2.59 40 4 0 37 0
0 0 0 13000.00 2.59 40 4 0 37 0
0 0 0 13000.00 2.59 40 4 0 37 0
0 0 0 29000.00 2.90 40 4 1 37 0
0 0 0 13000.00 2.59 40 4 0 37 0
0 0 0 29000.00 2.90 40 4 1 37 0
#CONTAINERS_LOADED 
#STACKS
351000.000000 19.240000 37
351000.000000 19.240000 37
351000.000000 19.240000 37
#CELLS
1 1 1 1 1 1 37
1 1 1 1 1 1 37
1 1 1 1 1 1 37
1 1 1 1 1 1 37
1 1 1 1 1 1 37
1 0 0 1 1 1 37
1 0 0 1 1 1 37
2 1 1 1 1 1 37
2 1 1 1 1 1 37
2 1 1 1 1 1 37
2 1 1 1 1 1 37
2 1 1 1 1 1 37
2 0 0 1 1 1 37
2 0 0 1 1 1 37
3 1 1 1 1 1 37
3 1 1 1 1 1 37
3 1 1 1 1 1 37
3 1 1 1 1 1 37
3 1 1 1 1 1 37
3 0 0 1 1 1 37
3 0 0 1 1 1 37
#SOLUTION-AFT
 5  1  0 
 3  6  0 
 7  16  0 
 14  12  0 
 15  11  9 
 17  13  2 
 8  4  10 
#SOLUTION-FWD
 5  1  0 
 3  6  0 
 7  16  0 
 14  12  0 
 15  11  9 
 17  13  2 
 8  4  10 
#INFO
cap20: 0  cap40: 17  reefer: 3  HC: 3  capacity: 80.952381 TEU: 42