1 34 0 4 36 1 9
#POD
4 
#LOCATIONS
22 
#CONTAINERS_TOLOAD
0 0 0 16360.00 2.59 40 4 0 22 0
0 0 0 14242.00 2.59 40 4 0 22 0
0 0 0 21800.00 2.59 40 4 0 22 0
0 0 0 13120.00 2.59 40 4 0 22 0
0 0 0 14400.00 2.59 40 4 0 22 0
0 0 0 20840.00 2.59 40 4 0 22 0
0 0 0 21200.00 2.59 40 4 0 22 0
0 0 0 21100.00 2.59 40 4 0 22 0
0 0 0 23000.00 2.90 40 4 0 22 0
0 0 0 21800.00 2.90 40 4 0 22 0
0 0 0 11722.00 2.59 40 4 0 22 0
0 0 0 11643.00 2.59 40 4 0 22 0
0 0 0 29880.00 2.90 40 4 0 22 0
0 0 0 20200.00 2.90 40 4 0 22 0
0 0 0 25500.00 2.59 40 4 0 22 0
0 0 0 21700.00 2.59 40 4 0 22 0
0 0 0 21600.00 2.90 40 4 0 22 0
0 0 0 13600.00 2.59 40 4 0 22 0
0 0 0 22500.00 2.90 40 4 0 22 0
0 0 0 17900.00 2.59 40 4 0 22 0
0 0 0 23777.00 2.90 40 4 0 22 0
0 0 0 28180.00 2.90 40 4 0 22 0
0 0 0 10048.00 2.59 40 4 0 22 0
0 0 0 21400.00 2.90 40 4 0 22 0
0 0 0 20800.00 2.59 40 4 0 22 0
0 0 0 19004.00 2.90 40 4 0 22 0
0 0 0 20006.00 2.59 40 4 0 22 0
0 0 0 13300.00 2.59 40 4 0 22 0
0 0 0 21800.00 2.90 40 4 0 22 0
0 0 0 21580.00 2.90 40 4 0 22 0
0 0 0 23000.00 2.90 40 4 0 22 0
0 0 0 20450.00 2.90 40 4 0 22 0
0 0 0 21300.00 2.90 40 4 0 22 0
0 0 0 29100.00 2.90 40 4 0 22 0
#CONTAINERS_LOADED 
#STACKS
378000.000000 23.890000 22
378000.000000 23.890000 22
378000.000000 23.890000 22
378000.000000 23.890000 22
#CELLS
1 0 0 1 1 1 22
1 0 0 1 1 1 22
1 0 0 1 1 1 22
1 0 0 1 1 1 22
1 0 0 1 1 1 22
1 0 0 1 1 1 22
1 0 0 1 1 1 22
1 0 0 1 1 1 22
1 0 0 1 1 1 22
2 0 0 1 1 1 22
2 0 0 1 1 1 22
2 0 0 1 1 1 22
2 0 0 1 1 1 22
2 0 0 1 1 1 22
2 0 0 1 1 1 22
2 0 0 1 1 1 22
2 0 0 1 1 1 22
2 0 0 1 1 1 22
3 0 0 1 1 1 22
3 0 0 1 1 1 22
3 0 0 1 1 1 22
3 0 0 1 1 1 22
3 0 0 1 1 1 22
3 0 0 1 1 1 22
3 0 0 1 1 1 22
3 0 0 1 1 1 22
3 0 0 1 1 1 22
4 0 0 1 1 1 22
4 0 0 1 1 1 22
4 0 0 1 1 1 22
4 0 0 1 1 1 22
4 0 0 1 1 1 22
4 0 0 1 1 1 22
4 0 0 1 1 1 22
4 0 0 1 1 1 22
4 0 0 1 1 1 22
#SOLUTION-AFT
 27  0  0  23 
 14  32  20  12 
 25  33  31  11 
 6  24  9  4 
 8  30  21  28 
 7  17  22  18 
 16  29  34  2 
 3  10  13  5 
 15  19  26  1 
#SOLUTION-FWD
 27  0  0  23 
 14  32  20  12 
 25  33  31  11 
 6  24  9  4 
 8  30  21  28 
 7  17  22  18 
 16  29  34  2 
 3  10  13  5 
 15  19  26  1 
#INFO
cap20: 0  cap40: 34  reefer: 0  HC: 16  capacity: 94.444444 TEU: 72