1 24 0 3 24 1 8
#POD
2 
#LOCATIONS
50 
#CONTAINERS_TOLOAD
0 0 0 7250.00 2.59 40 2 0 50 0
0 0 0 19004.00 2.90 40 2 1 50 0
0 0 0 13640.00 2.59 40 2 0 50 0
0 0 0 21150.00 2.59 40 2 0 50 0
0 0 0 10100.00 2.59 40 2 0 50 0
0 0 0 9910.00 2.59 40 2 0 50 0
0 0 0 23220.00 2.59 40 2 0 50 0
0 0 0 11800.00 2.59 40 2 0 50 0
0 0 0 27930.00 2.90 40 2 1 50 0
0 0 0 29876.00 2.59 40 2 0 50 0
0 0 0 12710.00 2.90 40 2 1 50 0
0 0 0 13740.00 2.59 40 2 0 50 0
0 0 0 22940.00 2.59 40 2 0 50 0
0 0 0 20780.00 2.59 40 2 0 50 0
0 0 0 12720.00 2.59 40 2 0 50 0
0 0 0 12670.00 2.90 40 2 1 50 0
0 0 0 16600.00 2.59 40 2 0 50 0
0 0 0 13700.00 2.59 40 2 0 50 0
0 0 0 23870.00 2.59 40 2 0 50 0
0 0 0 20846.00 2.90 40 2 1 50 0
0 0 0 27940.00 2.90 40 2 1 50 0
0 0 0 20160.00 2.59 40 2 0 50 0
0 0 0 29900.00 2.59 40 2 0 50 0
0 0 0 7050.00 2.59 40 2 0 50 0
#CONTAINERS_LOADED 
#STACKS
400000.000000 21.650000 50
400000.000000 21.650000 50
400000.000000 21.650000 50
#CELLS
1 0 0 1 1 1 50
1 0 0 1 1 1 50
1 0 1 1 1 1 50
1 0 1 1 1 1 50
1 0 1 1 1 1 50
1 0 1 1 1 1 50
1 0 0 1 1 1 50
1 0 0 0 0 1 50
2 0 0 1 1 1 50
2 0 0 1 1 1 50
2 0 0 1 1 1 50
2 0 0 1 1 1 50
2 0 0 1 1 1 50
2 0 0 1 1 1 50
2 0 0 1 1 1 50
2 0 0 0 0 1 50
3 0 0 1 1 1 50
3 0 0 1 1 1 50
3 0 1 1 1 1 50
3 0 1 1 1 1 50
3 0 1 1 1 1 50
3 0 1 1 1 1 50
3 0 0 1 1 1 50
3 0 0 0 0 1 50
#SOLUTION-AFT
 22  15  24 
 14  3  1 
 4  18  6 
 9  12  16 
 21  17  11 
 20  19  2 
 13  10  5 
 7  23  8 
#SOLUTION-FWD
 22  15  24 
 14  3  1 
 4  18  6 
 9  12  16 
 21  17  11 
 20  19  2 
 13  10  5 
 7  23  8 
#INFO
cap20: 0  cap40: 24  reefer: 6  HC: 6  capacity: 100.000000 TEU: 48