1 62 0 4 36 1 9
#POD
7 
#LOCATIONS
19 
#CONTAINERS_TOLOAD
0 0 0 4400.00 2.59 20 7 0 19 0
0 0 0 18800.00 2.59 20 7 0 19 0
0 0 0 6200.00 2.59 20 7 0 19 0
0 0 0 3299.00 2.59 20 7 0 19 0
0 0 0 18199.00 2.59 20 7 0 19 0
0 0 0 6700.00 2.59 20 7 0 19 0
0 0 0 6200.00 2.59 20 7 0 19 0
0 0 0 5599.00 2.59 20 7 0 19 0
0 0 0 5500.00 2.59 20 7 0 19 0
0 0 0 6799.00 2.59 20 7 0 19 0
0 0 0 5500.00 2.59 20 7 0 19 0
0 0 0 7500.00 2.59 20 7 0 19 0
0 0 0 4000.00 2.59 20 7 0 19 0
0 0 0 4299.00 2.59 20 7 0 19 0
0 0 0 4200.00 2.59 20 7 0 19 0
0 0 0 5099.00 2.59 20 7 0 19 0
0 0 0 7200.00 2.59 20 7 0 19 0
0 0 0 3500.00 2.59 20 7 0 19 0
0 0 0 15199.00 2.59 20 7 0 19 0
0 0 0 17100.00 2.59 20 7 0 19 0
0 0 0 7700.00 2.59 20 7 0 19 0
0 0 0 16100.00 2.59 20 7 0 19 0
0 0 0 6200.00 2.59 20 7 0 19 0
0 0 0 7870.00 2.59 20 7 0 19 0
0 0 0 4799.00 2.59 20 7 0 19 0
0 0 0 19000.00 2.59 20 7 0 19 0
0 0 0 4900.00 2.59 20 7 0 19 0
0 0 0 6200.00 2.59 20 7 0 19 0
0 0 0 5700.00 2.59 20 7 0 19 0
0 0 0 7200.00 2.59 20 7 0 19 0
0 0 0 3700.00 2.59 20 7 0 19 0
0 0 0 5500.00 2.59 20 7 0 19 0
0 0 0 17199.00 2.59 20 7 0 19 0
0 0 0 18500.00 2.59 20 7 0 19 0
0 0 0 6700.00 2.59 20 7 0 19 0
0 0 0 5700.00 2.59 20 7 0 19 0
0 0 0 12800.00 2.59 20 7 0 19 0
0 0 0 7700.00 2.59 20 7 0 19 0
0 0 0 14199.00 2.59 20 7 0 19 0
0 0 0 4500.00 2.59 20 7 0 19 0
0 0 0 7200.00 2.59 20 7 0 19 0
0 0 0 4599.00 2.59 20 7 0 19 0
0 0 0 5700.00 2.59 20 7 0 19 0
0 0 0 18199.00 2.59 20 7 0 19 0
0 0 0 5200.00 2.59 20 7 0 19 0
0 0 0 3600.00 2.59 20 7 0 19 0
0 0 0 7500.00 2.59 20 7 0 19 0
0 0 0 4099.00 2.59 20 7 0 19 0
0 0 0 4400.00 2.59 20 7 0 19 0
0 0 0 5200.00 2.59 20 7 0 19 0
0 0 0 6200.00 2.59 20 7 0 19 0
0 0 0 15727.00 2.59 40 7 0 19 0
0 0 0 5200.00 2.59 20 7 0 19 0
0 0 0 6400.00 2.59 20 7 0 19 0
0 0 0 7799.00 2.59 20 7 0 19 0
0 0 0 15727.00 2.59 40 7 0 19 0
0 0 0 15727.00 2.59 40 7 0 19 0
0 0 0 15727.00 2.59 40 7 0 19 0
0 0 0 6500.00 2.59 20 7 0 19 0
0 0 0 15727.00 2.59 40 7 0 19 0
0 0 0 15727.00 2.59 40 7 0 19 0
0 0 0 6500.00 2.59 20 7 0 19 0
#CONTAINERS_LOADED 
#STACKS
216000.000000 20.900000 19
270000.000000 23.490000 19
270000.000000 23.490000 19
216000.000000 20.900000 19
#CELLS
1 0 0 0 0 0 0
1 0 0 1 1 1 19
1 0 0 1 1 1 19
1 0 0 1 1 1 19
1 0 0 1 1 1 19
1 0 0 1 1 1 19
1 0 0 1 1 1 19
1 0 0 1 1 1 19
1 0 0 0 0 1 19
2 0 0 1 1 1 19
2 0 0 1 1 1 19
2 0 0 1 1 1 19
2 0 0 1 1 1 19
2 0 0 1 1 1 19
2 0 0 1 1 1 19
2 0 0 1 1 1 19
2 0 0 1 1 1 19
2 0 0 0 0 1 19
3 0 0 1 1 1 19
3 0 0 1 1 1 19
3 0 0 1 1 1 19
3 0 0 1 1 1 19
3 0 0 1 1 1 19
3 0 0 1 1 1 19
3 0 0 1 1 1 19
3 0 0 1 1 1 19
3 0 0 0 0 1 19
4 0 0 0 0 0 0
4 0 0 1 1 1 19
4 0 0 1 1 1 19
4 0 0 1 1 1 19
4 0 0 1 1 1 19
4 0 0 1 1 1 19
4 0 0 1 1 1 19
4 0 0 1 1 1 19
4 0 0 0 0 1 19
#SOLUTION-AFT
 57  58  61  56 
 18  52  60  16 
 46  8  10  53 
 13  43  17  11 
 14  51  30  37 
 1  7  12  22 
 40  3  21  33 
 25  59  34  44 
 0  62  2  0 
#SOLUTION-FWD
 57  58  61  56 
 4  52  60  45 
 31  32  35  50 
 48  29  41  9 
 15  36  47  39 
 49  28  38  19 
 42  23  55  20 
 27  54  24  5 
 0  6  26  0 
#INFO
cap20: 56  cap40: 6  reefer: 0  HC: 0  capacity: 100.000000 TEU: 68