1 27 0 5 45 1 9
#POD
8 
#LOCATIONS
22 
#CONTAINERS_TOLOAD
0 0 0 15800.00 2.59 40 8 0 22 0
0 0 0 13730.00 2.59 40 8 0 22 0
0 0 0 22225.00 2.59 40 8 0 22 0
0 0 0 9600.00 2.59 40 8 0 22 0
0 0 0 25000.00 2.59 40 8 0 22 0
0 0 0 11600.00 2.59 40 8 0 22 0
0 0 0 22150.00 2.59 40 8 0 22 0
0 0 0 12420.00 2.59 40 8 0 22 0
0 0 0 15400.00 2.59 40 8 0 22 0
0 0 0 18750.00 2.59 40 8 0 22 0
0 0 0 18300.00 2.59 40 8 0 22 0
0 0 0 16600.00 2.59 40 8 0 22 0
0 0 0 14370.00 2.59 40 8 0 22 0
0 0 0 29200.00 2.59 40 8 0 22 0
0 0 0 22150.00 2.59 40 8 0 22 0
0 0 0 13770.00 2.59 40 8 0 22 0
0 0 0 10980.00 2.59 40 8 0 22 0
0 0 0 13700.00 2.59 40 8 0 22 0
0 0 0 8850.00 2.59 40 8 0 22 0
0 0 0 16660.00 2.59 40 8 0 22 0
0 0 0 25000.00 2.59 40 8 0 22 0
0 0 0 13050.00 2.59 40 8 0 22 0
0 0 0 9280.00 2.59 40 8 0 22 0
0 0 0 10760.00 2.59 40 8 0 22 0
0 0 0 16700.00 2.59 40 8 0 22 0
0 0 0 13800.00 2.59 40 8 0 22 0
0 0 0 19880.00 2.59 40 8 0 22 0
#CONTAINERS_LOADED 
#STACKS
270000.000000 23.450000 22
270000.000000 23.450000 22
270000.000000 23.450000 22
270000.000000 23.450000 22
270000.000000 23.450000 22
#CELLS
1 0 0 0 0 1 22
1 0 0 0 0 1 22
1 0 0 0 0 1 22
1 0 0 0 0 1 22
1 0 0 0 0 1 22
1 0 0 0 0 1 22
1 0 0 0 0 1 22
1 0 0 0 0 1 22
1 0 0 0 0 1 22
2 0 0 0 0 1 22
2 0 0 0 0 1 22
2 0 0 0 0 1 22
2 0 0 0 0 1 22
2 0 0 0 0 1 22
2 0 0 0 0 1 22
2 0 0 0 0 1 22
2 0 0 0 0 1 22
2 0 0 0 0 1 22
3 0 0 0 0 1 22
3 0 0 0 0 1 22
3 0 0 0 0 1 22
3 0 0 0 0 1 22
3 0 0 0 0 1 22
3 0 0 0 0 1 22
3 0 0 0 0 1 22
3 0 0 0 0 1 22
3 0 0 0 0 1 22
4 0 0 0 0 1 22
4 0 0 0 0 1 22
4 0 0 0 0 1 22
4 0 0 0 0 1 22
4 0 0 0 0 1 22
4 0 0 0 0 1 22
4 0 0 0 0 1 22
4 0 0 0 0 1 22
4 0 0 0 0 1 22
5 0 0 0 0 1 22
5 0 0 0 0 1 22
5 0 0 0 0 1 22
5 0 0 0 0 1 22
5 0 0 0 0 1 22
5 0 0 0 0 1 22
5 0 0 0 0 1 22
5 0 0 0 0 1 22
5 0 0 0 0 1 22
#SOLUTION-AFT
 1  19  8  0  0 
 12  23  22  0  0 
 20  4  18  0  0 
 25  24  2  0  0 
 11  17  16  0  0 
 10  6  26  0  0 
 27  3  13  0  0 
 7  5  9  0  0 
 15  21  14  0  0 
#SOLUTION-FWD
 1  19  8  0  0 
 12  23  22  0  0 
 20  4  18  0  0 
 25  24  2  0  0 
 11  17  16  0  0 
 10  6  26  0  0 
 27  3  13  0  0 
 7  5  9  0  0 
 15  21  14  0  0 
#INFO
cap20: 0  cap40: 27  reefer: 0  HC: 0  capacity: 60.000000 TEU: 90