1 48 0 3 24 1 8
#POD
2 
#LOCATIONS
38 
#CONTAINERS_TOLOAD
0 0 0 14210.00 2.59 20 2 0 38 0
0 0 0 12200.00 2.59 20 2 0 38 0
0 0 0 10606.00 2.59 20 2 0 38 0
0 0 0 15100.00 2.59 20 2 0 38 0
0 0 0 12530.00 2.59 20 2 0 38 0
0 0 0 13144.00 2.59 20 2 0 38 0
0 0 0 26560.00 2.59 20 2 0 38 0
0 0 0 13034.00 2.59 20 2 0 38 0
0 0 0 13144.00 2.59 20 2 0 38 0
0 0 0 15620.00 2.59 20 2 0 38 0
0 0 0 26292.00 2.59 20 2 0 38 0
0 0 0 10905.00 2.59 20 2 0 38 0
0 0 0 13034.00 2.59 20 2 0 38 0
0 0 0 26837.00 2.59 20 2 0 38 0
0 0 0 14200.00 2.59 20 2 0 38 0
0 0 0 10257.00 2.59 20 2 0 38 0
0 0 0 13260.00 2.59 20 2 0 38 0
0 0 0 25580.00 2.59 20 2 0 38 0
0 0 0 8800.00 2.59 20 2 0 38 0
0 0 0 10250.00 2.59 20 2 0 38 0
0 0 0 12360.00 2.59 20 2 0 38 0
0 0 0 13500.00 2.59 20 2 0 38 0
0 0 0 10888.00 2.59 20 2 0 38 0
0 0 0 8620.00 2.59 20 2 0 38 0
0 0 0 27694.00 2.59 20 2 0 38 0
0 0 0 10800.00 2.59 20 2 0 38 0
0 0 0 12530.00 2.59 20 2 0 38 0
0 0 0 13525.00 2.59 20 2 0 38 0
0 0 0 26720.00 2.59 20 2 0 38 0
0 0 0 27200.00 2.59 20 2 0 38 0
0 0 0 12070.00 2.59 20 2 0 38 0
0 0 0 10300.00 2.59 20 2 0 38 0
0 0 0 11140.00 2.59 20 2 0 38 0
0 0 0 27700.00 2.59 20 2 0 38 0
0 0 0 26560.00 2.59 20 2 0 38 0
0 0 0 12200.00 2.59 20 2 0 38 0
0 0 0 12300.00 2.59 20 2 0 38 0
0 0 0 9991.00 2.59 20 2 0 38 0
0 0 0 11280.00 2.59 20 2 0 38 0
0 0 0 27680.00 2.59 20 2 0 38 0
0 0 0 10000.00 2.59 20 2 0 38 0
0 0 0 28344.00 2.59 20 2 0 38 0
0 0 0 10380.00 2.59 20 2 0 38 0
0 0 0 14730.00 2.59 20 2 0 38 0
0 0 0 10068.00 2.59 20 2 0 38 0
0 0 0 13034.00 2.59 20 2 0 38 0
0 0 0 8600.00 2.59 20 2 0 38 0
0 0 0 13051.00 2.59 20 2 0 38 0
#CONTAINERS_LOADED 
#STACKS
432000.000000 21.100000 38
432000.000000 21.100000 38
432000.000000 21.100000 38
#CELLS
1 0 0 1 1 0 38
1 0 0 1 1 0 38
1 0 0 1 1 0 38
1 0 0 1 1 0 38
1 0 0 1 1 0 38
1 0 0 1 1 0 38
1 0 0 1 1 0 38
1 0 0 1 1 0 38
2 0 0 1 1 0 38
2 0 0 1 1 0 38
2 0 0 1 1 0 38
2 0 0 1 1 0 38
2 0 0 1 1 0 38
2 0 0 1 1 0 38
2 0 0 1 1 0 38
2 0 0 1 1 0 38
3 0 0 1 1 0 38
3 0 0 1 1 0 38
3 0 0 1 1 0 38
3 0 0 1 1 0 38
3 0 0 1 1 0 38
3 0 0 1 1 0 38
3 0 0 1 1 0 38
3 0 0 1 1 0 38
#SOLUTION-AFT
 47  27  26 
 19  46  12 
 41  48  39 
 20  17  2 
 32  22  37 
 18  15  14 
 11  44  30 
 7  42  25 
#SOLUTION-FWD
 24  13  23 
 38  8  33 
 45  9  31 
 16  6  36 
 43  28  21 
 3  1  5 
 35  4  40 
 29  10  34 
#INFO
cap20: 48  cap40: 0  reefer: 0  HC: 0  capacity: 100.000000 TEU: 48