1 20 0 8 64 1 8
#POD
4 
#LOCATIONS
43 
#CONTAINERS_TOLOAD
0 0 0 8640.00 2.90 40 4 0 43 0
0 0 0 9320.00 2.90 40 4 0 43 0
0 0 0 22040.00 2.59 40 4 0 43 0
0 0 0 21520.00 2.59 40 4 0 43 0
0 0 0 10830.00 2.59 40 4 0 43 0
0 0 0 21360.00 2.59 40 4 0 43 0
0 0 0 23120.00 2.59 40 4 0 43 0
0 0 0 10820.00 2.90 40 4 0 43 0
0 0 0 21580.00 2.59 40 4 0 43 0
0 0 0 10460.00 2.90 40 4 0 43 0
0 0 0 20860.00 2.59 40 4 0 43 0
0 0 0 22280.00 2.59 40 4 0 43 0
0 0 0 20400.00 2.59 40 4 0 43 0
0 0 0 13460.00 2.59 40 4 0 43 0
0 0 0 9150.00 2.90 40 4 0 43 0
0 0 0 8780.00 2.90 40 4 0 43 0
0 0 0 10180.00 2.90 40 4 0 43 0
0 0 0 22600.00 2.59 40 4 0 43 0
0 0 0 20780.00 2.59 40 4 0 43 0
0 0 0 9260.00 2.90 40 4 0 43 0
#CONTAINERS_LOADED 
#STACKS
400000.000000 19.050000 43
400000.000000 21.650000 43
400000.000000 21.650000 43
400000.000000 21.650000 43
400000.000000 21.650000 43
400000.000000 21.650000 43
400000.000000 21.650000 43
400000.000000 19.050000 43
#CELLS
1 0 0 0 0 0 0
1 0 0 1 1 1 43
1 0 0 1 1 1 43
1 0 0 1 1 1 43
1 0 0 1 1 1 43
1 0 0 1 1 1 43
1 0 0 1 1 1 43
1 0 0 1 1 1 43
2 0 0 1 1 1 43
2 0 0 1 1 1 43
2 0 0 1 1 1 43
2 0 1 1 1 1 43
2 0 1 1 1 1 43
2 0 1 1 1 1 43
2 0 0 1 1 1 43
2 0 0 0 0 1 43
3 0 0 1 1 1 43
3 0 0 1 1 1 43
3 0 0 1 1 1 43
3 0 1 1 1 1 43
3 0 1 1 1 1 43
3 0 1 1 1 1 43
3 0 0 1 1 1 43
3 0 0 0 0 1 43
4 0 0 1 1 1 43
4 0 0 1 1 1 43
4 0 0 1 1 1 43
4 0 0 1 1 1 43
4 0 0 1 1 1 43
4 0 0 1 1 1 43
4 0 0 1 1 1 43
4 0 0 0 0 1 43
5 0 0 1 1 1 43
5 0 0 1 1 1 43
5 0 1 1 1 1 43
5 0 1 1 1 1 43
5 0 1 1 1 1 43
5 0 1 1 1 1 43
5 0 0 1 1 1 43
5 0 0 0 0 1 43
6 0 0 1 1 1 43
6 0 0 1 1 1 43
6 0 0 1 1 1 43
6 0 1 1 1 1 43
6 0 1 1 1 1 43
6 0 1 1 1 1 43
6 0 0 1 1 1 43
6 0 0 0 0 1 43
7 0 0 1 1 1 43
7 0 0 1 1 1 43
7 0 0 1 1 1 43
7 0 1 1 1 1 43
7 0 1 1 1 1 43
7 0 1 1 1 1 43
7 0 0 1 1 1 43
7 0 0 0 0 1 43
8 0 0 0 0 0 0
8 0 0 1 1 1 43
8 0 0 1 1 1 43
8 0 0 1 1 1 43
8 0 0 1 1 1 43
8 0 0 1 1 1 43
8 0 0 1 1 1 43
8 0 0 1 1 1 43
#SOLUTION-AFT
 0  0  0  0  10  0  0  0 
 0  0  1  0  8  0  0  0 
 0  0  16  0  14  0  0  0 
 0  0  15  17  9  0  0  0 
 0  0  20  5  3  0  0  0 
 0  0  2  11  12  0  0  0 
 0  0  13  6  18  0  0  0 
 0  0  19  4  7  0  0  0 
#SOLUTION-FWD
 0  0  0  0  10  0  0  0 
 0  0  1  0  8  0  0  0 
 0  0  16  0  14  0  0  0 
 0  0  15  17  9  0  0  0 
 0  0  20  5  3  0  0  0 
 0  0  2  11  12  0  0  0 
 0  0  13  6  18  0  0  0 
 0  0  19  4  7  0  0  0 
#INFO
cap20: 0  cap40: 20  reefer: 0  HC: 8  capacity: 32.258065 TEU: 124