1 29 0 3 24 1 8
#POD
4 
#LOCATIONS
57 
#CONTAINERS_TOLOAD
0 0 0 27170.00 2.59 20 4 0 57 0
0 0 0 27170.00 2.59 20 4 0 57 0
0 0 0 25940.00 2.90 40 4 0 57 0
0 0 0 26080.00 2.90 40 4 0 57 0
0 0 0 27230.00 2.59 20 4 0 57 0
0 0 0 27200.00 2.59 20 4 0 57 0
0 0 0 27230.00 2.59 20 4 0 57 0
0 0 0 27220.00 2.59 20 4 0 57 0
0 0 0 27170.00 2.59 20 4 0 57 0
0 0 0 25960.00 2.90 40 4 0 57 0
0 0 0 26920.00 2.90 40 4 0 57 0
0 0 0 27170.00 2.59 20 4 0 57 0
0 0 0 27170.00 2.59 20 4 0 57 0
0 0 0 25940.00 2.90 40 4 0 57 0
0 0 0 25900.00 2.90 40 4 0 57 0
0 0 0 27170.00 2.59 20 4 0 57 0
0 0 0 27230.00 2.59 20 4 0 57 0
0 0 0 26020.00 2.90 40 4 0 57 0
0 0 0 25970.00 2.90 40 4 0 57 0
0 0 0 27170.00 2.59 20 4 0 57 0
0 0 0 27230.00 2.59 20 4 0 57 0
0 0 0 27230.00 2.59 20 4 0 57 0
0 0 0 26310.00 2.90 40 4 0 57 0
0 0 0 25940.00 2.90 40 4 0 57 0
0 0 0 25980.00 2.90 40 4 0 57 0
0 0 0 25960.00 2.90 40 4 0 57 0
0 0 0 27170.00 2.59 20 4 0 57 0
0 0 0 27170.00 2.59 20 4 0 57 0
0 0 0 25960.00 2.90 40 4 0 57 0
#CONTAINERS_LOADED 
#STACKS
336000.000000 21.280000 57
336000.000000 21.280000 57
336000.000000 21.280000 57
#CELLS
1 0 0 1 1 1 57
1 0 0 1 1 1 57
1 0 1 1 1 1 57
1 0 1 1 1 1 57
1 0 1 1 1 1 57
1 0 1 1 1 1 57
1 0 0 1 1 1 57
1 0 0 1 1 1 57
2 0 0 1 1 1 57
2 0 0 1 1 1 57
2 0 0 1 1 1 57
2 0 0 1 1 1 57
2 0 0 1 1 1 57
2 0 0 1 1 1 57
2 0 0 1 1 1 57
2 0 0 1 1 1 57
3 0 0 1 1 1 57
3 0 0 1 1 1 57
3 0 1 1 1 1 57
3 0 1 1 1 1 57
3 0 1 1 1 1 57
3 0 1 1 1 1 57
3 0 0 1 1 1 57
3 0 0 1 1 1 57
#SOLUTION-AFT
 0  0  0 
 15  25  24 
 27  18  3 
 28  4  14 
 20  23  10 
 13  11  29 
 6  17  26 
 8  7  19 
#SOLUTION-FWD
 0  0  0 
 15  25  24 
 12  18  3 
 16  4  14 
 2  23  10 
 1  11  29 
 9  22  26 
 21  5  19 
#INFO
cap20: 16  cap40: 13  reefer: 0  HC: 13  capacity: 87.500000 TEU: 48