1 99 0 10 110 1 11
#POD
4 
#LOCATIONS
65 
#CONTAINERS_TOLOAD
0 0 0 10500.00 2.59 40 4 0 65 0
0 0 0 12500.00 2.90 40 4 0 65 0
0 0 0 11900.00 2.90 40 4 0 65 0
0 0 0 10800.00 2.59 40 4 0 65 0
0 0 0 10699.00 2.59 40 4 0 65 0
0 0 0 9699.00 2.59 40 4 0 65 0
0 0 0 9400.00 2.59 40 4 0 65 0
0 0 0 8699.00 2.59 40 4 0 65 0
0 0 0 10800.00 2.59 40 4 0 65 0
0 0 0 8099.00 2.59 40 4 0 65 0
0 0 0 11900.00 2.90 40 4 0 65 0
0 0 0 10699.00 2.59 40 4 0 65 0
0 0 0 12300.00 2.90 40 4 0 65 0
0 0 0 8000.00 2.59 40 4 0 65 0
0 0 0 8900.00 2.59 40 4 0 65 0
0 0 0 8000.00 2.59 40 4 0 65 0
0 0 0 10099.00 2.59 40 4 0 65 0
0 0 0 8400.00 2.59 40 4 0 65 0
0 0 0 11900.00 2.90 40 4 0 65 0
0 0 0 8099.00 2.59 40 4 0 65 0
0 0 0 9099.00 2.59 40 4 0 65 0
0 0 0 8199.00 2.59 40 4 0 65 0
0 0 0 12199.00 2.90 40 4 0 65 0
0 0 0 8699.00 2.59 40 4 0 65 0
0 0 0 12099.00 2.90 40 4 0 65 0
0 0 0 9900.00 2.59 40 4 0 65 0
0 0 0 8000.00 2.59 40 4 0 65 0
0 0 0 8199.00 2.59 40 4 0 65 0
0 0 0 9099.00 2.59 40 4 0 65 0
0 0 0 9800.00 2.59 40 4 0 65 0
0 0 0 11900.00 2.90 40 4 0 65 0
0 0 0 12400.00 2.90 40 4 0 65 0
0 0 0 9599.00 2.59 40 4 0 65 0
0 0 0 9699.00 2.59 40 4 0 65 0
0 0 0 12400.00 2.90 40 4 0 65 0
0 0 0 8699.00 2.59 40 4 0 65 0
0 0 0 10900.00 2.59 40 4 0 65 0
0 0 0 10099.00 2.59 40 4 0 65 0
0 0 0 8000.00 2.59 40 4 0 65 0
0 0 0 9599.00 2.59 40 4 0 65 0
0 0 0 11900.00 2.90 40 4 0 65 0
0 0 0 11900.00 2.90 40 4 0 65 0
0 0 0 11800.00 2.90 40 4 0 65 0
0 0 0 10699.00 2.59 40 4 0 65 0
0 0 0 8500.00 2.59 40 4 0 65 0
0 0 0 12599.00 2.90 40 4 0 65 0
0 0 0 9300.00 2.59 40 4 0 65 0
0 0 0 7900.00 2.59 40 4 0 65 0
0 0 0 9699.00 2.59 40 4 0 65 0
0 0 0 12300.00 2.90 40 4 0 65 0
0 0 0 9099.00 2.59 40 4 0 65 0
0 0 0 11800.00 2.90 40 4 0 65 0
0 0 0 8699.00 2.59 40 4 0 65 0
0 0 0 8699.00 2.59 40 4 0 65 0
0 0 0 8099.00 2.59 40 4 0 65 0
0 0 0 8000.00 2.59 40 4 0 65 0
0 0 0 9300.00 2.59 40 4 0 65 0
0 0 0 10000.00 2.59 40 4 0 65 0
0 0 0 8099.00 2.59 40 4 0 65 0
0 0 0 10300.00 2.59 40 4 0 65 0
0 0 0 9699.00 2.59 40 4 0 65 0
0 0 0 8000.00 2.59 40 4 0 65 0
0 0 0 9900.00 2.59 40 4 0 65 0
0 0 0 10599.00 2.59 40 4 0 65 0
0 0 0 12199.00 2.90 40 4 0 65 0
0 0 0 10000.00 2.59 40 4 0 65 0
0 0 0 8199.00 2.59 40 4 0 65 0
0 0 0 9199.00 2.59 40 4 0 65 0
0 0 0 10500.00 2.59 40 4 0 65 0
0 0 0 8500.00 2.59 40 4 0 65 0
0 0 0 10099.00 2.59 40 4 0 65 0
0 0 0 8000.00 2.59 40 4 0 65 0
0 0 0 9699.00 2.59 40 4 0 65 0
0 0 0 12599.00 2.90 40 4 0 65 0
0 0 0 8099.00 2.59 40 4 0 65 0
0 0 0 7900.00 2.59 40 4 0 65 0
0 0 0 10000.00 2.59 40 4 0 65 0
0 0 0 11699.00 2.90 40 4 0 65 0
0 0 0 9900.00 2.59 40 4 0 65 0
0 0 0 8099.00 2.59 40 4 0 65 0
0 0 0 12599.00 2.90 40 4 0 65 0
0 0 0 11699.00 2.90 40 4 0 65 0
0 0 0 10199.00 2.59 40 4 0 65 0
0 0 0 9699.00 2.59 40 4 0 65 0
0 0 0 12699.00 2.90 40 4 0 65 0
0 0 0 11800.00 2.90 40 4 0 65 0
0 0 0 8699.00 2.59 40 4 0 65 0
0 0 0 8500.00 2.59 40 4 0 65 0
0 0 0 8300.00 2.59 40 4 0 65 0
0 0 0 12199.00 2.90 40 4 0 65 0
0 0 0 8000.00 2.59 40 4 0 65 0
0 0 0 10699.00 2.59 40 4 0 65 0
0 0 0 11800.00 2.90 40 4 0 65 0
0 0 0 11699.00 2.90 40 4 0 65 0
0 0 0 8500.00 2.59 40 4 0 65 0
0 0 0 9400.00 2.59 40 4 0 65 0
0 0 0 10400.00 2.59 40 4 0 65 0
0 0 0 10699.00 2.59 40 4 0 65 0
0 0 0 10699.00 2.59 40 4 0 65 0
#CONTAINERS_LOADED 
#STACKS
270000.000000 23.340000 65
270000.000000 26.240000 65
270000.000000 26.240000 65
270000.000000 29.160000 65
270000.000000 29.160000 65
270000.000000 29.160000 65
270000.000000 29.160000 65
270000.000000 26.240000 65
270000.000000 26.240000 65
270000.000000 23.340000 65
#CELLS
1 0 0 0 0 0 0
1 0 0 0 0 0 0
1 0 0 1 1 1 65
1 0 0 1 1 1 65
1 0 0 1 1 1 65
1 0 0 1 1 1 65
1 0 0 1 1 1 65
1 0 0 1 1 1 65
1 0 0 1 1 1 65
1 0 0 1 1 1 65
1 0 0 0 0 0 0
2 0 0 0 0 0 0
2 0 0 1 1 1 65
2 0 0 1 1 1 65
2 0 0 1 1 1 65
2 0 0 1 1 1 65
2 0 0 1 1 1 65
2 0 0 1 1 1 65
2 0 0 1 1 1 65
2 0 0 1 1 1 65
2 0 0 1 1 1 65
2 0 0 1 1 1 65
3 0 0 0 0 0 0
3 0 0 1 1 1 65
3 0 0 1 1 1 65
3 0 0 1 1 1 65
3 0 0 1 1 1 65
3 0 0 1 1 1 65
3 0 0 1 1 1 65
3 0 0 1 1 1 65
3 0 0 1 1 1 65
3 0 0 1 1 1 65
3 0 0 1 1 1 65
4 0 0 1 1 1 65
4 0 0 1 1 1 65
4 0 0 1 1 1 65
4 0 0 1 1 1 65
4 0 0 1 1 1 65
4 0 0 1 1 1 65
4 0 0 1 1 1 65
4 0 0 1 1 1 65
4 0 0 1 1 1 65
4 0 0 1 1 1 65
4 0 0 1 1 1 65
5 0 0 1 1 1 65
5 0 0 1 1 1 65
5 0 0 1 1 1 65
5 0 0 1 1 1 65
5 0 0 1 1 1 65
5 0 0 1 1 1 65
5 0 0 1 1 1 65
5 0 0 1 1 1 65
5 0 0 1 1 1 65
5 0 0 1 1 1 65
5 0 0 1 1 1 65
6 0 0 1 1 1 65
6 0 0 1 1 1 65
6 0 0 1 1 1 65
6 0 0 1 1 1 65
6 0 0 1 1 1 65
6 0 0 1 1 1 65
6 0 0 1 1 1 65
6 0 0 1 1 1 65
6 0 0 1 1 1 65
6 0 0 1 1 1 65
6 0 0 1 1 1 65
7 0 0 1 1 1 65
7 0 0 1 1 1 65
7 0 0 1 1 1 65
7 0 0 1 1 1 65
7 0 0 1 1 1 65
7 0 0 1 1 1 65
7 0 0 1 1 1 65
7 0 0 1 1 1 65
7 0 0 1 1 1 65
7 0 0 1 1 1 65
7 0 0 1 1 1 65
8 0 0 0 0 0 0
8 0 0 1 1 1 65
8 0 0 1 1 1 65
8 0 0 1 1 1 65
8 0 0 1 1 1 65
8 0 0 1 1 1 65
8 0 0 1 1 1 65
8 0 0 1 1 1 65
8 0 0 1 1 1 65
8 0 0 1 1 1 65
8 0 0 1 1 1 65
9 0 0 0 0 0 0
9 0 0 1 1 1 65
9 0 0 1 1 1 65
9 0 0 1 1 1 65
9 0 0 1 1 1 65
9 0 0 1 1 1 65
9 0 0 1 1 1 65
9 0 0 1 1 1 65
9 0 0 1 1 1 65
9 0 0 1 1 1 65
9 0 0 1 1 1 65
10 0 0 0 0 0 0
10 0 0 0 0 0 0
10 0 0 1 1 1 65
10 0 0 1 1 1 65
10 0 0 1 1 1 65
10 0 0 1 1 1 65
10 0 0 1 1 1 65
10 0 0 1 1 1 65
10 0 0 1 1 1 65
10 0 0 1 1 1 65
10 0 0 0 0 0 0
#SOLUTION-AFT
 0  33  0  60  70  54  75  48  26  0 
 82  40  13  97  95  87  20  76  79  31 
 94  61  50  69  45  15  55  39  63  19 
 78  73  35  1  88  51  59  56  66  41 
 93  84  32  64  8  29  80  72  77  42 
 43  6  2  98  36  21  10  14  58  3 
 52  34  74  92  24  68  67  16  71  25 
 86  49  46  44  53  57  28  27  17  23 
 11  30  81  12  4  47  22  91  38  90 
 0  65  85  5  9  96  89  62  83  0 
 0  0  0  99  37  7  18  0  0  0 
#SOLUTION-FWD
 0  33  0  60  70  54  75  48  26  0 
 82  40  13  97  95  87  20  76  79  31 
 94  61  50  69  45  15  55  39  63  19 
 78  73  35  1  88  51  59  56  66  41 
 93  84  32  64  8  29  80  72  77  42 
 43  6  2  98  36  21  10  14  58  3 
 52  34  74  92  24  68  67  16  71  25 
 86  49  46  44  53  57  28  27  17  23 
 11  30  81  12  4  47  22  91  38  90 
 0  65  85  5  9  96  89  62  83  0 
 0  0  0  99  37  7  18  0  0  0 
#INFO
cap20: 0  cap40: 99  reefer: 0  HC: 26  capacity: 99.000000 TEU: 200