1 124 0 8 64 1 8
#POD
3 
#LOCATIONS
39 
#CONTAINERS_TOLOAD
0 0 0 22000.00 2.59 20 3 0 39 0
0 0 0 17000.00 2.59 20 3 0 39 0
0 0 0 18500.00 2.59 20 3 0 39 0
0 0 0 27280.00 2.59 20 3 0 39 0
0 0 0 20500.00 2.59 20 3 0 39 0
0 0 0 25960.00 2.59 20 3 0 39 0
0 0 0 25161.00 2.59 20 3 0 39 0
0 0 0 21600.00 2.59 20 3 0 39 0
0 0 0 20280.00 2.59 20 3 0 39 0
0 0 0 19780.00 2.59 20 3 0 39 0
0 0 0 20000.00 2.59 20 3 0 39 0
0 0 0 24300.00 2.59 20 3 0 39 0
0 0 0 27280.00 2.59 20 3 0 39 0
0 0 0 25249.00 2.59 20 3 0 39 0
0 0 0 26140.00 2.59 20 3 0 39 0
0 0 0 24560.00 2.59 20 3 0 39 0
0 0 0 20220.00 2.59 20 3 0 39 0
0 0 0 24280.00 2.59 20 3 0 39 0
0 0 0 25720.00 2.59 20 3 0 39 0
0 0 0 20000.00 2.59 20 3 0 39 0
0 0 0 20380.00 2.59 20 3 0 39 0
0 0 0 24280.00 2.59 20 3 0 39 0
0 0 0 24280.00 2.59 20 3 0 39 0
0 0 0 24200.00 2.59 20 3 0 39 0
0 0 0 18947.00 2.59 20 3 0 39 0
0 0 0 19698.00 2.59 20 3 0 39 0
0 0 0 28445.00 2.59 20 3 0 39 0
0 0 0 22560.00 2.59 20 3 0 39 0
0 0 0 22000.00 2.59 20 3 0 39 0
0 0 0 24560.00 2.59 20 3 0 39 0
0 0 0 22000.00 2.59 20 3 0 39 0
0 0 0 20096.00 2.59 20 3 0 39 0
0 0 0 24520.00 2.59 20 3 0 39 0
0 0 0 20300.00 2.59 20 3 0 39 0
0 0 0 19600.00 2.59 20 3 0 39 0
0 0 0 20280.00 2.59 20 3 0 39 0
0 0 0 28127.00 2.59 20 3 0 39 0
0 0 0 20360.00 2.59 20 3 0 39 0
0 0 0 24560.00 2.59 20 3 0 39 0
0 0 0 24244.00 2.59 20 3 0 39 0
0 0 0 24660.00 2.59 20 3 0 39 0
0 0 0 19380.00 2.59 20 3 0 39 0
0 0 0 20420.00 2.59 20 3 0 39 0
0 0 0 22260.00 2.59 20 3 0 39 0
0 0 0 24813.00 2.59 20 3 0 39 0
0 0 0 24560.00 2.59 20 3 0 39 0
0 0 0 20430.00 2.59 20 3 0 39 0
0 0 0 24430.00 2.59 20 3 0 39 0
0 0 0 17877.00 2.59 20 3 0 39 0
0 0 0 20168.00 2.59 20 3 0 39 0
0 0 0 24280.00 2.59 20 3 0 39 0
0 0 0 22230.00 2.59 20 3 0 39 0
0 0 0 27280.00 2.59 20 3 0 39 0
0 0 0 25537.00 2.59 20 3 0 39 0
0 0 0 20710.00 2.59 20 3 0 39 0
0 0 0 16580.00 2.59 20 3 0 39 0
0 0 0 25240.00 2.59 20 3 0 39 0
0 0 0 22300.00 2.59 20 3 0 39 0
0 0 0 20000.00 2.59 20 3 0 39 0
0 0 0 19880.00 2.59 20 3 0 39 0
0 0 0 22000.00 2.59 20 3 0 39 0
0 0 0 18580.00 2.59 20 3 0 39 0
0 0 0 24280.00 2.59 20 3 0 39 0
0 0 0 28250.00 2.59 20 3 0 39 0
0 0 0 20400.00 2.59 20 3 0 39 0
0 0 0 22000.00 2.59 20 3 0 39 0
0 0 0 25500.00 2.59 20 3 0 39 0
0 0 0 21800.00 2.59 20 3 0 39 0
0 0 0 19280.00 2.59 20 3 0 39 0
0 0 0 23877.00 2.59 20 3 0 39 0
0 0 0 24460.00 2.59 20 3 0 39 0
0 0 0 24250.00 2.59 20 3 0 39 0
0 0 0 24450.00 2.59 20 3 0 39 0
0 0 0 24210.00 2.59 20 3 0 39 0
0 0 0 21000.00 2.59 20 3 0 39 0
0 0 0 24460.00 2.59 20 3 0 39 0
0 0 0 23430.00 2.59 20 3 0 39 0
0 0 0 20300.00 2.59 20 3 0 39 0
0 0 0 24280.00 2.59 20 3 0 39 0
0 0 0 25475.00 2.59 20 3 0 39 0
0 0 0 20280.00 2.59 20 3 0 39 0
0 0 0 21220.00 2.59 20 3 0 39 0
0 0 0 16488.00 2.59 20 3 0 39 0
0 0 0 23380.00 2.59 20 3 0 39 0
0 0 0 21000.00 2.59 20 3 0 39 0
0 0 0 22280.00 2.59 20 3 0 39 0
0 0 0 25060.00 2.59 20 3 0 39 0
0 0 0 19780.00 2.59 20 3 0 39 0
0 0 0 21000.00 2.59 20 3 0 39 0
0 0 0 22988.00 2.59 20 3 0 39 0
0 0 0 22210.00 2.59 20 3 0 39 0
0 0 0 24460.00 2.59 20 3 0 39 0
0 0 0 24600.00 2.59 20 3 0 39 0
0 0 0 25313.00 2.59 20 3 0 39 0
0 0 0 19580.00 2.59 20 3 0 39 0
0 0 0 23927.00 2.59 20 3 0 39 0
0 0 0 16394.00 2.59 20 3 0 39 0
0 0 0 24460.00 2.59 20 3 0 39 0
0 0 0 17000.00 2.59 20 3 0 39 0
0 0 0 24600.00 2.59 20 3 0 39 0
0 0 0 26360.00 2.59 20 3 0 39 0
0 0 0 20300.00 2.59 20 3 0 39 0
0 0 0 23570.00 2.59 20 3 0 39 0
0 0 0 22000.00 2.59 20 3 0 39 0
0 0 0 24600.00 2.59 20 3 0 39 0
0 0 0 19203.00 2.59 20 3 0 39 0
0 0 0 19280.00 2.59 20 3 0 39 0
0 0 0 22560.00 2.59 20 3 0 39 0
0 0 0 22300.00 2.59 20 3 0 39 0
0 0 0 20400.00 2.59 20 3 0 39 0
0 0 0 22280.00 2.59 20 3 0 39 0
0 0 0 24290.00 2.59 20 3 0 39 0
0 0 0 21000.00 2.59 20 3 0 39 0
0 0 0 24970.00 2.59 20 3 0 39 0
0 0 0 23380.00 2.59 20 3 0 39 0
0 0 0 23000.00 2.59 20 3 0 39 0
0 0 0 18580.00 2.59 20 3 0 39 0
0 0 0 29430.00 2.59 20 3 0 39 0
0 0 0 17397.00 2.59 20 3 0 39 0
0 0 0 24430.00 2.59 20 3 0 39 0
0 0 0 24600.00 2.59 20 3 0 39 0
0 0 0 22000.00 2.59 20 3 0 39 0
0 0 0 23410.00 2.59 20 3 0 39 0
0 0 0 22000.00 2.59 20 3 0 39 0
#CONTAINERS_LOADED 
#STACKS
378000.000000 18.500000 39
432000.000000 21.100000 39
432000.000000 21.100000 39
432000.000000 21.100000 39
432000.000000 21.100000 39
432000.000000 21.100000 39
432000.000000 21.100000 39
378000.000000 18.500000 39
#CELLS
1 0 0 0 0 0 0
1 0 0 1 1 0 39
1 0 0 1 1 0 39
1 0 0 1 1 0 39
1 0 0 1 1 0 39
1 0 0 1 1 0 39
1 0 0 1 1 0 39
1 0 0 1 1 0 39
2 0 0 1 1 0 39
2 0 0 1 1 0 39
2 0 0 1 1 0 39
2 0 0 1 1 0 39
2 0 0 1 1 0 39
2 0 0 1 1 0 39
2 0 0 1 1 0 39
2 0 0 1 1 0 39
3 0 0 1 1 0 39
3 0 0 1 1 0 39
3 0 0 1 1 0 39
3 0 0 1 1 0 39
3 0 0 1 1 0 39
3 0 0 1 1 0 39
3 0 0 1 1 0 39
3 0 0 1 1 0 39
4 0 0 1 1 0 39
4 0 0 1 1 0 39
4 0 0 1 1 0 39
4 0 0 1 1 0 39
4 0 0 1 1 0 39
4 0 0 1 1 0 39
4 0 0 1 1 0 39
4 0 0 1 1 0 39
5 0 0 1 1 0 39
5 0 0 1 1 0 39
5 0 0 1 1 0 39
5 0 0 1 1 0 39
5 0 0 1 1 0 39
5 0 0 1 1 0 39
5 0 0 1 1 0 39
5 0 0 1 1 0 39
6 0 0 1 1 0 39
6 0 0 1 1 0 39
6 0 0 1 1 0 39
6 0 0 1 1 0 39
6 0 0 1 1 0 39
6 0 0 1 1 0 39
6 0 0 1 1 0 39
6 0 0 1 1 0 39
7 0 0 1 1 0 39
7 0 0 1 1 0 39
7 0 0 1 1 0 39
7 0 0 1 1 0 39
7 0 0 1 1 0 39
7 0 0 1 1 0 39
7 0 0 1 1 0 39
7 0 0 1 1 0 39
8 0 0 0 0 0 0
8 0 0 1 1 0 39
8 0 0 1 1 0 39
8 0 0 1 1 0 39
8 0 0 1 1 0 39
8 0 0 1 1 0 39
8 0 0 1 1 0 39
8 0 0 1 1 0 39
#SOLUTION-AFT
 3  99  38  122  119  113  102  56 
 62  20  110  91  111  8  18  42 
 25  50  43  52  109  68  22  35 
 116  9  5  57  108  61  12  26 
 84  36  75  80  4  1  48  10 
 77  72  30  54  13  93  92  96 
 103  51  39  19  37  114  71  24 
 0  63  105  15  27  7  33  0 
#SOLUTION-FWD
 97  2  21  104  49  89  34  83 
 117  59  65  124  86  82  78  107 
 106  32  47  44  58  66  112  95 
 69  17  55  14  28  29  120  88 
 115  81  85  94  90  31  73  60 
 123  40  16  67  53  41  98  11 
 70  23  100  6  64  45  76  74 
 0  79  121  101  118  87  46  0 
#INFO
cap20: 124  cap40: 0  reefer: 0  HC: 0  capacity: 100.000000 TEU: 124