1 34 0 4 36 1 9
#POD
4 
#LOCATIONS
49 
#CONTAINERS_TOLOAD
0 0 0 28636.00 2.59 40 4 0 49 0
0 0 0 28636.00 2.59 40 4 0 49 0
0 0 0 28636.00 2.59 40 4 0 49 0
0 0 0 19004.00 2.90 40 4 1 49 0
0 0 0 28636.00 2.59 40 4 0 49 0
0 0 0 28636.00 2.59 40 4 0 49 0
0 0 0 28636.00 2.59 40 4 0 49 0
0 0 0 20846.00 2.90 40 4 1 49 0
0 0 0 28636.00 2.59 40 4 0 49 0
0 0 0 29200.00 2.90 40 4 1 49 0
0 0 0 19633.00 2.90 40 4 1 49 0
0 0 0 21650.00 2.90 40 4 1 49 0
0 0 0 28636.00 2.59 40 4 0 49 0
0 0 0 28636.00 2.59 40 4 0 49 0
0 0 0 28636.00 2.59 40 4 0 49 0
0 0 0 20916.00 2.90 40 4 1 49 0
0 0 0 20572.00 2.90 40 4 1 49 0
0 0 0 28636.00 2.59 40 4 0 49 0
0 0 0 28636.00 2.59 40 4 0 49 0
0 0 0 28636.00 2.59 40 4 0 49 0
0 0 0 28793.00 2.59 40 4 0 49 0
0 0 0 20147.00 2.90 40 4 1 49 0
0 0 0 29432.00 2.59 40 4 0 49 0
0 0 0 28636.00 2.59 40 4 0 49 0
0 0 0 28636.00 2.59 40 4 0 49 0
0 0 0 21935.00 2.90 40 4 1 49 0
0 0 0 29200.00 2.59 40 4 0 49 0
0 0 0 28636.00 2.59 40 4 0 49 0
0 0 0 28636.00 2.59 40 4 0 49 0
0 0 0 28636.00 2.59 40 4 0 49 0
0 0 0 21696.00 2.90 40 4 1 49 0
0 0 0 21446.00 2.90 40 4 1 49 0
0 0 0 28838.00 2.59 40 4 0 49 0
0 0 0 28636.00 2.59 40 4 0 49 0
#CONTAINERS_LOADED 
#STACKS
270000.000000 23.320000 49
270000.000000 23.320000 49
270000.000000 23.320000 49
270000.000000 23.320000 49
#CELLS
1 0 1 1 1 1 49
1 0 1 1 1 1 49
1 0 1 1 1 1 49
1 0 1 1 1 1 49
1 0 1 1 1 1 49
1 0 1 1 1 1 49
1 0 0 1 1 1 49
1 0 0 1 1 1 49
1 0 0 1 1 1 49
2 0 1 1 1 1 49
2 0 1 1 1 1 49
2 0 1 1 1 1 49
2 0 1 1 1 1 49
2 0 1 1 1 1 49
2 0 1 1 1 1 49
2 0 0 1 1 1 49
2 0 0 1 1 1 49
2 0 0 1 1 1 49
3 0 1 1 1 1 49
3 0 1 1 1 1 49
3 0 1 1 1 1 49
3 0 1 1 1 1 49
3 0 1 1 1 1 49
3 0 1 1 1 1 49
3 0 0 1 1 1 49
3 0 0 1 1 1 49
3 0 0 1 1 1 49
4 0 1 1 1 1 49
4 0 1 1 1 1 49
4 0 1 1 1 1 49
4 0 1 1 1 1 49
4 0 1 1 1 1 49
4 0 1 1 1 1 49
4 0 0 1 1 1 49
4 0 0 1 1 1 49
4 0 0 1 1 1 49
#SOLUTION-AFT
 13  0  34  0 
 14  28  29  19 
 15  25  30  20 
 18  24  2  10 
 3  26  1  17 
 5  8  21  12 
 6  4  33  16 
 7  22  27  32 
 9  31  23  11 
#SOLUTION-FWD
 13  0  34  0 
 14  28  29  19 
 15  25  30  20 
 18  24  2  10 
 3  26  1  17 
 5  8  21  12 
 6  4  33  16 
 7  22  27  32 
 9  31  23  11 
#INFO
cap20: 0  cap40: 34  reefer: 11  HC: 11  capacity: 94.444444 TEU: 72