1 24 0 5 45 1 9
#POD
6 
#LOCATIONS
45 
#CONTAINERS_TOLOAD
0 0 0 11599.00 2.90 40 6 0 45 0
0 0 0 24000.00 2.59 20 6 0 45 0
0 0 0 7700.00 2.59 20 6 0 45 0
0 0 0 5799.00 2.59 20 6 0 45 0
0 0 0 12900.00 2.59 20 6 0 45 0
0 0 0 18300.00 2.59 40 6 0 45 0
0 0 0 7000.00 2.59 20 6 0 45 0
0 0 0 6500.00 2.59 40 6 0 45 0
0 0 0 22699.00 2.59 20 6 0 45 0
0 0 0 13400.00 2.90 40 6 0 45 0
0 0 0 23899.00 2.59 20 6 0 45 0
0 0 0 12699.00 2.59 20 6 0 45 0
0 0 0 6000.00 2.59 20 6 0 45 0
0 0 0 23899.00 2.59 20 6 0 45 0
0 0 0 5000.00 2.59 20 6 0 45 0
0 0 0 6200.00 2.59 20 6 0 45 0
0 0 0 22800.00 2.59 20 6 0 45 0
0 0 0 12699.00 2.59 20 6 0 45 0
0 0 0 25100.00 2.59 40 6 0 45 0
0 0 0 11000.00 2.90 40 6 0 45 0
0 0 0 22699.00 2.59 20 6 0 45 0
0 0 0 12700.00 2.90 40 6 0 45 0
0 0 0 23800.00 2.59 20 6 0 45 0
0 0 0 12680.00 2.90 40 6 0 45 0
#CONTAINERS_LOADED 
#STACKS
432000.000000 24.180000 45
432000.000000 24.180000 45
432000.000000 24.180000 45
432000.000000 24.180000 45
432000.000000 24.180000 45
#CELLS
1 0 0 1 1 1 45
1 0 0 1 1 1 45
1 0 0 1 1 1 45
1 0 0 1 1 1 45
1 0 0 1 1 1 45
1 0 0 1 1 1 45
1 0 0 1 1 1 45
1 0 0 1 1 1 45
1 0 0 1 1 1 45
2 0 0 1 1 1 45
2 0 0 1 1 1 45
2 0 0 1 1 1 45
2 0 0 1 1 1 45
2 0 0 1 1 1 45
2 0 0 1 1 1 45
2 0 0 1 1 1 45
2 0 0 1 1 1 45
2 0 0 1 1 1 45
3 0 0 1 1 1 45
3 0 0 1 1 1 45
3 0 0 1 1 1 45
3 0 0 1 1 1 45
3 0 0 1 1 1 45
3 0 0 1 1 1 45
3 0 0 1 1 1 45
3 0 0 1 1 1 45
3 0 0 1 1 1 45
4 0 0 1 1 1 45
4 0 0 1 1 1 45
4 0 0 1 1 1 45
4 0 0 1 1 1 45
4 0 0 1 1 1 45
4 0 0 1 1 1 45
4 0 0 1 1 1 45
4 0 0 1 1 1 45
4 0 0 1 1 1 45
5 0 0 1 1 1 45
5 0 0 1 1 1 45
5 0 0 1 1 1 45
5 0 0 1 1 1 45
5 0 0 1 1 1 45
5 0 0 1 1 1 45
5 0 0 1 1 1 45
5 0 0 1 1 1 45
5 0 0 1 1 1 45
#SOLUTION-AFT
 0  8  0  0  0 
 0  6  0  0  0 
 20  19  0  0  0 
 1  7  0  0  0 
 24  12  0  0  0 
 22  5  0  0  0 
 10  9  0  0  0 
 15  23  0  0  0 
 13  11  0  0  0 
#SOLUTION-FWD
 0  8  0  0  0 
 0  6  0  0  0 
 20  19  0  0  0 
 1  3  0  0  0 
 24  18  0  0  0 
 22  21  0  0  0 
 10  17  0  0  0 
 4  14  0  0  0 
 16  2  0  0  0 
#INFO
cap20: 16  cap40: 8  reefer: 0  HC: 5  capacity: 35.555556 TEU: 90