1 52 0 10 110 1 11
#POD
4 
#LOCATIONS
25 
#CONTAINERS_TOLOAD
0 0 0 20000.00 2.90 40 4 0 25 0
0 0 0 20000.00 2.90 40 4 0 25 0
0 0 0 19300.00 2.90 40 4 0 25 0
0 0 0 23899.00 2.90 40 4 0 25 0
0 0 0 17399.00 2.90 40 4 0 25 0
0 0 0 19899.00 2.90 40 4 0 25 0
0 0 0 20899.00 2.90 40 4 0 25 0
0 0 0 18899.00 2.90 40 4 0 25 0
0 0 0 17300.00 2.90 40 4 0 25 0
0 0 0 20600.00 2.90 40 4 0 25 0
0 0 0 9500.00 2.59 40 4 0 25 0
0 0 0 23899.00 2.90 40 4 0 25 0
0 0 0 22899.00 2.90 40 4 0 25 0
0 0 0 20000.00 2.90 40 4 0 25 0
0 0 0 19899.00 2.90 40 4 0 25 0
0 0 0 19899.00 2.90 40 4 0 25 0
0 0 0 22699.00 2.90 40 4 0 25 0
0 0 0 20899.00 2.90 40 4 0 25 0
0 0 0 19899.00 2.90 40 4 0 25 0
0 0 0 17899.00 2.90 40 4 0 25 0
0 0 0 9500.00 2.59 40 4 0 25 0
0 0 0 18600.00 2.90 40 4 0 25 0
0 0 0 21000.00 2.90 40 4 0 25 0
0 0 0 22399.00 2.90 40 4 0 25 0
0 0 0 18899.00 2.90 40 4 0 25 0
0 0 0 24899.00 2.90 40 4 0 25 0
0 0 0 20000.00 2.90 40 4 0 25 0
0 0 0 26199.00 2.90 40 4 0 25 0
0 0 0 17300.00 2.90 40 4 0 25 0
0 0 0 19899.00 2.90 40 4 0 25 0
0 0 0 23899.00 2.90 40 4 0 25 0
0 0 0 18899.00 2.90 40 4 0 25 0
0 0 0 23399.00 2.90 40 4 0 25 0
0 0 0 20300.00 2.90 40 4 0 25 0
0 0 0 23899.00 2.90 40 4 0 25 0
0 0 0 23899.00 2.90 40 4 0 25 0
0 0 0 22000.00 2.90 40 4 0 25 0
0 0 0 20199.00 2.90 40 4 0 25 0
0 0 0 21899.00 2.90 40 4 0 25 0
0 0 0 17899.00 2.90 40 4 0 25 0
0 0 0 17500.00 2.90 40 4 0 25 0
0 0 0 20000.00 2.90 40 4 0 25 0
0 0 0 18899.00 2.90 40 4 0 25 0
0 0 0 24899.00 2.90 40 4 0 25 0
0 0 0 20899.00 2.90 40 4 0 25 0
0 0 0 23899.00 2.90 40 4 0 25 0
0 0 0 23899.00 2.90 40 4 0 25 0
0 0 0 19100.00 2.90 40 4 0 25 0
0 0 0 18199.00 2.90 40 4 0 25 0
0 0 0 17699.00 2.90 40 4 0 25 0
0 0 0 24899.00 2.90 40 4 0 25 0
0 0 0 20899.00 2.90 40 4 0 25 0
#CONTAINERS_LOADED 
#STACKS
270000.000000 5.890000 25
270000.000000 11.710000 25
270000.000000 14.610000 25
270000.000000 20.420000 25
270000.000000 23.340000 25
270000.000000 23.340000 25
270000.000000 20.420000 25
270000.000000 14.610000 25
270000.000000 11.710000 25
270000.000000 5.890000 25
#CELLS
1 0 0 0 0 0 0
1 0 0 0 0 0 0
1 0 0 0 0 0 0
1 0 0 0 0 0 0
1 0 0 0 0 0 0
1 0 0 0 0 0 0
1 0 0 0 0 0 0
1 0 0 0 0 0 0
1 0 0 1 1 1 25
1 0 0 1 1 1 25
1 0 0 0 0 0 0
2 0 0 0 0 0 0
2 0 0 0 0 0 0
2 0 0 0 0 0 0
2 0 0 0 0 0 0
2 0 0 0 0 0 0
2 0 0 0 0 0 0
2 0 0 1 1 1 25
2 0 0 1 1 1 25
2 0 0 1 1 1 25
2 0 0 1 1 1 25
2 0 0 0 0 0 0
3 0 0 0 0 0 0
3 0 0 0 0 0 0
3 0 0 0 0 0 0
3 0 0 0 0 0 0
3 0 0 0 0 0 0
3 0 0 1 1 1 25
3 0 0 1 1 1 25
3 0 0 1 1 1 25
3 0 0 1 1 1 25
3 0 0 1 1 1 25
3 0 0 0 0 0 0
4 0 0 0 0 0 0
4 0 0 0 0 0 0
4 0 0 0 0 0 0
4 0 0 1 1 1 25
4 0 0 1 1 1 25
4 0 0 1 1 1 25
4 0 0 1 1 1 25
4 0 0 1 1 1 25
4 0 0 1 1 1 25
4 0 0 1 1 1 25
4 0 0 0 0 0 0
5 0 0 0 0 0 0
5 0 0 0 0 0 0
5 0 0 1 1 1 25
5 0 0 1 1 1 25
5 0 0 1 1 1 25
5 0 0 1 1 1 25
5 0 0 1 1 1 25
5 0 0 1 1 1 25
5 0 0 1 1 1 25
5 0 0 1 1 1 25
5 0 0 0 0 0 0
6 0 0 0 0 0 0
6 0 0 0 0 0 0
6 0 0 1 1 1 25
6 0 0 1 1 1 25
6 0 0 1 1 1 25
6 0 0 1 1 1 25
6 0 0 1 1 1 25
6 0 0 1 1 1 25
6 0 0 1 1 1 25
6 0 0 1 1 1 25
6 0 0 0 0 0 0
7 0 0 0 0 0 0
7 0 0 0 0 0 0
7 0 0 0 0 0 0
7 0 0 1 1 1 25
7 0 0 1 1 1 25
7 0 0 1 1 1 25
7 0 0 1 1 1 25
7 0 0 1 1 1 25
7 0 0 1 1 1 25
7 0 0 1 1 1 25
7 0 0 0 0 0 0
8 0 0 0 0 0 0
8 0 0 0 0 0 0
8 0 0 0 0 0 0
8 0 0 0 0 0 0
8 0 0 0 0 0 0
8 0 0 1 1 1 25
8 0 0 1 1 1 25
8 0 0 1 1 1 25
8 0 0 1 1 1 25
8 0 0 1 1 1 25
8 0 0 0 0 0 0
9 0 0 0 0 0 0
9 0 0 0 0 0 0
9 0 0 0 0 0 0
9 0 0 0 0 0 0
9 0 0 0 0 0 0
9 0 0 0 0 0 0
9 0 0 1 1 1 25
9 0 0 1 1 1 25
9 0 0 1 1 1 25
9 0 0 1 1 1 25
9 0 0 0 0 0 0
10 0 0 0 0 0 0
10 0 0 0 0 0 0
10 0 0 0 0 0 0
10 0 0 0 0 0 0
10 0 0 0 0 0 0
10 0 0 0 0 0 0
10 0 0 0 0 0 0
10 0 0 0 0 0 0
10 0 0 1 1 1 25
10 0 0 1 1 1 25
10 0 0 0 0 0 0
#SOLUTION-AFT
 0  0  0  0  0  0  0  0  0  0 
 29  5  32  42  37  35  10  19  40  21 
 9  41  43  14  24  46  45  30  49  11 
 0  50  8  27  17  36  52  6  22  0 
 0  20  48  1  13  47  7  15  25  0 
 0  0  3  2  33  51  18  16  0  0 
 0  0  0  38  12  44  23  0  0  0 
 0  0  0  34  4  26  39  0  0  0 
 0  0  0  0  31  28  0  0  0  0 
 0  0  0  0  0  0  0  0  0  0 
 0  0  0  0  0  0  0  0  0  0 
#SOLUTION-FWD
 0  0  0  0  0  0  0  0  0  0 
 29  5  32  42  37  35  10  19  40  21 
 9  41  43  14  24  46  45  30  49  11 
 0  50  8  27  17  36  52  6  22  0 
 0  20  48  1  13  47  7  15  25  0 
 0  0  3  2  33  51  18  16  0  0 
 0  0  0  38  12  44  23  0  0  0 
 0  0  0  34  4  26  39  0  0  0 
 0  0  0  0  31  28  0  0  0  0 
 0  0  0  0  0  0  0  0  0  0 
 0  0  0  0  0  0  0  0  0  0 
#INFO
cap20: 0  cap40: 52  reefer: 0  HC: 50  capacity: 100.000000 TEU: 104