1 1 0 10 90 1 9
#POD
8 
#LOCATIONS
27 
#CONTAINERS_TOLOAD
0 0 0 28480.00 2.90 40 8 0 27 0
#CONTAINERS_LOADED 
#STACKS
270000.000000 11.700000 27
270000.000000 11.700000 27
270000.000000 11.700000 27
270000.000000 11.700000 27
270000.000000 11.700000 27
270000.000000 11.700000 27
270000.000000 11.700000 27
270000.000000 11.700000 27
270000.000000 11.700000 27
270000.000000 11.700000 27
#CELLS
1 0 0 0 0 0 0
1 0 0 0 0 0 0
1 0 0 0 0 0 0
1 0 0 0 0 0 0
1 0 0 1 1 1 27
1 0 0 1 1 1 27
1 0 0 1 1 1 27
1 0 0 1 1 1 27
1 0 0 0 0 0 0
2 0 0 0 0 0 0
2 0 0 0 0 0 0
2 0 0 0 0 0 0
2 0 0 0 0 0 0
2 0 0 1 1 1 27
2 0 0 1 1 1 27
2 0 0 1 1 1 27
2 0 0 1 1 1 27
2 0 0 0 0 0 0
3 0 0 0 0 0 0
3 0 0 0 0 0 0
3 0 0 0 0 0 0
3 0 0 0 0 0 0
3 0 0 1 1 1 27
3 0 0 1 1 1 27
3 0 0 1 1 1 27
3 0 0 1 1 1 27
3 0 0 0 0 0 0
4 0 0 0 0 0 0
4 0 0 0 0 0 0
4 0 0 0 0 0 0
4 0 0 0 0 0 0
4 0 0 1 1 1 27
4 0 0 1 1 1 27
4 0 0 1 1 1 27
4 0 0 1 1 1 27
4 0 0 0 0 0 0
5 0 0 0 0 0 0
5 0 0 0 0 0 0
5 0 0 0 0 0 0
5 0 0 0 0 0 0
5 0 0 1 1 1 27
5 0 0 1 1 1 27
5 0 0 1 1 1 27
5 0 0 1 1 1 27
5 0 0 0 0 0 0
6 0 0 0 0 0 0
6 0 0 0 0 0 0
6 0 0 0 0 0 0
6 0 0 0 0 0 0
6 0 0 1 1 1 27
6 0 0 1 1 1 27
6 0 0 1 1 1 27
6 0 0 1 1 1 27
6 0 0 0 0 0 0
7 0 0 0 0 0 0
7 0 0 0 0 0 0
7 0 0 0 0 0 0
7 0 0 0 0 0 0
7 0 0 1 1 1 27
7 0 0 1 1 1 27
7 0 0 1 1 1 27
7 0 0 1 1 1 27
7 0 0 0 0 0 0
8 0 0 0 0 0 0
8 0 0 0 0 0 0
8 0 0 0 0 0 0
8 0 0 0 0 0 0
8 0 0 1 1 1 27
8 0 0 1 1 1 27
8 0 0 1 1 1 27
8 0 0 1 1 1 27
8 0 0 0 0 0 0
9 0 0 0 0 0 0
9 0 0 0 0 0 0
9 0 0 0 0 0 0
9 0 0 0 0 0 0
9 0 0 1 1 1 27
9 0 0 1 1 1 27
9 0 0 1 1 1 27
9 0 0 1 1 1 27
9 0 0 0 0 0 0
10 0 0 0 0 0 0
10 0 0 0 0 0 0
10 0 0 0 0 0 0
10 0 0 0 0 0 0
10 0 0 1 1 1 27
10 0 0 1 1 1 27
10 0 0 1 1 1 27
10 0 0 1 1 1 27
10 0 0 0 0 0 0
#SOLUTION-AFT
 0  0  0  0  0  0  0  0  0  0 
 0  0  0  0  0  0  0  0  0  0 
 0  0  0  0  0  0  0  0  0  0 
 0  0  0  0  0  0  0  0  0  0 
 0  0  0  0  0  0  0  0  0  1 
 0  0  0  0  0  0  0  0  0  0 
 0  0  0  0  0  0  0  0  0  0 
 0  0  0  0  0  0  0  0  0  0 
 0  0  0  0  0  0  0  0  0  0 
#SOLUTION-FWD
 0  0  0  0  0  0  0  0  0  0 
 0  0  0  0  0  0  0  0  0  0 
 0  0  0  0  0  0  0  0  0  0 
 0  0  0  0  0  0  0  0  0  0 
 0  0  0  0  0  0  0  0  0  1 
 0  0  0  0  0  0  0  0  0  0 
 0  0  0  0  0  0  0  0  0  0 
 0  0  0  0  0  0  0  0  0  0 
 0  0  0  0  0  0  0  0  0  0 
#INFO
cap20: 0  cap40: 1  reefer: 0  HC: 1  capacity: 2.500000 TEU: 80