1 28 0 10 90 1 9
#POD
4 
#LOCATIONS
98 
#CONTAINERS_TOLOAD
0 0 0 7160.00 2.59 40 4 0 98 0
0 0 0 7920.00 2.90 40 4 0 98 0
0 0 0 11740.00 2.59 40 4 0 98 0
0 0 0 5800.00 2.59 40 4 0 98 0
0 0 0 7920.00 2.90 40 4 0 98 0
0 0 0 11760.00 2.59 40 4 0 98 0
0 0 0 11226.00 2.59 40 4 0 98 0
0 0 0 7455.00 2.59 40 4 0 98 0
0 0 0 7940.00 2.90 40 4 0 98 0
0 0 0 11620.00 2.59 40 4 0 98 0
0 0 0 6640.00 2.59 40 4 0 98 0
0 0 0 6700.00 2.59 40 4 0 98 0
0 0 0 7110.00 2.59 40 4 0 98 0
0 0 0 7920.00 2.90 40 4 0 98 0
0 0 0 400.00 2.90 40 4 0 98 0
0 0 0 7940.00 2.90 40 4 0 98 0
0 0 0 400.00 2.90 40 4 0 98 0
0 0 0 400.00 2.90 40 4 0 98 0
0 0 0 11765.00 2.59 40 4 0 98 0
0 0 0 400.00 2.90 40 4 0 98 0
0 0 0 400.00 2.90 40 4 0 98 0
0 0 0 400.00 2.90 40 4 0 98 0
0 0 0 400.00 2.90 40 4 0 98 0
0 0 0 400.00 2.90 40 4 0 98 0
0 0 0 11240.00 2.59 40 4 0 98 0
0 0 0 7920.00 2.90 40 4 0 98 0
0 0 0 9288.00 2.90 40 4 0 98 0
0 0 0 11220.00 2.59 40 4 0 98 0
#CONTAINERS_LOADED 
#STACKS
108000.000000 5.181600 98
162000.000000 7.772400 98
162000.000000 10.363200 98
162000.000000 10.363200 98
162000.000000 10.363200 98
162000.000000 10.363200 98
162000.000000 10.363200 98
162000.000000 10.363200 98
162000.000000 7.772400 98
108000.000000 5.181600 98
#CELLS
1 0 0 0 0 0 0
1 0 0 0 0 0 0
1 0 0 0 0 0 0
1 0 0 0 0 0 0
1 0 0 0 0 0 0
1 0 0 0 0 0 0
1 0 0 0 0 0 0
1 0 0 1 1 1 98
1 0 0 1 1 1 98
2 0 0 0 0 0 0
2 0 0 0 0 0 0
2 0 0 0 0 0 0
2 0 0 0 0 0 0
2 0 0 0 0 0 0
2 0 0 0 0 0 0
2 0 0 1 1 1 98
2 0 0 1 1 1 98
2 0 0 1 1 1 98
3 0 0 0 0 0 0
3 0 0 0 0 0 0
3 0 0 0 0 0 0
3 0 0 0 0 0 0
3 0 0 0 0 0 0
3 0 0 1 1 1 98
3 0 0 1 1 1 98
3 0 0 1 1 1 98
3 0 0 1 1 1 98
4 0 0 0 0 0 0
4 0 0 0 0 0 0
4 0 0 0 0 0 0
4 0 0 0 0 0 0
4 0 0 0 0 0 0
4 0 0 1 1 1 98
4 0 0 1 1 1 98
4 0 0 1 1 1 98
4 0 0 1 1 1 98
5 0 0 0 0 0 0
5 0 0 0 0 0 0
5 0 0 0 0 0 0
5 0 0 0 0 0 0
5 0 0 0 0 0 0
5 0 0 1 1 1 98
5 0 0 1 1 1 98
5 0 0 1 1 1 98
5 0 0 1 1 1 98
6 0 0 0 0 0 0
6 0 0 0 0 0 0
6 0 0 0 0 0 0
6 0 0 0 0 0 0
6 0 0 0 0 0 0
6 0 0 1 1 1 98
6 0 0 1 1 1 98
6 0 0 1 1 1 98
6 0 0 1 1 1 98
7 0 0 0 0 0 0
7 0 0 0 0 0 0
7 0 0 0 0 0 0
7 0 0 0 0 0 0
7 0 0 0 0 0 0
7 0 0 1 1 1 98
7 0 0 1 1 1 98
7 0 0 1 1 1 98
7 0 0 1 1 1 98
8 0 0 0 0 0 0
8 0 0 0 0 0 0
8 0 0 0 0 0 0
8 0 0 0 0 0 0
8 0 0 0 0 0 0
8 0 0 1 1 1 98
8 0 0 1 1 1 98
8 0 0 1 1 1 98
8 0 0 1 1 1 98
9 0 0 0 0 0 0
9 0 0 0 0 0 0
9 0 0 0 0 0 0
9 0 0 0 0 0 0
9 0 0 0 0 0 0
9 0 0 0 0 0 0
9 0 0 1 1 1 98
9 0 0 1 1 1 98
9 0 0 1 1 1 98
10 0 0 0 0 0 0
10 0 0 0 0 0 0
10 0 0 0 0 0 0
10 0 0 0 0 0 0
10 0 0 0 0 0 0
10 0 0 0 0 0 0
10 0 0 0 0 0 0
10 0 0 1 1 1 98
10 0 0 1 1 1 98
#SOLUTION-AFT
 28  0  0  8  0  0  0  11  0  25 
 7  20  24  3  23  9  26  12  22  10 
 0  4  15  6  21  16  2  13  18  0 
 0  0  14  19  17  27  5  1  0  0 
 0  0  0  0  0  0  0  0  0  0 
 0  0  0  0  0  0  0  0  0  0 
 0  0  0  0  0  0  0  0  0  0 
 0  0  0  0  0  0  0  0  0  0 
 0  0  0  0  0  0  0  0  0  0 
#SOLUTION-FWD
 28  0  0  8  0  0  0  11  0  25 
 7  20  24  3  23  9  26  12  22  10 
 0  4  15  6  21  16  2  13  18  0 
 0  0  14  19  17  27  5  1  0  0 
 0  0  0  0  0  0  0  0  0  0 
 0  0  0  0  0  0  0  0  0  0 
 0  0  0  0  0  0  0  0  0  0 
 0  0  0  0  0  0  0  0  0  0 
 0  0  0  0  0  0  0  0  0  0 
#INFO
cap20: 0  cap40: 28  reefer: 0  HC: 15  capacity: 82.352941 TEU: 68