1 20 0 10 90 1 9
#POD
7 
#LOCATIONS
50 
#CONTAINERS_TOLOAD
0 0 0 15727.00 2.59 40 7 0 50 0
0 0 0 15727.00 2.59 40 7 0 50 0
0 0 0 15727.00 2.59 40 7 0 50 0
0 0 0 15727.00 2.59 40 7 0 50 0
0 0 0 29750.00 2.59 40 7 0 50 0
0 0 0 24699.00 2.59 40 7 0 50 0
0 0 0 15727.00 2.59 40 7 0 50 0
0 0 0 15727.00 2.59 40 7 0 50 0
0 0 0 23399.00 2.59 40 7 0 50 0
0 0 0 15727.00 2.59 40 7 0 50 0
0 0 0 15727.00 2.59 40 7 0 50 0
0 0 0 15727.00 2.59 40 7 0 50 0
0 0 0 15727.00 2.59 40 7 0 50 0
0 0 0 15727.00 2.59 40 7 0 50 0
0 0 0 15727.00 2.59 40 7 0 50 0
0 0 0 15727.00 2.59 40 7 0 50 0
0 0 0 15727.00 2.59 40 7 0 50 0
0 0 0 15727.00 2.59 40 7 0 50 0
0 0 0 27899.00 2.90 40 7 0 50 0
0 0 0 23699.00 2.59 40 7 0 50 0
#CONTAINERS_LOADED 
#STACKS
184000.000000 20.900000 50
270000.000000 23.490000 50
270000.000000 23.490000 50
270000.000000 23.490000 50
270000.000000 23.490000 50
270000.000000 23.490000 50
270000.000000 23.490000 50
270000.000000 23.490000 50
270000.000000 23.490000 50
184000.000000 20.900000 50
#CELLS
1 0 0 0 0 0 0
1 0 1 1 1 1 50
1 0 1 1 1 1 50
1 0 1 1 1 1 50
1 0 1 1 1 1 50
1 0 0 1 1 1 50
1 0 0 1 1 1 50
1 0 0 1 1 1 50
1 0 0 0 0 1 50
2 0 1 1 1 1 50
2 0 1 1 1 1 50
2 0 1 1 1 1 50
2 0 1 1 1 1 50
2 0 1 1 1 1 50
2 1 0 1 1 1 50
2 0 0 1 1 1 50
2 0 0 1 1 1 50
2 0 0 0 0 1 50
3 0 1 1 1 1 50
3 0 1 1 1 1 50
3 0 1 1 1 1 50
3 0 1 1 1 1 50
3 0 1 1 1 1 50
3 1 0 1 1 1 50
3 0 0 1 1 1 50
3 0 0 1 1 1 50
3 0 0 0 0 1 50
4 0 1 1 1 1 50
4 0 1 1 1 1 50
4 0 1 1 1 1 50
4 0 1 1 1 1 50
4 0 1 1 1 1 50
4 1 0 1 1 1 50
4 0 0 1 1 1 50
4 0 0 1 1 1 50
4 0 0 0 0 1 50
5 0 1 1 1 1 50
5 0 1 1 1 1 50
5 0 1 1 1 1 50
5 0 1 1 1 1 50
5 0 1 1 1 1 50
5 1 0 1 1 1 50
5 0 0 1 1 1 50
5 0 0 1 1 1 50
5 0 0 0 0 1 50
6 0 1 1 1 1 50
6 0 1 1 1 1 50
6 0 1 1 1 1 50
6 0 1 1 1 1 50
6 0 1 1 1 1 50
6 1 0 1 1 1 50
6 0 0 1 1 1 50
6 0 0 1 1 1 50
6 0 0 0 0 1 50
7 0 1 1 1 1 50
7 0 1 1 1 1 50
7 0 1 1 1 1 50
7 0 1 1 1 1 50
7 0 1 1 1 1 50
7 1 0 1 1 1 50
7 0 0 1 1 1 50
7 0 0 1 1 1 50
7 0 0 0 0 1 50
8 0 1 1 1 1 50
8 0 1 1 1 1 50
8 0 1 1 1 1 50
8 0 1 1 1 1 50
8 0 1 1 1 1 50
8 1 0 1 1 1 50
8 0 0 1 1 1 50
8 0 0 1 1 1 50
8 0 0 0 0 1 50
9 0 1 1 1 1 50
9 0 1 1 1 1 50
9 0 1 1 1 1 50
9 0 1 1 1 1 50
9 0 1 1 1 1 50
9 1 0 1 1 1 50
9 0 0 1 1 1 50
9 0 0 1 1 1 50
9 0 0 0 0 1 50
10 0 0 0 0 0 0
10 0 1 1 1 1 50
10 0 1 1 1 1 50
10 0 1 1 1 1 50
10 0 1 1 1 1 50
10 0 0 1 1 1 50
10 0 0 1 1 1 50
10 0 0 1 1 1 50
10 0 0 0 0 1 50
#SOLUTION-AFT
 11  0  0  0  0  0  0  0  10  0 
 13  0  0  0  0  0  0  0  4  0 
 17  0  0  0  0  0  0  0  8  0 
 14  0  0  0  0  0  0  0  7  0 
 9  0  0  0  0  0  0  0  3  0 
 20  0  0  0  0  0  0  0  15  18 
 6  0  0  0  0  0  0  0  12  1 
 5  0  0  0  0  0  0  0  16  19 
 0  0  0  0  0  0  0  0  2  0 
#SOLUTION-FWD
 11  0  0  0  0  0  0  0  10  0 
 13  0  0  0  0  0  0  0  4  0 
 17  0  0  0  0  0  0  0  8  0 
 14  0  0  0  0  0  0  0  7  0 
 9  0  0  0  0  0  0  0  3  0 
 20  0  0  0  0  0  0  0  15  18 
 6  0  0  0  0  0  0  0  12  1 
 5  0  0  0  0  0  0  0  16  19 
 0  0  0  0  0  0  0  0  2  0 
#INFO
cap20: 0  cap40: 20  reefer: 0  HC: 1  capacity: 22.727273 TEU: 176