1 21 0 3 24 1 8
#POD
5 
#LOCATIONS
38 
#CONTAINERS_TOLOAD
0 0 0 23199.00 2.59 40 5 0 38 0
0 0 0 22399.00 2.59 40 5 0 38 0
0 0 0 23100.00 2.59 40 5 0 38 0
0 0 0 22899.00 2.90 40 5 0 38 0
0 0 0 22300.00 2.90 40 5 0 38 0
0 0 0 23100.00 2.59 40 5 0 38 0
0 0 0 23199.00 2.59 40 5 0 38 0
0 0 0 24399.00 2.90 40 5 0 38 0
0 0 0 23199.00 2.59 40 5 0 38 0
0 0 0 21800.00 2.59 40 5 0 38 0
0 0 0 22800.00 2.59 40 5 0 38 0
0 0 0 22699.00 2.59 40 5 0 38 0
0 0 0 23500.00 2.59 40 5 0 38 0
0 0 0 23699.00 2.59 40 5 0 38 0
0 0 0 21800.00 2.59 40 5 0 38 0
0 0 0 22600.00 2.59 40 5 0 38 0
0 0 0 14300.00 2.59 40 5 0 38 0
0 0 0 24699.00 2.59 40 5 0 38 0
0 0 0 14500.00 2.59 40 5 0 38 0
0 0 0 22699.00 2.59 40 5 0 38 0
0 0 0 23300.00 2.90 40 5 0 38 0
#CONTAINERS_LOADED 
#STACKS
341400.000000 20.800000 38
341400.000000 20.800000 38
341400.000000 20.800000 38
#CELLS
1 0 0 1 1 1 38
1 0 0 1 1 1 38
1 0 0 1 1 1 38
1 0 0 1 1 1 38
1 0 0 1 1 1 38
1 0 0 1 1 1 38
1 0 0 1 1 1 38
1 0 0 0 0 1 38
2 0 0 1 1 1 38
2 0 0 1 1 1 38
2 0 0 1 1 1 38
2 0 0 1 1 1 38
2 0 0 1 1 1 38
2 0 0 1 1 1 38
2 0 0 1 1 1 38
2 0 0 0 0 1 38
3 0 0 1 1 1 38
3 0 0 1 1 1 38
3 0 0 1 1 1 38
3 0 0 1 1 1 38
3 0 0 1 1 1 38
3 0 0 1 1 1 38
3 0 0 1 1 1 38
3 0 0 0 0 1 38
#SOLUTION-AFT
 0  0  0 
 15  3  17 
 10  9  19 
 2  1  5 
 16  7  4 
 20  13  6 
 12  14  21 
 11  18  8 
#SOLUTION-FWD
 0  0  0 
 15  3  17 
 10  9  19 
 2  1  5 
 16  7  4 
 20  13  6 
 12  14  21 
 11  18  8 
#INFO
cap20: 0  cap40: 21  reefer: 0  HC: 4  capacity: 87.500000 TEU: 48