1 56 0 10 110 1 11
#POD
4 
#LOCATIONS
20 
#CONTAINERS_TOLOAD
0 0 0 10599.00 2.90 40 4 0 20 0
0 0 0 10800.00 2.90 40 4 0 20 0
0 0 0 6200.00 2.59 40 4 0 20 0
0 0 0 10699.00 2.90 40 4 0 20 0
0 0 0 7200.00 2.59 40 4 0 20 0
0 0 0 11599.00 2.90 40 4 0 20 0
0 0 0 10699.00 2.90 40 4 0 20 0
0 0 0 7200.00 2.59 40 4 0 20 0
0 0 0 7700.00 2.59 40 4 0 20 0
0 0 0 11500.00 2.90 40 4 0 20 0
0 0 0 10900.00 2.90 40 4 0 20 0
0 0 0 6000.00 2.59 40 4 0 20 0
0 0 0 10699.00 2.90 40 4 0 20 0
0 0 0 7799.00 2.59 40 4 0 20 0
0 0 0 7799.00 2.59 40 4 0 20 0
0 0 0 7200.00 2.59 40 4 0 20 0
0 0 0 10900.00 2.90 40 4 0 20 0
0 0 0 10900.00 2.90 40 4 0 20 0
0 0 0 6700.00 2.59 40 4 0 20 0
0 0 0 11400.00 2.90 40 4 0 20 0
0 0 0 6900.00 2.59 40 4 0 20 0
0 0 0 7500.00 2.59 40 4 0 20 0
0 0 0 7099.00 2.59 40 4 0 20 0
0 0 0 7700.00 2.59 40 4 0 20 0
0 0 0 6900.00 2.59 40 4 0 20 0
0 0 0 6400.00 2.59 40 4 0 20 0
0 0 0 7700.00 2.59 40 4 0 20 0
0 0 0 10900.00 2.90 40 4 0 20 0
0 0 0 11500.00 2.90 40 4 0 20 0
0 0 0 6700.00 2.59 40 4 0 20 0
0 0 0 6200.00 2.59 40 4 0 20 0
0 0 0 7099.00 2.59 40 4 0 20 0
0 0 0 10500.00 2.90 40 4 0 20 0
0 0 0 7200.00 2.59 40 4 0 20 0
0 0 0 11599.00 2.90 40 4 0 20 0
0 0 0 7200.00 2.59 40 4 0 20 0
0 0 0 11199.00 2.90 40 4 0 20 0
0 0 0 10599.00 2.90 40 4 0 20 0
0 0 0 7700.00 2.59 40 4 0 20 0
0 0 0 10599.00 2.90 40 4 0 20 0
0 0 0 7400.00 2.59 40 4 0 20 0
0 0 0 11500.00 2.90 40 4 0 20 0
0 0 0 7500.00 2.59 40 4 0 20 0
0 0 0 10900.00 2.90 40 4 0 20 0
0 0 0 7000.00 2.59 40 4 0 20 0
0 0 0 6700.00 2.59 40 4 0 20 0
0 0 0 10900.00 2.90 40 4 0 20 0
0 0 0 7700.00 2.59 40 4 0 20 0
0 0 0 11400.00 2.90 40 4 0 20 0
0 0 0 6700.00 2.59 40 4 0 20 0
0 0 0 6700.00 2.59 40 4 0 20 0
0 0 0 6799.00 2.59 40 4 0 20 0
0 0 0 10599.00 2.90 40 4 0 20 0
0 0 0 10500.00 2.90 40 4 0 20 0
0 0 0 10599.00 2.90 40 4 0 20 0
0 0 0 7400.00 2.59 40 4 0 20 0
#CONTAINERS_LOADED 
#STACKS
270000.000000 23.340000 20
270000.000000 26.240000 20
270000.000000 26.240000 20
270000.000000 26.240000 20
270000.000000 29.160000 20
270000.000000 29.160000 20
270000.000000 26.240000 20
270000.000000 26.240000 20
270000.000000 26.240000 20
270000.000000 23.340000 20
#CELLS
1 0 0 0 0 0 0
1 0 0 0 0 0 0
1 0 0 1 1 1 20
1 1 0 1 1 1 20
1 1 0 1 1 1 20
1 1 0 1 1 1 20
1 1 0 1 1 1 20
1 1 0 1 1 1 20
1 0 0 1 1 1 20
1 0 0 1 1 1 20
1 0 0 0 0 0 0
2 0 0 0 0 0 0
2 0 0 1 1 1 20
2 1 0 1 1 1 20
2 1 0 1 1 1 20
2 1 0 1 1 1 20
2 1 0 1 1 1 20
2 1 0 1 1 1 20
2 1 0 1 1 1 20
2 0 0 1 1 1 20
2 0 0 1 1 1 20
2 0 0 1 1 1 20
3 0 0 0 0 0 0
3 1 0 1 1 1 20
3 1 0 1 1 1 20
3 1 0 1 1 1 20
3 1 0 1 1 1 20
3 1 0 1 1 1 20
3 1 0 1 1 1 20
3 1 0 1 1 1 20
3 0 0 1 1 1 20
3 0 0 1 1 1 20
3 0 0 1 1 1 20
4 0 0 0 0 0 0
4 1 0 1 1 1 20
4 1 0 1 1 1 20
4 1 0 1 1 1 20
4 1 0 1 1 1 20
4 1 0 1 1 1 20
4 1 0 1 1 1 20
4 1 0 1 1 1 20
4 0 0 1 1 1 20
4 0 0 1 1 1 20
4 0 0 1 1 1 20
5 0 0 1 1 1 20
5 1 0 1 1 1 20
5 1 0 1 1 1 20
5 1 0 1 1 1 20
5 1 0 1 1 1 20
5 1 0 1 1 1 20
5 1 0 1 1 1 20
5 1 0 1 1 1 20
5 0 0 1 1 1 20
5 0 0 1 1 1 20
5 0 0 1 1 1 20
6 0 0 1 1 1 20
6 1 0 1 1 1 20
6 1 0 1 1 1 20
6 1 0 1 1 1 20
6 1 0 1 1 1 20
6 1 0 1 1 1 20
6 1 0 1 1 1 20
6 1 0 1 1 1 20
6 0 0 1 1 1 20
6 0 0 1 1 1 20
6 0 0 1 1 1 20
7 0 0 0 0 0 0
7 1 0 1 1 1 20
7 1 0 1 1 1 20
7 1 0 1 1 1 20
7 1 0 1 1 1 20
7 1 0 1 1 1 20
7 1 0 1 1 1 20
7 1 0 1 1 1 20
7 0 0 1 1 1 20
7 0 0 1 1 1 20
7 0 0 1 1 1 20
8 0 0 0 0 0 0
8 1 0 1 1 1 20
8 1 0 1 1 1 20
8 1 0 1 1 1 20
8 1 0 1 1 1 20
8 1 0 1 1 1 20
8 1 0 1 1 1 20
8 1 0 1 1 1 20
8 0 0 1 1 1 20
8 0 0 1 1 1 20
8 0 0 1 1 1 20
9 0 0 0 0 0 0
9 0 0 1 1 1 20
9 1 0 1 1 1 20
9 1 0 1 1 1 20
9 1 0 1 1 1 20
9 1 0 1 1 1 20
9 1 0 1 1 1 20
9 1 0 1 1 1 20
9 0 0 1 1 1 20
9 0 0 1 1 1 20
9 0 0 1 1 1 20
10 0 0 0 0 0 0
10 0 0 0 0 0 0
10 0 0 1 1 1 20
10 1 0 1 1 1 20
10 1 0 1 1 1 20
10 1 0 1 1 1 20
10 1 0 1 1 1 20
10 1 0 1 1 1 20
10 0 0 1 1 1 20
10 0 0 1 1 1 20
10 0 0 0 0 0 0
#SOLUTION-AFT
 0  0  0  3  36  0  0  0  0  0 
 0  33  12  26  41  0  0  0  0  0 
 0  54  31  46  56  14  45  0  0  0 
 0  53  13  51  22  37  32  0  0  0 
 0  40  2  50  43  49  23  0  0  0 
 0  55  47  19  9  20  5  0  0  0 
 0  38  44  30  39  10  34  0  0  0 
 0  1  28  52  48  42  16  0  0  0 
 0  4  18  25  27  29  8  0  0  0 
 0  7  17  21  24  6  11  0  0  0 
 0  0  0  0  15  35  0  0  0  0 
#SOLUTION-FWD
 0  0  0  3  36  0  0  0  0  0 
 0  33  12  26  41  0  0  0  0  0 
 0  54  31  46  56  14  45  0  0  0 
 0  53  13  51  22  37  32  0  0  0 
 0  40  2  50  43  49  23  0  0  0 
 0  55  47  19  9  20  5  0  0  0 
 0  38  44  30  39  10  34  0  0  0 
 0  1  28  52  48  42  16  0  0  0 
 0  4  18  25  27  29  8  0  0  0 
 0  7  17  21  24  6  11  0  0  0 
 0  0  0  0  15  35  0  0  0  0 
#INFO
cap20: 0  cap40: 56  reefer: 0  HC: 25  capacity: 57.142857 TEU: 196