1 18 0 6 48 1 8
#POD
4 
#LOCATIONS
11 
#CONTAINERS_TOLOAD
0 0 0 23045.00 2.59 20 4 0 11 0
0 0 0 22895.00 2.59 20 4 0 11 0
0 0 0 21090.00 2.59 20 4 0 11 0
0 0 0 23015.00 2.59 20 4 0 11 0
0 0 0 21090.00 2.59 20 4 0 11 0
0 0 0 23230.00 2.59 20 4 0 11 0
0 0 0 22500.00 2.59 20 4 0 11 0
0 0 0 21160.00 2.59 20 4 0 11 0
0 0 0 23015.00 2.59 20 4 0 11 0
0 0 0 21030.00 2.59 20 4 0 11 0
0 0 0 21060.00 2.59 20 4 0 11 0
0 0 0 22945.00 2.59 20 4 0 11 0
0 0 0 21110.00 2.59 20 4 0 11 0
0 0 0 22294.00 2.59 20 4 0 11 0
0 0 0 23200.00 2.59 20 4 0 11 0
0 0 0 22245.00 2.59 20 4 0 11 0
0 0 0 23249.00 2.59 20 4 0 11 0
0 0 0 21160.00 2.59 20 4 0 11 0
#CONTAINERS_LOADED 
#STACKS
54000.000000 3.090000 11
162000.000000 8.290000 11
270000.000000 13.490000 11
270000.000000 13.490000 11
162000.000000 8.290000 11
54000.000000 3.090000 11
#CELLS
1 0 0 0 0 0 0
1 0 0 0 0 0 0
1 0 0 0 0 0 0
1 0 0 0 0 0 0
1 0 0 0 0 0 0
1 0 0 0 0 0 0
1 0 0 0 0 0 0
1 0 0 1 1 1 11
2 0 0 0 0 0 0
2 0 0 0 0 0 0
2 0 0 0 0 0 0
2 0 0 0 0 0 0
2 0 0 0 0 0 0
2 0 0 1 1 1 11
2 0 0 1 1 1 11
2 0 0 1 1 1 11
3 0 0 0 0 0 0
3 0 0 0 0 0 0
3 0 0 0 0 0 0
3 0 0 1 1 1 11
3 0 0 1 1 1 11
3 0 0 1 1 1 11
3 0 0 1 1 1 11
3 0 0 1 1 1 11
4 0 0 0 0 0 0
4 0 0 0 0 0 0
4 0 0 0 0 0 0
4 0 0 1 1 1 11
4 0 0 1 1 1 11
4 0 0 1 1 1 11
4 0 0 1 1 1 11
4 0 0 1 1 1 11
5 0 0 0 0 0 0
5 0 0 0 0 0 0
5 0 0 0 0 0 0
5 0 0 0 0 0 0
5 0 0 0 0 0 0
5 0 0 1 1 1 11
5 0 0 1 1 1 11
5 0 0 1 1 1 11
6 0 0 0 0 0 0
6 0 0 0 0 0 0
6 0 0 0 0 0 0
6 0 0 0 0 0 0
6 0 0 0 0 0 0
6 0 0 0 0 0 0
6 0 0 0 0 0 0
6 0 0 1 1 1 11
#SOLUTION-AFT
 11  5  14  0  0  0 
 0  18  2  0  0  0 
 0  8  9  0  0  0 
 0  0  1  0  0  0 
 0  0  6  0  0  0 
 0  0  0  0  0  0 
 0  0  0  0  0  0 
 0  0  0  0  0  0 
#SOLUTION-FWD
 10  3  7  0  0  0 
 0  13  12  0  0  0 
 0  16  4  0  0  0 
 0  0  15  0  0  0 
 0  0  17  0  0  0 
 0  0  0  0  0  0 
 0  0  0  0  0  0 
 0  0  0  0  0  0 
#INFO
cap20: 18  cap40: 0  reefer: 0  HC: 0  capacity: 50.000000 TEU: 36