1 12 0 4 36 1 9
#POD
4 
#LOCATIONS
97 
#CONTAINERS_TOLOAD
0 0 0 11815.00 2.59 40 4 0 97 0
0 0 0 7980.00 2.90 40 4 0 97 0
0 0 0 400.00 2.90 40 4 0 97 0
0 0 0 400.00 2.90 40 4 0 97 0
0 0 0 11800.00 2.59 40 4 0 97 0
0 0 0 7980.00 2.90 40 4 0 97 0
0 0 0 400.00 2.90 40 4 0 97 0
0 0 0 400.00 2.90 40 4 0 97 0
0 0 0 7963.00 2.90 40 4 0 97 0
0 0 0 400.00 2.90 40 4 0 97 0
0 0 0 7960.00 2.90 40 4 0 97 0
0 0 0 400.00 2.90 40 4 0 97 0
#CONTAINERS_LOADED 
#STACKS
173000.000000 10.363200 97
184000.000000 10.363200 97
184000.000000 10.363200 97
173000.000000 10.363200 97
#CELLS
1 0 0 0 0 0 0
1 0 0 0 0 0 0
1 0 0 0 0 0 0
1 0 0 0 0 0 0
1 0 0 0 0 0 0
1 0 0 1 1 1 97
1 0 0 1 1 1 97
1 0 0 1 1 1 97
1 0 0 1 1 1 97
2 0 0 0 0 0 0
2 0 0 0 0 0 0
2 0 0 0 0 0 0
2 0 0 0 0 0 0
2 0 0 0 0 0 0
2 0 0 1 1 1 97
2 0 0 1 1 1 97
2 0 0 1 1 1 97
2 0 0 1 1 1 97
3 0 0 0 0 0 0
3 0 0 0 0 0 0
3 0 0 0 0 0 0
3 0 0 0 0 0 0
3 0 0 0 0 0 0
3 0 0 1 1 1 97
3 0 0 1 1 1 97
3 0 0 1 1 1 97
3 0 0 1 1 1 97
4 0 0 0 0 0 0
4 0 0 0 0 0 0
4 0 0 0 0 0 0
4 0 0 0 0 0 0
4 0 0 0 0 0 0
4 0 0 1 1 1 97
4 0 0 1 1 1 97
4 0 0 1 1 1 97
4 0 0 1 1 1 97
#SOLUTION-AFT
 0  0  0  0 
 10  8  12  9 
 11  7  3  6 
 5  4  2  1 
 0  0  0  0 
 0  0  0  0 
 0  0  0  0 
 0  0  0  0 
 0  0  0  0 
#SOLUTION-FWD
 0  0  0  0 
 10  8  12  9 
 11  7  3  6 
 5  4  2  1 
 0  0  0  0 
 0  0  0  0 
 0  0  0  0 
 0  0  0  0 
 0  0  0  0 
#INFO
cap20: 0  cap40: 12  reefer: 0  HC: 10  capacity: 75.000000 TEU: 32