1 23 0 3 24 1 8
#POD
5 
#LOCATIONS
49 
#CONTAINERS_TOLOAD
0 0 0 4000.00 2.90 40 5 0 49 0
0 0 0 4000.00 2.59 40 5 0 49 0
0 0 0 4000.00 2.59 40 5 0 49 0
0 0 0 4000.00 2.59 40 5 0 49 0
0 0 0 4000.00 2.59 40 5 0 49 0
0 0 0 4000.00 2.59 40 5 0 49 0
0 0 0 4000.00 2.59 40 5 0 49 0
0 0 0 4000.00 2.59 40 5 0 49 0
0 0 0 4000.00 2.59 40 5 0 49 0
0 0 0 4000.00 2.59 40 5 0 49 0
0 0 0 4000.00 2.59 40 5 0 49 0
0 0 0 4000.00 2.59 40 5 0 49 0
0 0 0 4000.00 2.59 40 5 0 49 0
0 0 0 4000.00 2.59 40 5 0 49 0
0 0 0 4000.00 2.59 40 5 0 49 0
0 0 0 4000.00 2.59 40 5 0 49 0
0 0 0 4000.00 2.59 40 5 0 49 0
0 0 0 4000.00 2.59 40 5 0 49 0
0 0 0 4000.00 2.59 40 5 0 49 0
0 0 0 4000.00 2.59 40 5 0 49 0
0 0 0 4000.00 2.59 40 5 0 49 0
0 0 0 4000.00 2.59 40 5 0 49 0
0 0 0 4000.00 2.59 40 5 0 49 0
#CONTAINERS_LOADED 
#STACKS
336000.000000 21.280000 49
336000.000000 21.280000 49
336000.000000 21.280000 49
#CELLS
1 0 0 1 1 1 49
1 0 0 1 1 1 49
1 0 1 1 1 1 49
1 0 1 1 1 1 49
1 0 1 1 1 1 49
1 0 1 1 1 1 49
1 0 0 1 1 1 49
1 0 0 1 1 1 49
2 0 0 1 1 1 49
2 0 0 1 1 1 49
2 0 0 1 1 1 49
2 0 0 1 1 1 49
2 0 0 1 1 1 49
2 0 0 1 1 1 49
2 0 0 1 1 1 49
2 0 0 1 1 1 49
3 0 0 1 1 1 49
3 0 0 1 1 1 49
3 0 1 1 1 1 49
3 0 1 1 1 1 49
3 0 1 1 1 1 49
3 0 1 1 1 1 49
3 0 0 1 1 1 49
3 0 0 1 1 1 49
#SOLUTION-AFT
 12  23  0 
 7  16  20 
 19  22  14 
 6  2  21 
 9  10  18 
 15  11  8 
 17  4  13 
 5  1  3 
#SOLUTION-FWD
 12  23  0 
 7  16  20 
 19  22  14 
 6  2  21 
 9  10  18 
 15  11  8 
 17  4  13 
 5  1  3 
#INFO
cap20: 0  cap40: 23  reefer: 0  HC: 1  capacity: 95.833333 TEU: 48