1 22 0 8 64 1 8
#POD
6 
#LOCATIONS
39 
#CONTAINERS_TOLOAD
0 0 0 5000.00 2.59 40 6 0 39 0
0 0 0 5000.00 2.59 40 6 0 39 0
0 0 0 5000.00 2.59 40 6 0 39 0
0 0 0 24391.00 2.90 40 6 0 39 0
0 0 0 5000.00 2.59 40 6 0 39 0
0 0 0 5000.00 2.59 40 6 0 39 0
0 0 0 5000.00 2.59 40 6 0 39 0
0 0 0 23480.00 2.90 40 6 0 39 0
0 0 0 5000.00 2.59 40 6 0 39 0
0 0 0 23830.00 2.90 40 6 0 39 0
0 0 0 5000.00 2.59 40 6 0 39 0
0 0 0 24701.00 2.90 40 6 0 39 0
0 0 0 5000.00 2.59 40 6 0 39 0
0 0 0 5000.00 2.59 40 6 0 39 0
0 0 0 5000.00 2.59 40 6 0 39 0
0 0 0 5000.00 2.59 40 6 0 39 0
0 0 0 5000.00 2.59 40 6 0 39 0
0 0 0 5000.00 2.59 40 6 0 39 0
0 0 0 5000.00 2.59 40 6 0 39 0
0 0 0 5000.00 2.59 40 6 0 39 0
0 0 0 5000.00 2.59 40 6 0 39 0
0 0 0 5000.00 2.59 40 6 0 39 0
#CONTAINERS_LOADED 
#STACKS
162000.000000 8.290000 39
162000.000000 8.290000 39
162000.000000 8.290000 39
162000.000000 8.290000 39
162000.000000 8.290000 39
162000.000000 8.290000 39
162000.000000 8.290000 39
162000.000000 8.290000 39
#CELLS
1 0 0 0 0 0 0
1 0 0 0 0 0 0
1 0 0 0 0 0 0
1 0 0 0 0 0 0
1 0 0 0 0 0 0
1 0 0 1 1 1 39
1 0 0 1 1 1 39
1 0 0 1 1 1 39
2 0 0 0 0 0 0
2 0 0 0 0 0 0
2 0 0 0 0 0 0
2 0 0 0 0 0 0
2 0 0 0 0 0 0
2 0 0 1 1 1 39
2 0 0 1 1 1 39
2 0 0 1 1 1 39
3 0 0 0 0 0 0
3 0 0 0 0 0 0
3 0 0 0 0 0 0
3 0 0 0 0 0 0
3 0 0 0 0 0 0
3 0 0 1 1 1 39
3 0 0 1 1 1 39
3 0 0 1 1 1 39
4 0 0 0 0 0 0
4 0 0 0 0 0 0
4 0 0 0 0 0 0
4 0 0 0 0 0 0
4 0 0 0 0 0 0
4 0 0 1 1 1 39
4 0 0 1 1 1 39
4 0 0 1 1 1 39
5 0 0 0 0 0 0
5 0 0 0 0 0 0
5 0 0 0 0 0 0
5 0 0 0 0 0 0
5 0 0 0 0 0 0
5 0 0 1 1 1 39
5 0 0 1 1 1 39
5 0 0 1 1 1 39
6 0 0 0 0 0 0
6 0 0 0 0 0 0
6 0 0 0 0 0 0
6 0 0 0 0 0 0
6 0 0 0 0 0 0
6 0 0 1 1 1 39
6 0 0 1 1 1 39
6 0 0 1 1 1 39
7 0 0 0 0 0 0
7 0 0 0 0 0 0
7 0 0 0 0 0 0
7 0 0 0 0 0 0
7 0 0 0 0 0 0
7 0 0 1 1 1 39
7 0 0 1 1 1 39
7 0 0 1 1 1 39
8 0 0 0 0 0 0
8 0 0 0 0 0 0
8 0 0 0 0 0 0
8 0 0 0 0 0 0
8 0 0 0 0 0 0
8 0 0 1 1 1 39
8 0 0 1 1 1 39
8 0 0 1 1 1 39
#SOLUTION-AFT
 20  21  15  0  16  0  22  19 
 3  2  18  11  14  17  1  9 
 8  10  13  12  5  6  4  7 
 0  0  0  0  0  0  0  0 
 0  0  0  0  0  0  0  0 
 0  0  0  0  0  0  0  0 
 0  0  0  0  0  0  0  0 
 0  0  0  0  0  0  0  0 
#SOLUTION-FWD
 20  21  15  0  16  0  22  19 
 3  2  18  11  14  17  1  9 
 8  10  13  12  5  6  4  7 
 0  0  0  0  0  0  0  0 
 0  0  0  0  0  0  0  0 
 0  0  0  0  0  0  0  0 
 0  0  0  0  0  0  0  0 
 0  0  0  0  0  0  0  0 
#INFO
cap20: 0  cap40: 22  reefer: 0  HC: 4  capacity: 91.666667 TEU: 48