1 92 0 10 90 1 9
#POD
4 
#LOCATIONS
42 
#CONTAINERS_TOLOAD
0 0 0 20800.00 2.59 20 4 0 42 0
0 0 0 12400.00 2.59 40 4 0 42 0
0 0 0 22399.00 2.90 40 4 0 42 0
0 0 0 17690.00 2.59 20 4 0 42 0
0 0 0 18399.00 2.59 20 4 0 42 0
0 0 0 12699.00 2.59 40 4 0 42 0
0 0 0 20355.00 2.59 20 4 0 42 0
0 0 0 20199.00 2.59 20 4 0 42 0
0 0 0 29500.00 2.59 20 4 0 42 0
0 0 0 18300.00 2.59 20 4 0 42 0
0 0 0 29500.00 2.59 20 4 0 42 0
0 0 0 15000.00 2.59 40 4 0 42 0
0 0 0 13500.00 2.59 20 4 0 42 0
0 0 0 20699.00 2.59 20 4 0 42 0
0 0 0 14000.00 2.59 40 4 0 42 0
0 0 0 11599.00 2.90 40 4 0 42 0
0 0 0 15350.00 2.59 20 4 0 42 0
0 0 0 26300.00 2.59 20 4 0 42 0
0 0 0 12000.00 2.90 40 4 0 42 0
0 0 0 12800.00 2.90 40 4 0 42 0
0 0 0 12199.00 2.90 40 4 0 42 0
0 0 0 20980.00 2.59 20 4 0 42 0
0 0 0 20699.00 2.59 20 4 0 42 0
0 0 0 13000.00 2.90 40 4 0 42 0
0 0 0 10000.00 2.59 40 4 0 42 0
0 0 0 20800.00 2.59 20 4 0 42 0
0 0 0 14800.00 2.59 20 4 0 42 0
0 0 0 18300.00 2.59 20 4 0 42 0
0 0 0 15400.00 2.59 20 4 0 42 0
0 0 0 23199.00 2.59 40 4 0 42 0
0 0 0 29600.00 2.59 20 4 0 42 0
0 0 0 22000.00 2.59 20 4 0 42 0
0 0 0 15199.00 2.59 20 4 0 42 0
0 0 0 14000.00 2.59 40 4 0 42 0
0 0 0 18300.00 2.59 20 4 0 42 0
0 0 0 15599.00 2.59 20 4 0 42 0
0 0 0 23000.00 2.59 40 4 0 42 0
0 0 0 14800.00 2.59 40 4 0 42 0
0 0 0 11599.00 2.90 40 4 0 42 0
0 0 0 10400.00 2.90 40 4 0 42 0
0 0 0 12650.00 2.59 20 4 0 42 0
0 0 0 18199.00 2.59 20 4 0 42 0
0 0 0 11000.00 2.59 40 4 0 42 0
0 0 0 18000.00 2.59 40 4 0 42 0
0 0 0 11599.00 2.90 40 4 0 42 0
0 0 0 11300.00 2.59 40 4 0 42 0
0 0 0 16000.00 2.59 40 4 0 42 0
0 0 0 11199.00 2.59 40 4 0 42 0
0 0 0 12800.00 2.90 40 4 0 42 0
0 0 0 15699.00 2.59 20 4 0 42 0
0 0 0 27300.00 2.90 40 4 0 42 0
0 0 0 18199.00 2.59 20 4 0 42 0
0 0 0 20699.00 2.59 20 4 0 42 0
0 0 0 13500.00 2.90 40 4 0 42 0
0 0 0 11000.00 2.90 40 4 0 42 0
0 0 0 11099.00 2.59 40 4 0 42 0
0 0 0 10500.00 2.59 40 4 0 42 0
0 0 0 10500.00 2.59 40 4 0 42 0
0 0 0 23699.00 2.59 20 4 0 42 0
0 0 0 14900.00 2.59 20 4 0 42 0
0 0 0 10000.00 2.59 40 4 0 42 0
0 0 0 11000.00 2.59 40 4 0 42 0
0 0 0 14500.00 2.59 40 4 0 42 0
0 0 0 15500.00 2.59 20 4 0 42 0
0 0 0 13000.00 2.59 40 4 0 42 0
0 0 0 18360.00 2.59 20 4 0 42 0
0 0 0 27199.00 2.59 40 4 0 42 0
0 0 0 18000.00 2.59 40 4 0 42 0
0 0 0 13599.00 2.90 40 4 0 42 0
0 0 0 15599.00 2.59 20 4 0 42 0
0 0 0 20199.00 2.59 20 4 0 42 0
0 0 0 27140.00 2.59 40 4 0 42 0
0 0 0 21600.00 2.59 20 4 0 42 0
0 0 0 12000.00 2.90 40 4 0 42 0
0 0 0 20800.00 2.59 20 4 0 42 0
0 0 0 11099.00 2.90 40 4 0 42 0
0 0 0 12699.00 2.90 40 4 0 42 0
0 0 0 24320.00 2.59 40 4 0 42 0
0 0 0 25260.00 2.59 40 4 0 42 0
0 0 0 11500.00 2.59 40 4 0 42 0
0 0 0 13599.00 2.90 40 4 0 42 0
0 0 0 20355.00 2.59 20 4 0 42 0
0 0 0 11199.00 2.59 40 4 0 42 0
0 0 0 18199.00 2.59 20 4 0 42 0
0 0 0 13000.00 2.59 40 4 0 42 0
0 0 0 20199.00 2.59 20 4 0 42 0
0 0 0 25280.00 2.59 20 4 0 42 0
0 0 0 28000.00 2.59 40 4 0 42 0
0 0 0 20199.00 2.59 20 4 0 42 0
0 0 0 20699.00 2.59 20 4 0 42 0
0 0 0 12000.00 2.59 40 4 0 42 0
0 0 0 11599.00 2.90 40 4 0 42 0
#CONTAINERS_LOADED 
#STACKS
384000.000000 21.590000 42
432000.000000 24.180000 42
432000.000000 24.180000 42
432000.000000 24.180000 42
432000.000000 24.180000 42
432000.000000 24.180000 42
432000.000000 24.180000 42
432000.000000 24.180000 42
432000.000000 24.180000 42
384000.000000 21.590000 42
#CELLS
1 0 0 0 0 0 0
1 0 0 1 1 1 42
1 0 0 1 1 1 42
1 0 0 1 1 1 42
1 0 0 1 1 1 42
1 0 0 1 1 1 42
1 0 0 1 1 1 42
1 0 0 1 1 1 42
1 0 0 1 1 1 42
2 0 0 1 1 1 42
2 0 0 1 1 1 42
2 0 0 1 1 1 42
2 0 0 1 1 1 42
2 0 0 1 1 1 42
2 0 0 1 1 1 42
2 0 0 1 1 1 42
2 0 0 1 1 1 42
2 0 0 1 1 1 42
3 0 0 1 1 1 42
3 0 0 1 1 1 42
3 0 0 1 1 1 42
3 0 0 1 1 1 42
3 0 0 1 1 1 42
3 0 0 1 1 1 42
3 0 0 1 1 1 42
3 0 0 1 1 1 42
3 0 0 1 1 1 42
4 0 0 1 1 1 42
4 0 0 1 1 1 42
4 0 0 1 1 1 42
4 0 0 1 1 1 42
4 0 0 1 1 1 42
4 0 0 1 1 1 42
4 0 0 1 1 1 42
4 0 0 1 1 1 42
4 0 0 1 1 1 42
5 0 0 1 1 1 42
5 0 0 1 1 1 42
5 0 0 1 1 1 42
5 0 0 1 1 1 42
5 0 0 1 1 1 42
5 0 0 1 1 1 42
5 0 0 1 1 1 42
5 0 0 1 1 1 42
5 0 0 1 1 1 42
6 0 0 1 1 1 42
6 0 0 1 1 1 42
6 0 0 1 1 1 42
6 0 0 1 1 1 42
6 0 0 1 1 1 42
6 0 0 1 1 1 42
6 0 0 1 1 1 42
6 0 0 1 1 1 42
6 0 0 1 1 1 42
7 0 0 1 1 1 42
7 0 0 1 1 1 42
7 0 0 1 1 1 42
7 0 0 1 1 1 42
7 0 0 1 1 1 42
7 0 0 1 1 1 42
7 0 0 1 1 1 42
7 0 0 1 1 1 42
7 0 0 1 1 1 42
8 0 0 1 1 1 42
8 0 0 1 1 1 42
8 0 0 1 1 1 42
8 0 0 1 1 1 42
8 0 0 1 1 1 42
8 0 0 1 1 1 42
8 0 0 1 1 1 42
8 0 0 1 1 1 42
8 0 0 1 1 1 42
9 0 0 1 1 1 42
9 0 0 1 1 1 42
9 0 0 1 1 1 42
9 0 0 1 1 1 42
9 0 0 1 1 1 42
9 0 0 1 1 1 42
9 0 0 1 1 1 42
9 0 0 1 1 1 42
9 0 0 1 1 1 42
10 0 0 0 0 0 0
10 0 0 1 1 1 42
10 0 0 1 1 1 42
10 0 0 1 1 1 42
10 0 0 1 1 1 42
10 0 0 1 1 1 42
10 0 0 1 1 1 42
10 0 0 1 1 1 42
10 0 0 1 1 1 42
#SOLUTION-AFT
 0  15  63  77  24  85  83  25  0  0 
 0  34  3  51  54  65  48  61  40  0 
 0  13  35  14  38  69  46  57  55  0 
 0  33  28  1  12  81  80  58  76  0 
 0  17  8  22  47  78  91  43  45  0 
 0  70  89  73  44  79  2  62  39  0 
 0  36  7  59  68  72  6  56  92  0 
 0  84  82  9  37  67  49  19  16  0 
 0  52  23  31  30  88  20  21  74  0 
#SOLUTION-FWD
 0  15  63  77  24  85  83  25  0  0 
 0  34  3  51  54  65  48  61  40  0 
 0  27  10  41  38  69  46  57  55  0 
 0  60  66  26  12  81  80  58  76  0 
 0  29  5  75  47  78  91  43  45  0 
 0  64  86  32  44  79  2  62  39  0 
 0  50  71  87  68  72  6  56  92  0 
 0  4  90  18  37  67  49  19  16  0 
 0  42  53  11  30  88  20  21  74  0 
#INFO
cap20: 42  cap40: 50  reefer: 0  HC: 19  capacity: 80.681818 TEU: 176