1 11 0 3 24 1 8
#POD
3 
#LOCATIONS
73 
#CONTAINERS_TOLOAD
0 0 0 4000.00 2.59 40 3 0 73 0
0 0 0 4000.00 2.59 40 3 0 73 0
0 0 0 4000.00 2.59 40 3 0 73 0
0 0 0 4000.00 2.59 40 3 0 73 0
0 0 0 4000.00 2.59 40 3 0 73 0
0 0 0 4000.00 2.90 40 3 0 73 0
0 0 0 4000.00 2.90 40 3 0 73 0
0 0 0 4000.00 2.59 40 3 0 73 0
0 0 0 4000.00 2.59 40 3 0 73 0
0 0 0 4000.00 2.59 40 3 0 73 0
0 0 0 4000.00 2.59 40 3 0 73 0
#CONTAINERS_LOADED 
#STACKS
192000.000000 10.950000 73
192000.000000 10.950000 73
192000.000000 10.950000 73
#CELLS
1 0 0 0 0 0 0
1 0 0 0 0 0 0
1 0 0 0 0 0 0
1 0 0 0 0 0 0
1 0 0 1 1 1 73
1 0 0 1 1 1 73
1 0 0 1 1 1 73
1 0 0 1 1 1 73
2 0 0 0 0 0 0
2 0 0 0 0 0 0
2 0 0 0 0 0 0
2 0 0 0 0 0 0
2 0 0 1 1 1 73
2 0 0 1 1 1 73
2 0 0 1 1 1 73
2 0 0 1 1 1 73
3 0 0 0 0 0 0
3 0 0 0 0 0 0
3 0 0 0 0 0 0
3 0 0 0 0 0 0
3 0 0 1 1 1 73
3 0 0 1 1 1 73
3 0 0 1 1 1 73
3 0 0 1 1 1 73
#SOLUTION-AFT
 8  6  0 
 3  10  9 
 7  4  11 
 2  1  5 
 0  0  0 
 0  0  0 
 0  0  0 
 0  0  0 
#SOLUTION-FWD
 8  6  0 
 3  10  9 
 7  4  11 
 2  1  5 
 0  0  0 
 0  0  0 
 0  0  0 
 0  0  0 
#INFO
cap20: 0  cap40: 11  reefer: 0  HC: 2  capacity: 91.666667 TEU: 24