1 26 0 8 64 1 8
#POD
4 
#LOCATIONS
35 
#CONTAINERS_TOLOAD
0 0 0 14680.00 2.90 40 4 0 35 0
0 0 0 13440.00 2.90 40 4 0 35 0
0 0 0 15000.00 2.90 40 4 0 35 0
0 0 0 24600.00 2.59 40 4 0 35 0
0 0 0 13858.00 2.90 40 4 0 35 0
0 0 0 14860.00 2.90 40 4 0 35 0
0 0 0 13905.00 2.90 40 4 0 35 0
0 0 0 14000.00 2.90 40 4 0 35 0
0 0 0 12000.00 2.90 40 4 0 35 0
0 0 0 15000.00 2.90 40 4 0 35 0
0 0 0 14520.00 2.90 40 4 0 35 0
0 0 0 14699.00 2.90 40 4 0 35 0
0 0 0 13000.00 2.90 40 4 0 35 0
0 0 0 14000.00 2.90 40 4 0 35 0
0 0 0 13100.00 2.90 40 4 0 35 0
0 0 0 14699.00 2.90 40 4 0 35 0
0 0 0 12400.00 2.90 40 4 0 35 0
0 0 0 14960.00 2.90 40 4 0 35 0
0 0 0 25860.00 2.59 40 4 0 35 0
0 0 0 13600.00 2.90 40 4 0 35 0
0 0 0 14960.00 2.90 40 4 0 35 0
0 0 0 12820.00 2.90 40 4 0 35 0
0 0 0 15199.00 2.90 40 4 0 35 0
0 0 0 12800.00 2.90 40 4 0 35 0
0 0 0 14000.00 2.90 40 4 0 35 0
0 0 0 15000.00 2.90 40 4 0 35 0
#CONTAINERS_LOADED 
#STACKS
229200.000000 18.500000 35
224200.000000 21.100000 35
224200.000000 21.100000 35
224200.000000 21.100000 35
224200.000000 21.100000 35
224200.000000 21.100000 35
224200.000000 21.100000 35
229200.000000 18.500000 35
#CELLS
1 0 0 0 0 0 0
1 0 0 1 1 1 35
1 0 0 1 1 1 35
1 0 0 1 1 1 35
1 0 0 1 1 1 35
1 0 0 1 1 1 35
1 0 0 1 1 1 35
1 0 0 1 1 1 35
2 0 0 1 1 1 35
2 0 0 1 1 1 35
2 0 0 1 1 1 35
2 0 0 1 1 1 35
2 0 0 1 1 1 35
2 0 0 1 1 1 35
2 0 0 1 1 1 35
2 0 0 0 0 1 35
3 0 0 1 1 1 35
3 0 0 1 1 1 35
3 0 0 1 1 1 35
3 0 0 1 1 1 35
3 0 0 1 1 1 35
3 0 0 1 1 1 35
3 0 0 1 1 1 35
3 0 0 0 0 1 35
4 0 0 1 1 1 35
4 0 0 1 1 1 35
4 0 0 1 1 1 35
4 0 0 1 1 1 35
4 0 0 1 1 1 35
4 0 0 1 1 1 35
4 0 0 1 1 1 35
4 0 0 0 0 1 35
5 0 0 1 1 1 35
5 0 0 1 1 1 35
5 0 0 1 1 1 35
5 0 0 1 1 1 35
5 0 0 1 1 1 35
5 0 0 1 1 1 35
5 0 0 1 1 1 35
5 0 0 0 0 1 35
6 0 0 1 1 1 35
6 0 0 1 1 1 35
6 0 0 1 1 1 35
6 0 0 1 1 1 35
6 0 0 1 1 1 35
6 0 0 1 1 1 35
6 0 0 1 1 1 35
6 0 0 0 0 1 35
7 0 0 1 1 1 35
7 0 0 1 1 1 35
7 0 0 1 1 1 35
7 0 0 1 1 1 35
7 0 0 1 1 1 35
7 0 0 1 1 1 35
7 0 0 1 1 1 35
7 0 0 0 0 1 35
8 0 0 0 0 0 0
8 0 0 1 1 1 35
8 0 0 1 1 1 35
8 0 0 1 1 1 35
8 0 0 1 1 1 35
8 0 0 1 1 1 35
8 0 0 1 1 1 35
8 0 0 1 1 1 35
#SOLUTION-AFT
 0  0  0  0  0  0  0  0 
 9  25  0  0  0  0  21  2 
 17  11  0  0  0  0  18  20 
 24  1  0  0  0  0  10  5 
 22  12  0  0  0  0  3  7 
 13  16  0  0  0  0  26  14 
 15  6  0  0  0  0  23  8 
 0  4  0  0  0  0  19  0 
#SOLUTION-FWD
 0  0  0  0  0  0  0  0 
 9  25  0  0  0  0  21  2 
 17  11  0  0  0  0  18  20 
 24  1  0  0  0  0  10  5 
 22  12  0  0  0  0  3  7 
 13  16  0  0  0  0  26  14 
 15  6  0  0  0  0  23  8 
 0  4  0  0  0  0  19  0 
#INFO
cap20: 0  cap40: 26  reefer: 0  HC: 24  capacity: 41.935484 TEU: 124