1 79 0 8 56 1 7
#POD
4 
#LOCATIONS
50 
#CONTAINERS_TOLOAD
0 0 0 9000.00 2.59 20 4 0 50 0
0 0 0 9000.00 2.59 20 4 0 50 0
0 0 0 9000.00 2.59 20 4 0 50 0
0 0 0 9000.00 2.59 20 4 0 50 0
0 0 0 9000.00 2.59 20 4 0 50 0
0 0 0 8000.00 2.90 40 4 0 50 0
0 0 0 20899.00 2.90 40 4 0 50 0
0 0 0 9000.00 2.59 20 4 0 50 0
0 0 0 9000.00 2.59 20 4 0 50 0
0 0 0 9000.00 2.59 20 4 0 50 0
0 0 0 9000.00 2.59 20 4 0 50 0
0 0 0 9000.00 2.59 20 4 0 50 0
0 0 0 9000.00 2.59 20 4 0 50 0
0 0 0 13900.00 2.90 40 4 0 50 0
0 0 0 9000.00 2.59 20 4 0 50 0
0 0 0 12100.00 2.90 40 4 0 50 0
0 0 0 9000.00 2.59 20 4 0 50 0
0 0 0 9000.00 2.59 20 4 0 50 0
0 0 0 9000.00 2.59 20 4 0 50 0
0 0 0 9000.00 2.59 20 4 0 50 0
0 0 0 2500.00 2.59 20 4 0 50 0
0 0 0 9000.00 2.59 20 4 0 50 0
0 0 0 9000.00 2.59 20 4 0 50 0
0 0 0 9000.00 2.59 20 4 0 50 0
0 0 0 9000.00 2.59 20 4 0 50 0
0 0 0 9300.00 2.59 20 4 0 50 0
0 0 0 10699.00 2.90 40 4 0 50 0
0 0 0 9000.00 2.59 20 4 0 50 0
0 0 0 12900.00 2.90 40 4 0 50 0
0 0 0 9000.00 2.59 20 4 0 50 0
0 0 0 9000.00 2.59 20 4 0 50 0
0 0 0 23800.00 2.59 20 4 0 50 0
0 0 0 9000.00 2.59 20 4 0 50 0
0 0 0 9000.00 2.59 20 4 0 50 0
0 0 0 9400.00 2.59 20 4 0 50 0
0 0 0 21199.00 2.59 20 4 0 50 0
0 0 0 9000.00 2.59 20 4 0 50 0
0 0 0 9000.00 2.59 20 4 0 50 0
0 0 0 9000.00 2.59 20 4 0 50 0
0 0 0 9000.00 2.59 20 4 0 50 0
0 0 0 9000.00 2.59 20 4 0 50 0
0 0 0 9000.00 2.59 20 4 0 50 0
0 0 0 9000.00 2.59 20 4 0 50 0
0 0 0 9000.00 2.59 20 4 0 50 0
0 0 0 9000.00 2.59 20 4 0 50 0
0 0 0 5900.00 2.59 20 4 0 50 0
0 0 0 12460.00 2.90 40 4 0 50 0
0 0 0 7400.00 2.59 20 4 0 50 0
0 0 0 9000.00 2.59 20 4 0 50 0
0 0 0 9000.00 2.59 20 4 0 50 0
0 0 0 9000.00 2.59 20 4 0 50 0
0 0 0 7000.00 2.59 20 4 0 50 0
0 0 0 6099.00 2.59 20 4 0 50 0
0 0 0 9000.00 2.59 20 4 0 50 0
0 0 0 9000.00 2.59 20 4 0 50 0
0 0 0 7000.00 2.90 40 4 0 50 0
0 0 0 9000.00 2.59 20 4 0 50 0
0 0 0 9000.00 2.59 20 4 0 50 0
0 0 0 9000.00 2.59 20 4 0 50 0
0 0 0 9000.00 2.59 20 4 0 50 0
0 0 0 28300.00 2.90 40 4 0 50 0
0 0 0 9000.00 2.59 20 4 0 50 0
0 0 0 9000.00 2.59 20 4 0 50 0
0 0 0 9300.00 2.59 20 4 0 50 0
0 0 0 9000.00 2.59 20 4 0 50 0
0 0 0 9000.00 2.59 20 4 0 50 0
0 0 0 9000.00 2.59 20 4 0 50 0
0 0 0 9000.00 2.59 20 4 0 50 0
0 0 0 8800.00 2.59 20 4 0 50 0
0 0 0 10699.00 2.90 40 4 0 50 0
0 0 0 9000.00 2.59 20 4 0 50 0
0 0 0 9000.00 2.59 20 4 0 50 0
0 0 0 9199.00 2.90 40 4 0 50 0
0 0 0 9000.00 2.59 20 4 0 50 0
0 0 0 9500.00 2.59 20 4 0 50 0
0 0 0 9000.00 2.59 20 4 0 50 0
0 0 0 22899.00 2.59 20 4 0 50 0
0 0 0 9000.00 2.59 20 4 0 50 0
0 0 0 9000.00 2.59 20 4 0 50 0
#CONTAINERS_LOADED 
#STACKS
240000.000000 14.060000 50
270000.000000 16.650000 50
270000.000000 16.650000 50
282000.000000 19.240000 50
282000.000000 19.240000 50
270000.000000 16.650000 50
270000.000000 16.650000 50
240000.000000 14.060000 50
#CELLS
1 0 0 0 0 0 0
1 0 0 0 0 0 0
1 0 0 1 1 1 50
1 0 0 1 1 1 50
1 0 0 1 1 1 50
1 0 0 1 1 1 50
1 0 0 1 1 1 50
2 0 0 0 0 0 0
2 0 0 1 1 1 50
2 0 1 1 1 1 50
2 0 1 1 1 1 50
2 0 1 1 1 1 50
2 0 0 1 1 1 50
2 0 0 1 1 1 50
3 0 0 0 0 0 0
3 0 0 1 1 1 50
3 0 1 1 1 1 50
3 0 1 1 1 1 50
3 0 1 1 1 1 50
3 0 0 1 1 1 50
3 0 0 1 1 1 50
4 0 0 1 1 1 50
4 0 1 1 1 1 50
4 0 1 1 1 1 50
4 0 1 1 1 1 50
4 0 1 1 1 1 50
4 0 0 1 1 1 50
4 0 0 1 1 1 50
5 0 0 1 1 1 50
5 0 1 1 1 1 50
5 0 1 1 1 1 50
5 0 1 1 1 1 50
5 0 1 1 1 1 50
5 0 0 1 1 1 50
5 0 0 1 1 1 50
6 0 0 0 0 0 0
6 0 0 1 1 1 50
6 0 1 1 1 1 50
6 0 1 1 1 1 50
6 0 1 1 1 1 50
6 0 0 1 1 1 50
6 0 0 1 1 1 50
7 0 0 0 0 0 0
7 0 0 1 1 1 50
7 0 1 1 1 1 50
7 0 1 1 1 1 50
7 0 1 1 1 1 50
7 0 0 1 1 1 50
7 0 0 1 1 1 50
8 0 0 0 0 0 0
8 0 0 0 0 0 0
8 0 0 1 1 1 50
8 0 0 1 1 1 50
8 0 0 1 1 1 50
8 0 0 1 1 1 50
8 0 0 1 1 1 50
#SOLUTION-AFT
 46  0  0  7  29  47  70  56 
 52  0  1  61  14  12  27  6 
 69  10  59  76  40  71  16  73 
 36  44  24  50  20  31  33  5 
 77  2  18  17  72  4  25  42 
 0  34  63  11  26  45  9  0 
 0  0  0  62  75  0  0  0 
#SOLUTION-FWD
 53  0  0  7  29  47  70  56 
 48  0  49  61  14  51  27  6 
 54  74  58  3  30  65  16  73 
 78  60  55  41  66  68  39  21 
 32  43  38  13  79  37  67  19 
 0  22  15  23  64  57  28  0 
 0  0  0  8  35  0  0  0 
#INFO
cap20: 68  cap40: 11  reefer: 0  HC: 11  capacity: 93.750000 TEU: 96