1 91 0 10 90 1 9
#POD
4 
#LOCATIONS
54 
#CONTAINERS_TOLOAD
0 0 0 4599.00 2.59 20 4 0 54 0
0 0 0 4200.00 2.59 20 4 0 54 0
0 0 0 10400.00 2.90 40 4 0 54 0
0 0 0 4599.00 2.59 20 4 0 54 0
0 0 0 10099.00 2.90 40 4 0 54 0
0 0 0 9300.00 2.90 40 4 0 54 0
0 0 0 10400.00 2.90 40 4 0 54 0
0 0 0 7599.00 2.59 40 4 0 54 0
0 0 0 10400.00 2.90 40 4 0 54 0
0 0 0 10400.00 2.90 40 4 0 54 0
0 0 0 10400.00 2.90 40 4 0 54 0
0 0 0 6000.00 2.59 40 4 0 54 0
0 0 0 8500.00 2.59 40 4 0 54 0
0 0 0 10400.00 2.90 40 4 0 54 0
0 0 0 10400.00 2.90 40 4 0 54 0
0 0 0 10400.00 2.90 40 4 0 54 0
0 0 0 10400.00 2.90 40 4 0 54 0
0 0 0 11599.00 2.90 40 4 0 54 0
0 0 0 12000.00 2.90 40 4 0 54 0
0 0 0 12800.00 2.90 40 4 0 54 0
0 0 0 12199.00 2.90 40 4 0 54 0
0 0 0 3000.00 2.59 20 4 0 54 0
0 0 0 4000.00 2.59 20 4 0 54 0
0 0 0 10400.00 2.90 40 4 0 54 0
0 0 0 10000.00 2.59 40 4 0 54 0
0 0 0 10400.00 2.90 40 4 0 54 0
0 0 0 8400.00 2.59 40 4 0 54 0
0 0 0 10400.00 2.90 40 4 0 54 0
0 0 0 5799.00 2.59 20 4 0 54 0
0 0 0 10400.00 2.90 40 4 0 54 0
0 0 0 5599.00 2.59 20 4 0 54 0
0 0 0 10199.00 2.90 40 4 0 54 0
0 0 0 10400.00 2.90 40 4 0 54 0
0 0 0 5000.00 2.59 20 4 0 54 0
0 0 0 3000.00 2.59 20 4 0 54 0
0 0 0 10400.00 2.90 40 4 0 54 0
0 0 0 9099.00 2.59 40 4 0 54 0
0 0 0 10400.00 2.90 40 4 0 54 0
0 0 0 11599.00 2.90 40 4 0 54 0
0 0 0 4000.00 2.59 20 4 0 54 0
0 0 0 10400.00 2.90 40 4 0 54 0
0 0 0 7200.00 2.59 40 4 0 54 0
0 0 0 5000.00 2.59 20 4 0 54 0
0 0 0 11000.00 2.59 40 4 0 54 0
0 0 0 10400.00 2.90 40 4 0 54 0
0 0 0 10400.00 2.90 40 4 0 54 0
0 0 0 6797.00 2.90 40 4 0 54 0
0 0 0 10400.00 2.90 40 4 0 54 0
0 0 0 8599.00 2.59 40 4 0 54 0
0 0 0 10400.00 2.90 40 4 0 54 0
0 0 0 10400.00 2.90 40 4 0 54 0
0 0 0 8890.00 2.90 40 4 0 54 0
0 0 0 10099.00 2.90 40 4 0 54 0
0 0 0 11599.00 2.90 40 4 0 54 0
0 0 0 11300.00 2.59 40 4 0 54 0
0 0 0 11199.00 2.59 40 4 0 54 0
0 0 0 10400.00 2.90 40 4 0 54 0
0 0 0 14000.00 2.90 40 4 0 54 0
0 0 0 11000.00 2.90 40 4 0 54 0
0 0 0 7799.00 2.59 40 4 0 54 0
0 0 0 11099.00 2.59 40 4 0 54 0
0 0 0 10400.00 2.90 40 4 0 54 0
0 0 0 10400.00 2.90 40 4 0 54 0
0 0 0 10400.00 2.90 40 4 0 54 0
0 0 0 10500.00 2.59 40 4 0 54 0
0 0 0 10400.00 2.90 40 4 0 54 0
0 0 0 10500.00 2.59 40 4 0 54 0
0 0 0 10000.00 2.59 40 4 0 54 0
0 0 0 11000.00 2.59 40 4 0 54 0
0 0 0 8000.00 2.59 40 4 0 54 0
0 0 0 10400.00 2.90 40 4 0 54 0
0 0 0 10400.00 2.90 40 4 0 54 0
0 0 0 4700.00 2.59 20 4 0 54 0
0 0 0 10400.00 2.90 40 4 0 54 0
0 0 0 4799.00 2.59 20 4 0 54 0
0 0 0 12000.00 2.90 40 4 0 54 0
0 0 0 11099.00 2.90 40 4 0 54 0
0 0 0 12699.00 2.90 40 4 0 54 0
0 0 0 5299.00 2.59 20 4 0 54 0
0 0 0 10400.00 2.90 40 4 0 54 0
0 0 0 11199.00 2.59 40 4 0 54 0
0 0 0 10400.00 2.90 40 4 0 54 0
0 0 0 5500.00 2.59 20 4 0 54 0
0 0 0 9300.00 2.90 40 4 0 54 0
0 0 0 10000.00 2.90 40 4 0 54 0
0 0 0 5900.00 2.59 20 4 0 54 0
0 0 0 5780.00 2.59 20 4 0 54 0
0 0 0 10400.00 2.90 40 4 0 54 0
0 0 0 10400.00 2.90 40 4 0 54 0
0 0 0 11599.00 2.90 40 4 0 54 0
0 0 0 4000.00 2.59 20 4 0 54 0
#CONTAINERS_LOADED 
#STACKS
384000.000000 21.590000 54
432000.000000 24.180000 54
432000.000000 24.180000 54
432000.000000 24.180000 54
432000.000000 24.180000 54
432000.000000 24.180000 54
432000.000000 24.180000 54
432000.000000 24.180000 54
432000.000000 24.180000 54
384000.000000 21.590000 54
#CELLS
1 0 0 0 0 0 0
1 0 0 1 1 1 54
1 0 0 1 1 1 54
1 0 0 1 1 1 54
1 0 0 1 1 1 54
1 0 0 1 1 1 54
1 0 0 1 1 1 54
1 0 0 1 1 1 54
1 0 0 1 1 1 54
2 0 0 1 1 1 54
2 0 0 1 1 1 54
2 0 1 1 1 1 54
2 0 1 1 1 1 54
2 0 1 1 1 1 54
2 0 1 1 1 1 54
2 0 0 1 1 1 54
2 0 0 1 1 1 54
2 0 0 1 1 1 54
3 0 0 1 1 1 54
3 0 0 1 1 1 54
3 0 1 1 1 1 54
3 0 1 1 1 1 54
3 0 1 1 1 1 54
3 0 1 1 1 1 54
3 0 0 1 1 1 54
3 0 0 1 1 1 54
3 0 0 1 1 1 54
4 0 0 1 1 1 54
4 0 1 1 1 1 54
4 0 1 1 1 1 54
4 0 1 1 1 1 54
4 0 1 1 1 1 54
4 0 1 1 1 1 54
4 0 0 1 1 1 54
4 0 0 1 1 1 54
4 0 0 1 1 1 54
5 0 0 1 1 1 54
5 0 1 1 1 1 54
5 0 1 1 1 1 54
5 0 1 1 1 1 54
5 0 1 1 1 1 54
5 0 1 1 1 1 54
5 0 0 1 1 1 54
5 0 0 1 1 1 54
5 0 0 1 1 1 54
6 0 0 1 1 1 54
6 0 1 1 1 1 54
6 0 1 1 1 1 54
6 0 1 1 1 1 54
6 0 1 1 1 1 54
6 0 1 1 1 1 54
6 0 0 1 1 1 54
6 0 0 1 1 1 54
6 0 0 1 1 1 54
7 0 0 1 1 1 54
7 0 1 1 1 1 54
7 0 1 1 1 1 54
7 0 1 1 1 1 54
7 0 1 1 1 1 54
7 0 1 1 1 1 54
7 0 0 1 1 1 54
7 0 0 1 1 1 54
7 0 0 1 1 1 54
8 0 0 1 1 1 54
8 0 0 1 1 1 54
8 0 1 1 1 1 54
8 0 1 1 1 1 54
8 0 1 1 1 1 54
8 0 1 1 1 1 54
8 0 0 1 1 1 54
8 0 0 1 1 1 54
8 0 0 1 1 1 54
9 0 0 1 1 1 54
9 0 0 1 1 1 54
9 0 1 1 1 1 54
9 0 1 1 1 1 54
9 0 1 1 1 1 54
9 0 1 1 1 1 54
9 0 0 1 1 1 54
9 0 0 1 1 1 54
9 0 0 1 1 1 54
10 0 0 0 0 0 0
10 0 0 1 1 1 54
10 0 0 1 1 1 54
10 0 0 1 1 1 54
10 0 0 1 1 1 54
10 0 0 1 1 1 54
10 0 0 1 1 1 54
10 0 0 1 1 1 54
10 0 0 1 1 1 54
#SOLUTION-AFT
 47  42  27  89  0  0  0  0  0  0 
 58  8  13  88  26  54  7  74  66  12 
 22  60  49  65  24  90  10  80  71  52 
 23  70  37  69  45  18  46  82  72  84 
 2  32  68  44  41  76  51  9  48  6 
 4  64  25  61  33  19  17  14  50  85 
 73  79  36  81  59  21  3  15  57  53 
 34  87  38  56  77  78  11  16  62  5 
 0  86  67  55  39  20  28  30  63  0 
#SOLUTION-FWD
 47  42  27  89  0  0  0  0  0  0 
 58  8  13  88  26  54  7  74  66  12 
 35  60  49  65  24  90  10  80  71  52 
 91  70  37  69  45  18  46  82  72  84 
 40  32  68  44  41  76  51  9  48  6 
 1  64  25  61  33  19  17  14  50  85 
 75  83  36  81  59  21  3  15  57  53 
 43  31  38  56  77  78  11  16  62  5 
 0  29  67  55  39  20  28  30  63  0 
#INFO
cap20: 18  cap40: 73  reefer: 0  HC: 54  capacity: 93.181818 TEU: 176