2 45 40 8 56 1 7
#POD
3 4 
#LOCATIONS
22 
#CONTAINERS_TOLOAD
0 0 0 9000.00 2.59 20 3 0 22 0
0 0 0 9000.00 2.59 20 3 0 22 0
0 0 0 23100.00 2.90 40 3 0 22 0
0 0 0 9000.00 2.59 20 3 0 22 0
0 0 0 9000.00 2.59 20 3 0 22 0
0 0 0 9000.00 2.59 20 3 0 22 0
0 0 0 9000.00 2.59 20 3 0 22 0
0 0 0 9000.00 2.59 20 3 0 22 0
0 0 0 9000.00 2.59 20 3 0 22 0
0 0 0 9000.00 2.59 20 3 0 22 0
0 0 0 9000.00 2.59 20 3 0 22 0
0 0 0 19004.00 2.90 40 3 0 22 0
0 0 0 9400.00 2.59 20 3 0 22 0
0 0 0 9000.00 2.59 20 3 0 22 0
0 0 0 9000.00 2.59 20 3 0 22 0
0 0 0 9000.00 2.59 20 3 0 22 0
0 0 0 9300.00 2.59 20 3 0 22 0
0 0 0 9000.00 2.59 20 3 0 22 0
0 0 0 9000.00 2.59 20 3 0 22 0
0 0 0 10599.00 2.59 20 3 0 22 0
0 0 0 9000.00 2.59 20 3 0 22 0
0 0 0 9000.00 2.59 20 3 0 22 0
0 0 0 10699.00 2.59 20 3 0 22 0
0 0 0 22500.00 2.90 40 3 0 22 0
0 0 0 9000.00 2.59 20 3 0 22 0
0 0 0 19699.00 2.90 40 3 0 22 0
0 0 0 9000.00 2.59 20 3 0 22 0
0 0 0 9000.00 2.59 20 3 0 22 0
0 0 0 9000.00 2.59 20 3 0 22 0
0 0 0 9000.00 2.59 20 3 0 22 0
0 0 0 9000.00 2.59 20 3 0 22 0
0 0 0 9000.00 2.59 20 3 0 22 0
0 0 0 9000.00 2.59 20 3 0 22 0
0 0 0 9000.00 2.59 20 3 0 22 0
0 0 0 9000.00 2.59 20 3 0 22 0
0 0 0 9400.00 2.59 20 3 0 22 0
0 0 0 9000.00 2.59 20 3 0 22 0
0 0 0 9000.00 2.59 20 3 0 22 0
0 0 0 21899.00 2.90 40 3 0 22 0
0 0 0 9000.00 2.59 20 3 0 22 0
0 0 0 9000.00 2.59 20 3 0 22 0
0 0 0 9000.00 2.59 20 3 0 22 0
0 0 0 9000.00 2.59 20 3 0 22 0
0 0 0 9000.00 2.59 20 3 0 22 0
0 0 0 9000.00 2.59 20 3 0 22 0
#CONTAINERS_LOADED 
5 3 -1 19200.00 2.59 20 4 0 22 0
8 5 -1 19200.00 2.59 20 4 0 22 0
6 6 0 22400.00 2.90 40 4 0 22 0
6 4 -1 19200.00 2.59 20 4 0 22 0
5 3 1 19200.00 2.59 20 4 0 22 0
5 7 0 22400.00 2.90 40 4 0 22 0
5 4 1 19200.00 2.59 20 4 0 22 0
7 2 1 19200.00 2.59 20 4 0 22 0
6 1 1 22500.00 2.59 20 4 0 22 0
5 4 -1 19200.00 2.59 20 4 0 22 0
8 3 1 19200.00 2.59 20 4 0 22 0
7 5 1 19200.00 2.59 20 4 0 22 0
8 6 0 22400.00 2.90 40 4 0 22 0
7 4 -1 19200.00 2.59 20 4 0 22 0
8 3 -1 19200.00 2.59 20 4 0 22 0
7 2 -1 19200.00 2.59 20 4 0 22 0
5 1 1 25000.00 2.59 20 4 0 22 0
6 2 1 19200.00 2.59 20 4 0 22 0
8 4 1 19200.00 2.59 20 4 0 22 0
7 6 0 22400.00 2.90 40 4 0 22 0
8 5 1 19200.00 2.59 20 4 0 22 0
8 4 -1 19200.00 2.59 20 4 0 22 0
5 6 0 22400.00 2.90 40 4 0 22 0
8 7 0 22400.00 2.90 40 4 0 22 0
7 3 -1 19200.00 2.59 20 4 0 22 0
6 5 0 24200.00 2.90 40 4 0 22 0
6 2 -1 19200.00 2.59 20 4 0 22 0
7 4 1 19200.00 2.59 20 4 0 22 0
5 2 1 19200.00 2.59 20 4 0 22 0
7 3 1 19200.00 2.59 20 4 0 22 0
7 5 -1 19200.00 2.59 20 4 0 22 0
5 5 0 22400.00 2.90 40 4 0 22 0
6 7 0 22400.00 2.90 40 4 0 22 0
7 7 0 22400.00 2.90 40 4 0 22 0
6 3 1 19200.00 2.59 20 4 0 22 0
6 1 -1 25000.00 2.59 20 4 0 22 0
6 3 -1 19200.00 2.59 20 4 0 22 0
5 2 -1 19200.00 2.59 20 4 0 22 0
5 1 -1 25000.00 2.59 20 4 0 22 0
6 4 1 19200.00 2.59 20 4 0 22 0
#STACKS
238000.000000 14.060000 22
264000.000000 16.650000 22
278000.000000 19.240000 22
278000.000000 19.240000 22
278000.000000 19.240000 22
278000.000000 19.240000 22
264000.000000 16.650000 22
238000.000000 14.060000 22
#CELLS
1 0 0 0 0 0 0
1 0 0 0 0 0 0
1 0 0 1 1 1 22
1 0 0 1 1 1 22
1 0 0 1 1 1 22
1 0 0 1 1 1 22
1 0 0 1 1 1 22
2 0 0 0 0 0 0
2 0 0 1 1 1 22
2 0 1 1 1 1 22
2 0 1 1 1 1 22
2 0 1 1 1 1 22
2 0 0 1 1 1 22
2 0 0 1 1 1 22
3 0 0 1 1 1 22
3 0 1 1 1 1 22
3 0 1 1 1 1 22
3 0 1 1 1 1 22
3 0 1 1 1 1 22
3 0 0 1 1 1 22
3 0 0 1 1 1 22
4 0 1 1 1 1 22
4 0 1 1 1 1 22
4 0 1 1 1 1 22
4 0 1 1 1 1 22
4 0 1 1 1 1 22
4 0 0 1 1 1 22
4 0 0 1 1 1 22
5 0 1 1 1 1 22
5 0 1 1 1 1 22
5 0 1 1 1 1 22
5 0 1 1 1 1 22
5 0 1 1 1 1 22
5 0 0 1 1 1 22
5 0 0 1 1 1 22
6 0 0 1 1 1 22
6 0 1 1 1 1 22
6 0 1 1 1 1 22
6 0 1 1 1 1 22
6 0 1 1 1 1 22
6 0 0 1 1 1 22
6 0 0 1 1 1 22
7 0 0 0 0 0 0
7 0 0 1 1 1 22
7 0 1 1 1 1 22
7 0 1 1 1 1 22
7 0 1 1 1 1 22
7 0 0 1 1 1 22
7 0 0 1 1 1 22
8 0 0 0 0 0 0
8 0 0 0 0 0 0
8 0 0 1 1 1 22
8 0 0 1 1 1 22
8 0 0 1 1 1 22
8 0 0 1 1 1 22
8 0 0 1 1 1 22
#SOLUTION-AFT
 34  26  39  3  51  78  79  69 
 43  42  24  12  68  48  65  58 
 45  15  8  6  77  71  57  66 
 16  29  37  14  52  85  73  64 
 18  4  21  17  50  80  75  56 
 0  1  25  36  74  63  53  0 
 0  0  32  20  62  54  0  0 
#SOLUTION-FWD
 33  26  39  3  51  78  79  69 
 35  44  24  12  68  48  65  58 
 38  11  41  28  77  71  76  47 
 5  27  7  2  55  49  59  67 
 10  31  22  40  46  82  70  60 
 0  19  30  13  83  72  61  0 
 0  0  9  23  84  81  0  0 
#INFO
cap20: 70  cap40: 15  reefer: 0  HC: 15  capacity: 100.000000 TEU: 100