1 23 0 3 24 1 8
#POD
3 
#LOCATIONS
26 
#CONTAINERS_TOLOAD
0 0 0 14700.00 2.59 40 3 0 26 0
0 0 0 12200.00 2.90 40 3 1 26 0
0 0 0 15000.00 2.59 40 3 0 26 0
0 0 0 15100.00 2.59 40 3 0 26 0
0 0 0 15000.00 2.59 40 3 0 26 0
0 0 0 14200.00 2.59 40 3 0 26 0
0 0 0 14860.00 2.59 40 3 0 26 0
0 0 0 14200.00 2.59 40 3 0 26 0
0 0 0 14300.00 2.59 40 3 0 26 0
0 0 0 14800.00 2.59 40 3 0 26 0
0 0 0 15700.00 2.59 40 3 0 26 0
0 0 0 15289.00 2.90 40 3 0 26 0
0 0 0 15700.00 2.59 40 3 0 26 0
0 0 0 10000.00 2.90 40 3 1 26 0
0 0 0 15400.00 2.59 40 3 0 26 0
0 0 0 15700.00 2.59 40 3 0 26 0
0 0 0 15000.00 2.59 40 3 0 26 0
0 0 0 14800.00 2.90 40 3 1 26 0
0 0 0 15000.00 2.59 40 3 0 26 0
0 0 0 15280.00 2.59 40 3 0 26 0
0 0 0 15220.00 2.59 40 3 0 26 0
0 0 0 15700.00 2.59 40 3 0 26 0
0 0 0 15700.00 2.59 40 3 0 26 0
#CONTAINERS_LOADED 
#STACKS
162000.000000 21.100000 26
162000.000000 21.100000 26
162000.000000 21.100000 26
#CELLS
1 0 0 1 1 1 26
1 0 0 1 1 1 26
1 0 0 1 1 1 26
1 0 0 1 1 1 26
1 0 0 1 1 1 26
1 0 0 1 1 1 26
1 0 0 1 1 1 26
1 0 0 1 1 1 26
2 0 0 1 1 1 26
2 0 1 1 1 1 26
2 0 1 1 1 1 26
2 0 1 1 1 1 26
2 0 1 1 1 1 26
2 0 0 1 1 1 26
2 0 0 1 1 1 26
2 0 0 1 1 1 26
3 0 0 1 1 1 26
3 0 0 1 1 1 26
3 0 0 1 1 1 26
3 0 0 1 1 1 26
3 0 0 1 1 1 26
3 0 0 1 1 1 26
3 0 0 1 1 1 26
3 0 0 1 1 1 26
#SOLUTION-AFT
 8  0  17 
 6  13  19 
 9  22  4 
 1  14  21 
 10  2  20 
 7  18  12 
 5  23  15 
 3  16  11 
#SOLUTION-FWD
 8  0  17 
 6  13  19 
 9  22  4 
 1  14  21 
 10  2  20 
 7  18  12 
 5  23  15 
 3  16  11 
#INFO
cap20: 0  cap40: 23  reefer: 3  HC: 4  capacity: 95.833333 TEU: 48