2 40 0 5 45 1 9
#POD
5 7 
#LOCATIONS
55 
#CONTAINERS_TOLOAD
0 0 0 12900.00 2.90 40 7 1 55 0
0 0 0 23300.00 2.90 40 5 1 55 0
0 0 0 24900.00 2.90 40 7 1 55 0
0 0 0 8000.00 2.59 40 5 0 55 0
0 0 0 15400.00 2.90 40 7 1 55 0
0 0 0 26400.00 2.90 40 5 1 55 0
0 0 0 23500.00 2.90 40 5 1 55 0
0 0 0 24400.00 2.90 40 7 1 55 0
0 0 0 13800.00 2.90 40 7 1 55 0
0 0 0 24200.00 2.90 40 7 1 55 0
0 0 0 15300.00 2.90 40 7 1 55 0
0 0 0 23100.00 2.90 40 5 1 55 0
0 0 0 23300.00 2.90 40 5 1 55 0
0 0 0 14900.00 2.90 40 7 1 55 0
0 0 0 23100.00 2.90 40 5 1 55 0
0 0 0 7500.00 2.59 40 5 0 55 0
0 0 0 23700.00 2.90 40 5 1 55 0
0 0 0 23500.00 2.90 40 5 1 55 0
0 0 0 23200.00 2.90 40 5 1 55 0
0 0 0 15400.00 2.90 40 7 1 55 0
0 0 0 24500.00 2.90 40 7 1 55 0
0 0 0 24000.00 2.90 40 5 1 55 0
0 0 0 23000.00 2.90 40 5 1 55 0
0 0 0 23100.00 2.90 40 5 1 55 0
0 0 0 25600.00 2.90 40 5 1 55 0
0 0 0 5900.00 2.59 40 5 0 55 0
0 0 0 24620.00 2.90 40 7 1 55 0
0 0 0 24600.00 2.90 40 7 1 55 0
0 0 0 24600.00 2.90 40 7 1 55 0
0 0 0 15400.00 2.90 40 7 1 55 0
0 0 0 7900.00 2.59 40 5 0 55 0
0 0 0 24200.00 2.90 40 7 1 55 0
0 0 0 9600.00 2.59 40 5 0 55 0
0 0 0 24700.00 2.90 40 7 1 55 0
0 0 0 24300.00 2.90 40 7 1 55 0
0 0 0 9800.00 2.59 40 5 0 55 0
0 0 0 25300.00 2.90 40 7 1 55 0
0 0 0 24700.00 2.90 40 7 1 55 0
0 0 0 24300.00 2.90 40 5 1 55 0
0 0 0 24400.00 2.90 40 7 1 55 0
#CONTAINERS_LOADED 
#STACKS
420000.000000 23.800000 55
420000.000000 23.800000 55
420000.000000 23.800000 55
420000.000000 23.800000 55
420000.000000 23.800000 55
#CELLS
1 0 1 1 1 1 55
1 0 1 1 1 1 55
1 0 1 1 1 1 55
1 0 1 1 1 1 55
1 0 1 0 0 1 55
1 0 1 0 0 1 55
1 0 1 0 0 1 55
1 0 0 0 0 1 55
1 0 0 0 0 1 55
2 0 1 1 1 1 55
2 0 1 1 1 1 55
2 0 1 1 1 1 55
2 0 1 1 1 1 55
2 0 1 0 0 1 55
2 0 1 0 0 1 55
2 0 1 0 0 1 55
2 0 0 0 0 1 55
2 0 0 0 0 1 55
3 0 1 1 1 1 55
3 0 1 1 1 1 55
3 0 1 1 1 1 55
3 0 1 1 1 1 55
3 0 1 0 0 1 55
3 0 1 0 0 1 55
3 0 1 0 0 1 55
3 0 0 0 0 1 55
3 0 0 0 0 1 55
4 0 1 1 1 1 55
4 0 1 1 1 1 55
4 0 1 1 1 1 55
4 0 1 1 1 1 55
4 0 1 0 0 1 55
4 0 1 0 0 1 55
4 0 1 0 0 1 55
4 0 0 0 0 1 55
4 0 0 0 0 1 55
5 0 1 1 1 1 55
5 0 1 1 1 1 55
5 0 1 1 1 1 55
5 0 1 1 1 1 55
5 0 1 0 0 1 55
5 0 1 0 0 1 55
5 0 1 0 0 1 55
5 0 0 0 0 1 55
5 0 0 0 0 1 55
#SOLUTION-AFT
 0  0  0  0  0 
 26  4  36  33  31 
 16  30  28  7  23 
 1  32  29  18  24 
 9  10  27  17  15 
 14  35  38  22  12 
 11  40  34  39  19 
 20  8  3  25  2 
 5  21  37  6  13 
#SOLUTION-FWD
 0  0  0  0  0 
 26  4  36  33  31 
 16  30  28  7  23 
 1  32  29  18  24 
 9  10  27  17  15 
 14  35  38  22  12 
 11  40  34  39  19 
 20  8  3  25  2 
 5  21  37  6  13 
#INFO
cap20: 0  cap40: 40  reefer: 34  HC: 34  capacity: 88.888889 TEU: 90