1 33 0 4 36 1 9
#POD
2 
#LOCATIONS
50 
#CONTAINERS_TOLOAD
0 0 0 19004.00 2.90 40 2 0 50 0
0 0 0 29630.00 2.59 40 2 0 50 0
0 0 0 29520.00 2.59 40 2 0 50 0
0 0 0 20846.00 2.90 40 2 0 50 0
0 0 0 19633.00 2.90 40 2 0 50 0
0 0 0 29540.00 2.59 40 2 0 50 0
0 0 0 29440.00 2.59 40 2 0 50 0
0 0 0 21650.00 2.90 40 2 0 50 0
0 0 0 29560.00 2.59 40 2 0 50 0
0 0 0 20916.00 2.90 40 2 0 50 0
0 0 0 20572.00 2.90 40 2 0 50 0
0 0 0 20147.00 2.90 40 2 0 50 0
0 0 0 21935.00 2.90 40 2 0 50 0
0 0 0 29548.00 2.59 40 2 0 50 0
0 0 0 21696.00 2.90 40 2 0 50 0
0 0 0 21446.00 2.90 40 2 0 50 0
0 0 0 29480.00 2.59 40 2 0 50 0
0 0 0 29548.00 2.59 40 2 0 50 0
0 0 0 29640.00 2.59 40 2 0 50 0
0 0 0 29490.00 2.59 40 2 0 50 0
0 0 0 19570.00 2.90 40 2 0 50 0
0 0 0 29399.00 2.59 40 2 0 50 0
0 0 0 21814.00 2.90 40 2 0 50 0
0 0 0 21328.00 2.90 40 2 0 50 0
0 0 0 29635.00 2.59 40 2 0 50 0
0 0 0 29500.00 2.59 40 2 0 50 0
0 0 0 20682.00 2.90 40 2 0 50 0
0 0 0 29400.00 2.59 40 2 0 50 0
0 0 0 19996.00 2.90 40 2 0 50 0
0 0 0 19049.00 2.90 40 2 0 50 0
0 0 0 29440.00 2.59 40 2 0 50 0
0 0 0 29460.00 2.59 40 2 0 50 0
0 0 0 29650.00 2.59 40 2 0 50 0
#CONTAINERS_LOADED 
#STACKS
378000.000000 21.280000 50
378000.000000 23.870000 50
378000.000000 23.870000 50
378000.000000 23.870000 50
#CELLS
1 0 0 0 0 0 0
1 0 0 1 1 1 50
1 0 0 1 1 1 50
1 0 0 1 1 1 50
1 0 0 1 1 1 50
1 0 0 1 1 1 50
1 0 0 1 1 1 50
1 0 0 1 1 1 50
1 0 0 1 1 1 50
2 0 0 1 1 1 50
2 0 0 1 1 1 50
2 0 0 1 1 1 50
2 0 0 1 1 1 50
2 0 0 1 1 1 50
2 0 0 1 1 1 50
2 0 0 1 1 1 50
2 0 0 1 1 1 50
2 0 0 1 1 1 50
3 0 0 1 1 1 50
3 0 0 1 1 1 50
3 0 0 1 1 1 50
3 0 0 1 1 1 50
3 0 0 1 1 1 50
3 0 0 1 1 1 50
3 0 0 1 1 1 50
3 0 0 1 1 1 50
3 0 0 1 1 1 50
4 0 0 1 1 1 50
4 0 0 1 1 1 50
4 0 0 1 1 1 50
4 0 0 1 1 1 50
4 0 0 1 1 1 50
4 0 0 1 1 1 50
4 0 0 1 1 1 50
4 0 0 1 1 1 50
4 0 0 1 1 1 50
#SOLUTION-AFT
 0  0  6  28 
 22  13  18  31 
 23  15  14  7 
 16  11  9  32 
 5  30  2  17 
 21  8  25  20 
 1  10  19  26 
 29  4  33  3 
 0  12  24  27 
#SOLUTION-FWD
 0  0  6  28 
 22  13  18  31 
 23  15  14  7 
 16  11  9  32 
 5  30  2  17 
 21  8  25  20 
 1  10  19  26 
 29  4  33  3 
 0  12  24  27 
#INFO
cap20: 0  cap40: 33  reefer: 0  HC: 16  capacity: 94.285714 TEU: 70