1 69 0 10 110 1 11
#POD
3 
#LOCATIONS
3 
#CONTAINERS_TOLOAD
0 0 0 5200.00 2.59 20 3 0 3 0
0 0 0 4299.00 2.59 20 3 0 3 0
0 0 0 9699.00 2.59 40 3 0 3 0
0 0 0 4700.00 2.59 20 3 0 3 0
0 0 0 6200.00 2.59 20 3 0 3 0
0 0 0 6400.00 2.59 20 3 0 3 0
0 0 0 5700.00 2.59 20 3 0 3 0
0 0 0 6200.00 2.59 20 3 0 3 0
0 0 0 8199.00 2.90 40 3 0 3 0
0 0 0 6000.00 2.59 20 3 0 3 0
0 0 0 4700.00 2.59 20 3 0 3 0
0 0 0 6200.00 2.59 20 3 0 3 0
0 0 0 4099.00 2.59 20 3 0 3 0
0 0 0 4000.00 2.59 20 3 0 3 0
0 0 0 4299.00 2.59 20 3 0 3 0
0 0 0 9699.00 2.59 40 3 0 3 0
0 0 0 5400.00 2.59 20 3 0 3 0
0 0 0 5900.00 2.59 20 3 0 3 0
0 0 0 6200.00 2.59 20 3 0 3 0
0 0 0 5299.00 2.59 20 3 0 3 0
0 0 0 3500.00 2.59 20 3 0 3 0
0 0 0 5000.00 2.59 20 3 0 3 0
0 0 0 5500.00 2.59 20 3 0 3 0
0 0 0 5099.00 2.59 20 3 0 3 0
0 0 0 5400.00 2.59 20 3 0 3 0
0 0 0 6000.00 2.59 20 3 0 3 0
0 0 0 5099.00 2.59 20 3 0 3 0
0 0 0 5500.00 2.59 20 3 0 3 0
0 0 0 5700.00 2.59 20 3 0 3 0
0 0 0 5400.00 2.59 20 3 0 3 0
0 0 0 6099.00 2.59 20 3 0 3 0
0 0 0 6000.00 2.59 20 3 0 3 0
0 0 0 6200.00 2.59 20 3 0 3 0
0 0 0 5299.00 2.59 20 3 0 3 0
0 0 0 5299.00 2.59 20 3 0 3 0
0 0 0 8300.00 2.90 40 3 0 3 0
0 0 0 5500.00 2.59 20 3 0 3 0
0 0 0 6200.00 2.59 20 3 0 3 0
0 0 0 4599.00 2.59 20 3 0 3 0
0 0 0 5200.00 2.59 20 3 0 3 0
0 0 0 5799.00 2.59 20 3 0 3 0
0 0 0 3399.00 2.59 20 3 0 3 0
0 0 0 6000.00 2.59 20 3 0 3 0
0 0 0 8300.00 2.90 40 3 0 3 0
0 0 0 5299.00 2.59 20 3 0 3 0
0 0 0 6200.00 2.59 20 3 0 3 0
0 0 0 4099.00 2.59 20 3 0 3 0
0 0 0 5200.00 2.59 20 3 0 3 0
0 0 0 8199.00 2.90 40 3 0 3 0
0 0 0 4799.00 2.59 20 3 0 3 0
0 0 0 6200.00 2.59 20 3 0 3 0
0 0 0 5000.00 2.59 20 3 0 3 0
0 0 0 6200.00 2.59 20 3 0 3 0
0 0 0 4799.00 2.59 20 3 0 3 0
0 0 0 4500.00 2.59 20 3 0 3 0
0 0 0 5200.00 2.59 20 3 0 3 0
0 0 0 4200.00 2.59 20 3 0 3 0
0 0 0 3799.00 2.59 20 3 0 3 0
0 0 0 4200.00 2.59 20 3 0 3 0
0 0 0 8300.00 2.90 40 3 0 3 0
0 0 0 4200.00 2.59 20 3 0 3 0
0 0 0 4200.00 2.59 20 3 0 3 0
0 0 0 5299.00 2.59 20 3 0 3 0
0 0 0 6200.00 2.59 20 3 0 3 0
0 0 0 6500.00 2.59 20 3 0 3 0
0 0 0 5200.00 2.59 20 3 0 3 0
0 0 0 5700.00 2.59 20 3 0 3 0
0 0 0 4900.00 2.59 20 3 0 3 0
0 0 0 6200.00 2.59 20 3 0 3 0
#CONTAINERS_LOADED 
#STACKS
270000.000000 5.890000 3
270000.000000 5.890000 3
270000.000000 8.790000 3
270000.000000 11.710000 3
270000.000000 23.340000 3
270000.000000 23.340000 3
270000.000000 11.710000 3
270000.000000 8.790000 3
270000.000000 5.890000 3
270000.000000 5.890000 3
#CELLS
1 0 0 0 0 0 0
1 0 0 0 0 0 0
1 0 0 0 0 0 0
1 0 0 0 0 0 0
1 0 0 0 0 0 0
1 0 0 0 0 0 0
1 0 0 0 0 0 0
1 0 0 0 0 0 0
1 0 0 1 1 1 3
1 0 0 1 1 1 3
1 0 0 0 0 0 0
2 0 0 0 0 0 0
2 0 0 0 0 0 0
2 0 0 0 0 0 0
2 0 0 0 0 0 0
2 0 0 0 0 0 0
2 0 0 0 0 0 0
2 0 0 0 0 0 0
2 0 0 0 0 0 0
2 0 0 1 1 1 3
2 0 0 1 1 1 3
2 0 0 0 0 0 0
3 0 0 0 0 0 0
3 0 0 0 0 0 0
3 0 0 0 0 0 0
3 0 0 0 0 0 0
3 0 0 0 0 0 0
3 0 0 0 0 0 0
3 0 0 0 0 0 0
3 0 0 1 1 1 3
3 0 0 1 1 1 3
3 0 0 1 1 1 3
3 0 0 0 0 0 0
4 0 0 0 0 0 0
4 0 0 0 0 0 0
4 0 0 0 0 0 0
4 0 0 0 0 0 0
4 0 0 0 0 0 0
4 0 0 0 0 0 0
4 0 0 1 1 1 3
4 0 0 1 1 1 3
4 0 0 1 1 1 3
4 0 0 1 1 1 3
4 0 0 0 0 0 0
5 0 0 0 0 0 0
5 0 0 0 0 0 0
5 0 0 1 1 1 3
5 0 0 1 1 1 3
5 0 0 1 1 1 3
5 0 0 1 1 1 3
5 0 0 1 1 1 3
5 0 0 1 1 1 3
5 0 0 1 1 1 3
5 0 0 1 1 1 3
5 0 0 0 0 0 0
6 0 0 0 0 0 0
6 0 0 0 0 0 0
6 0 0 1 1 1 3
6 0 0 1 1 1 3
6 0 0 1 1 1 3
6 0 0 1 1 1 3
6 0 0 1 1 1 3
6 0 0 1 1 1 3
6 0 0 1 1 1 3
6 0 0 1 1 1 3
6 0 0 0 0 0 0
7 0 0 0 0 0 0
7 0 0 0 0 0 0
7 0 0 0 0 0 0
7 0 0 0 0 0 0
7 0 0 0 0 0 0
7 0 0 0 0 0 0
7 0 0 1 1 1 3
7 0 0 1 1 1 3
7 0 0 1 1 1 3
7 0 0 1 1 1 3
7 0 0 0 0 0 0
8 0 0 0 0 0 0
8 0 0 0 0 0 0
8 0 0 0 0 0 0
8 0 0 0 0 0 0
8 0 0 0 0 0 0
8 0 0 0 0 0 0
8 0 0 0 0 0 0
8 0 0 1 1 1 3
8 0 0 1 1 1 3
8 0 0 1 1 1 3
8 0 0 0 0 0 0
9 0 0 0 0 0 0
9 0 0 0 0 0 0
9 0 0 0 0 0 0
9 0 0 0 0 0 0
9 0 0 0 0 0 0
9 0 0 0 0 0 0
9 0 0 0 0 0 0
9 0 0 0 0 0 0
9 0 0 1 1 1 3
9 0 0 1 1 1 3
9 0 0 0 0 0 0
10 0 0 0 0 0 0
10 0 0 0 0 0 0
10 0 0 0 0 0 0
10 0 0 0 0 0 0
10 0 0 0 0 0 0
10 0 0 0 0 0 0
10 0 0 0 0 0 0
10 0 0 0 0 0 0
10 0 0 1 1 1 3
10 0 0 1 1 1 3
10 0 0 0 0 0 0
#SOLUTION-AFT
 0  0  0  0  0  0  0  0  0  0 
 42  13  61  52  60  36  66  44  49  16 
 58  59  2  22  17  31  63  4  9  3 
 0  0  39  24  37  53  20  50  0  0 
 0  0  0  48  29  8  34  0  0  0 
 0  0  0  0  7  46  0  0  0  0 
 0  0  0  0  18  64  0  0  0  0 
 0  0  0  0  10  69  0  0  0  0 
 0  0  0  0  43  65  0  0  0  0 
 0  0  0  0  0  0  0  0  0  0 
 0  0  0  0  0  0  0  0  0  0 
#SOLUTION-FWD
 0  0  0  0  0  0  0  0  0  0 
 21  47  62  68  60  36  56  44  49  16 
 14  57  15  27  30  38  35  11  9  3 
 0  0  55  1  23  12  45  54  0  0 
 0  0  0  40  28  33  25  0  0  0 
 0  0  0  0  67  51  0  0  0  0 
 0  0  0  0  41  19  0  0  0  0 
 0  0  0  0  26  5  0  0  0  0 
 0  0  0  0  32  6  0  0  0  0 
 0  0  0  0  0  0  0  0  0  0 
 0  0  0  0  0  0  0  0  0  0 
#INFO
cap20: 62  cap40: 7  reefer: 0  HC: 5  capacity: 100.000000 TEU: 76