1 95 0 8 56 1 7
#POD
3 
#LOCATIONS
23 
#CONTAINERS_TOLOAD
0 0 0 4000.00 2.59 40 3 0 23 0
0 0 0 4000.00 2.59 40 3 0 23 0
0 0 0 2500.00 2.59 20 3 0 23 0
0 0 0 2500.00 2.59 20 3 0 23 0
0 0 0 2500.00 2.59 20 3 0 23 0
0 0 0 2500.00 2.59 20 3 0 23 0
0 0 0 2500.00 2.59 20 3 0 23 0
0 0 0 4000.00 2.59 40 3 0 23 0
0 0 0 2500.00 2.59 20 3 0 23 0
0 0 0 2500.00 2.59 20 3 0 23 0
0 0 0 2500.00 2.59 20 3 0 23 0
0 0 0 2500.00 2.59 20 3 0 23 0
0 0 0 2500.00 2.59 20 3 0 23 0
0 0 0 2500.00 2.59 20 3 0 23 0
0 0 0 2500.00 2.59 20 3 0 23 0
0 0 0 2500.00 2.59 20 3 0 23 0
0 0 0 2500.00 2.59 20 3 0 23 0
0 0 0 4000.00 2.59 40 3 0 23 0
0 0 0 2500.00 2.59 20 3 0 23 0
0 0 0 2500.00 2.59 20 3 0 23 0
0 0 0 2500.00 2.59 20 3 0 23 0
0 0 0 2500.00 2.59 20 3 0 23 0
0 0 0 2500.00 2.59 20 3 0 23 0
0 0 0 2500.00 2.59 20 3 0 23 0
0 0 0 2500.00 2.59 20 3 0 23 0
0 0 0 2500.00 2.59 20 3 0 23 0
0 0 0 2500.00 2.59 20 3 0 23 0
0 0 0 2500.00 2.59 20 3 0 23 0
0 0 0 2500.00 2.59 20 3 0 23 0
0 0 0 2500.00 2.59 20 3 0 23 0
0 0 0 2500.00 2.59 20 3 0 23 0
0 0 0 2500.00 2.59 20 3 0 23 0
0 0 0 2500.00 2.59 20 3 0 23 0
0 0 0 2500.00 2.59 20 3 0 23 0
0 0 0 2500.00 2.59 20 3 0 23 0
0 0 0 2500.00 2.59 20 3 0 23 0
0 0 0 2500.00 2.59 20 3 0 23 0
0 0 0 2500.00 2.59 20 3 0 23 0
0 0 0 2500.00 2.59 20 3 0 23 0
0 0 0 2500.00 2.59 20 3 0 23 0
0 0 0 2500.00 2.59 20 3 0 23 0
0 0 0 2500.00 2.59 20 3 0 23 0
0 0 0 2500.00 2.59 20 3 0 23 0
0 0 0 2500.00 2.59 20 3 0 23 0
0 0 0 2500.00 2.59 20 3 0 23 0
0 0 0 2500.00 2.59 20 3 0 23 0
0 0 0 2500.00 2.59 20 3 0 23 0
0 0 0 2500.00 2.59 20 3 0 23 0
0 0 0 2500.00 2.59 20 3 0 23 0
0 0 0 4000.00 2.59 40 3 0 23 0
0 0 0 2500.00 2.59 20 3 0 23 0
0 0 0 2500.00 2.59 20 3 0 23 0
0 0 0 2500.00 2.59 20 3 0 23 0
0 0 0 2500.00 2.59 20 3 0 23 0
0 0 0 2500.00 2.59 20 3 0 23 0
0 0 0 2500.00 2.59 20 3 0 23 0
0 0 0 2500.00 2.59 20 3 0 23 0
0 0 0 2500.00 2.59 20 3 0 23 0
0 0 0 2500.00 2.59 20 3 0 23 0
0 0 0 2500.00 2.59 20 3 0 23 0
0 0 0 2500.00 2.59 20 3 0 23 0
0 0 0 2500.00 2.59 20 3 0 23 0
0 0 0 2500.00 2.59 20 3 0 23 0
0 0 0 2500.00 2.59 20 3 0 23 0
0 0 0 2500.00 2.59 20 3 0 23 0
0 0 0 2500.00 2.59 20 3 0 23 0
0 0 0 2500.00 2.59 20 3 0 23 0
0 0 0 2500.00 2.59 20 3 0 23 0
0 0 0 2500.00 2.59 20 3 0 23 0
0 0 0 2500.00 2.59 20 3 0 23 0
0 0 0 2500.00 2.59 20 3 0 23 0
0 0 0 2500.00 2.59 20 3 0 23 0
0 0 0 2500.00 2.59 20 3 0 23 0
0 0 0 2500.00 2.59 20 3 0 23 0
0 0 0 2500.00 2.59 20 3 0 23 0
0 0 0 2500.00 2.59 20 3 0 23 0
0 0 0 2500.00 2.59 20 3 0 23 0
0 0 0 2500.00 2.59 20 3 0 23 0
0 0 0 2500.00 2.59 20 3 0 23 0
0 0 0 2500.00 2.59 20 3 0 23 0
0 0 0 2500.00 2.59 20 3 0 23 0
0 0 0 2500.00 2.59 20 3 0 23 0
0 0 0 2500.00 2.59 20 3 0 23 0
0 0 0 2500.00 2.59 20 3 0 23 0
0 0 0 2500.00 2.59 20 3 0 23 0
0 0 0 4000.00 2.59 40 3 0 23 0
0 0 0 4000.00 2.59 40 3 0 23 0
0 0 0 2500.00 2.59 20 3 0 23 0
0 0 0 4000.00 2.59 40 3 0 23 0
0 0 0 4000.00 2.59 40 3 0 23 0
0 0 0 4000.00 2.59 40 3 0 23 0
0 0 0 4000.00 2.59 40 3 0 23 0
0 0 0 2500.00 2.59 20 3 0 23 0
0 0 0 4000.00 2.59 40 3 0 23 0
0 0 0 4000.00 2.59 40 3 0 23 0
#CONTAINERS_LOADED 
#STACKS
240000.000000 16.100000 23
240000.000000 18.690000 23
240000.000000 18.690000 23
240000.000000 18.690000 23
240000.000000 18.690000 23
240000.000000 18.690000 23
240000.000000 18.690000 23
240000.000000 16.100000 23
#CELLS
1 0 0 0 0 0 0
1 0 1 1 1 1 23
1 0 1 1 1 1 23
1 0 1 1 1 1 23
1 0 0 1 1 1 23
1 0 0 1 1 1 23
1 0 0 1 1 1 23
2 0 1 1 1 1 23
2 0 1 1 1 1 23
2 0 1 1 1 1 23
2 0 1 1 1 1 23
2 0 1 1 1 1 23
2 0 0 1 1 1 23
2 0 0 1 1 1 23
3 0 1 1 1 1 23
3 0 1 1 1 1 23
3 0 1 1 1 1 23
3 0 1 1 1 1 23
3 0 1 1 1 1 23
3 0 0 1 1 1 23
3 0 0 1 1 1 23
4 0 1 1 1 1 23
4 0 1 1 1 1 23
4 0 1 1 1 1 23
4 0 1 1 1 1 23
4 0 1 1 1 1 23
4 0 0 1 1 1 23
4 0 0 1 1 1 23
5 0 1 1 1 1 23
5 0 1 1 1 1 23
5 0 1 1 1 1 23
5 0 1 1 1 1 23
5 0 1 1 1 1 23
5 0 0 1 1 1 23
5 0 0 1 1 1 23
6 0 1 1 1 1 23
6 0 1 1 1 1 23
6 0 1 1 1 1 23
6 0 1 1 1 1 23
6 0 1 1 1 1 23
6 0 0 1 1 1 23
6 0 0 1 1 1 23
7 0 1 1 1 1 23
7 0 1 1 1 1 23
7 0 1 1 1 1 23
7 0 1 1 1 1 23
7 0 1 1 1 1 23
7 0 0 1 1 1 23
7 0 0 1 1 1 23
8 0 0 0 0 0 0
8 0 1 1 1 1 23
8 0 1 1 1 1 23
8 0 1 1 1 1 23
8 0 0 1 1 1 23
8 0 0 1 1 1 23
8 0 0 1 1 1 23
#SOLUTION-AFT
 81  13  43  74  38  29  90  50 
 33  63  26  59  58  47  18  92 
 14  36  37  83  28  64  94  89 
 42  68  84  66  10  73  2  87 
 72  82  51  27  45  78  8  86 
 25  93  40  44  77  75  91  1 
 0  6  11  5  4  7  95  0 
#SOLUTION-FWD
 16  21  17  70  80  15  90  50 
 49  56  52  12  62  76  18  92 
 23  57  79  85  35  41  94  89 
 22  88  34  30  19  24  2  87 
 71  31  67  3  32  54  8  86 
 65  55  53  9  46  61  91  1 
 0  60  48  69  39  20  95  0 
#INFO
cap20: 82  cap40: 13  reefer: 0  HC: 0  capacity: 100.000000 TEU: 108