1 38 0 5 45 1 9
#POD
7 
#LOCATIONS
15 
#CONTAINERS_TOLOAD
0 0 0 12200.00 2.90 40 7 0 15 0
0 0 0 19000.00 2.90 40 7 0 15 0
0 0 0 17400.00 2.90 40 7 0 15 0
0 0 0 12200.00 2.90 40 7 0 15 0
0 0 0 20200.00 2.90 40 7 0 15 0
0 0 0 11600.00 2.90 40 7 0 15 0
0 0 0 11900.00 2.90 40 7 0 15 0
0 0 0 13400.00 2.90 40 7 0 15 0
0 0 0 11100.00 2.90 40 7 0 15 0
0 0 0 12100.00 2.90 40 7 0 15 0
0 0 0 12000.00 2.90 40 7 0 15 0
0 0 0 16880.00 2.90 40 7 0 15 0
0 0 0 12200.00 2.90 40 7 0 15 0
0 0 0 12000.00 2.90 40 7 0 15 0
0 0 0 12000.00 2.90 40 7 0 15 0
0 0 0 13100.00 2.90 40 7 0 15 0
0 0 0 10800.00 2.90 40 7 0 15 0
0 0 0 12700.00 2.90 40 7 0 15 0
0 0 0 11600.00 2.90 40 7 0 15 0
0 0 0 16800.00 2.90 40 7 0 15 0
0 0 0 11000.00 2.90 40 7 0 15 0
0 0 0 11200.00 2.90 40 7 0 15 0
0 0 0 12600.00 2.90 40 7 0 15 0
0 0 0 12800.00 2.90 40 7 0 15 0
0 0 0 12100.00 2.90 40 7 0 15 0
0 0 0 11400.00 2.90 40 7 0 15 0
0 0 0 12000.00 2.90 40 7 0 15 0
0 0 0 16100.00 2.90 40 7 0 15 0
0 0 0 12900.00 2.90 40 7 0 15 0
0 0 0 16880.00 2.90 40 7 0 15 0
0 0 0 13000.00 2.90 40 7 0 15 0
0 0 0 12700.00 2.90 40 7 0 15 0
0 0 0 12400.00 2.90 40 7 0 15 0
0 0 0 11600.00 2.90 40 7 0 15 0
0 0 0 12700.00 2.90 40 7 0 15 0
0 0 0 11500.00 2.90 40 7 0 15 0
0 0 0 10800.00 2.90 40 7 0 15 0
0 0 0 12300.00 2.90 40 7 0 15 0
#CONTAINERS_LOADED 
#STACKS
420000.000000 21.200000 15
420000.000000 23.800000 15
420000.000000 23.800000 15
420000.000000 23.800000 15
420000.000000 21.200000 15
#CELLS
1 0 0 0 0 0 0
1 0 0 1 1 1 15
1 0 0 1 1 1 15
1 0 0 1 1 1 15
1 0 0 1 1 1 15
1 0 0 0 0 1 15
1 0 0 0 0 1 15
1 0 0 0 0 1 15
1 0 0 0 0 1 15
2 0 0 1 1 1 15
2 0 0 1 1 1 15
2 0 0 1 1 1 15
2 0 0 1 1 1 15
2 0 0 0 0 1 15
2 0 0 0 0 1 15
2 0 0 0 0 1 15
2 0 0 0 0 1 15
2 0 0 0 0 1 15
3 0 0 1 1 1 15
3 0 0 1 1 1 15
3 0 0 1 1 1 15
3 0 0 1 1 1 15
3 0 0 0 0 1 15
3 0 0 0 0 1 15
3 0 0 0 0 1 15
3 0 0 0 0 1 15
3 0 0 0 0 1 15
4 0 0 1 1 1 15
4 0 0 1 1 1 15
4 0 0 1 1 1 15
4 0 0 1 1 1 15
4 0 0 0 0 1 15
4 0 0 0 0 1 15
4 0 0 0 0 1 15
4 0 0 0 0 1 15
4 0 0 0 0 1 15
5 0 0 0 0 0 0
5 0 0 1 1 1 15
5 0 0 1 1 1 15
5 0 0 1 1 1 15
5 0 0 1 1 1 15
5 0 0 0 0 1 15
5 0 0 0 0 1 15
5 0 0 0 0 1 15
5 0 0 0 0 1 15
#SOLUTION-AFT
 0  0  0  0  0 
 37  34  32  13  26 
 17  7  35  4  36 
 21  27  18  1  19 
 9  11  24  38  6 
 22  14  29  33  12 
 28  15  31  23  30 
 20  25  16  2  3 
 0  10  8  5  0 
#SOLUTION-FWD
 0  0  0  0  0 
 37  34  32  13  26 
 17  7  35  4  36 
 21  27  18  1  19 
 9  11  24  38  6 
 22  14  29  33  12 
 28  15  31  23  30 
 20  25  16  2  3 
 0  10  8  5  0 
#INFO
cap20: 0  cap40: 38  reefer: 0  HC: 38  capacity: 88.372093 TEU: 86