1 12 0 4 36 1 9
#POD
5 
#LOCATIONS
77 
#CONTAINERS_TOLOAD
0 0 0 24360.00 2.59 20 5 0 77 0
0 0 0 24350.00 2.59 20 5 0 77 0
0 0 0 24440.00 2.59 20 5 0 77 0
0 0 0 24360.00 2.59 20 5 0 77 0
0 0 0 24350.00 2.59 20 5 0 77 0
0 0 0 24510.00 2.59 20 5 0 77 0
0 0 0 24390.00 2.59 20 5 0 77 0
0 0 0 24390.00 2.59 20 5 0 77 0
0 0 0 24470.00 2.59 20 5 0 77 0
0 0 0 24440.00 2.59 20 5 0 77 0
0 0 0 24470.00 2.59 20 5 0 77 0
0 0 0 24510.00 2.59 20 5 0 77 0
#CONTAINERS_LOADED 
#STACKS
184000.000000 18.310000 77
184000.000000 18.310000 77
184000.000000 18.310000 77
184000.000000 18.310000 77
#CELLS
1 0 0 0 0 0 0
1 0 0 0 0 0 0
1 0 0 1 1 1 77
1 0 0 1 1 1 77
1 0 0 1 1 1 77
1 0 0 1 1 1 77
1 0 0 1 1 1 77
1 0 0 1 1 1 77
1 0 0 1 1 1 77
2 0 0 0 0 0 0
2 0 0 0 0 0 0
2 0 0 1 1 1 77
2 0 0 1 1 1 77
2 0 0 1 1 1 77
2 0 0 1 1 1 77
2 0 0 1 1 1 77
2 0 0 1 1 1 77
2 0 0 1 1 1 77
3 0 0 0 0 0 0
3 0 0 0 0 0 0
3 0 0 1 1 1 77
3 0 0 1 1 1 77
3 0 0 1 1 1 77
3 0 0 1 1 1 77
3 0 0 1 1 1 77
3 0 0 1 1 1 77
3 0 0 1 1 1 77
4 0 0 0 0 0 0
4 0 0 0 0 0 0
4 0 0 1 1 1 77
4 0 0 1 1 1 77
4 0 0 1 1 1 77
4 0 0 1 1 1 77
4 0 0 1 1 1 77
4 0 0 1 1 1 77
4 0 0 1 1 1 77
#SOLUTION-AFT
 0  0  0  0 
 0  0  0  0 
 0  0  0  0 
 0  0  0  0 
 0  0  0  0 
 0  8  11  2 
 0  3  12  4 
 0  0  0  0 
 0  0  0  0 
#SOLUTION-FWD
 0  0  0  0 
 0  0  0  0 
 0  0  0  0 
 0  0  0  0 
 0  0  0  0 
 0  7  9  5 
 0  10  6  1 
 0  0  0  0 
 0  0  0  0 
#INFO
cap20: 12  cap40: 0  reefer: 0  HC: 0  capacity: 21.428571 TEU: 56