1 62 0 10 90 1 9
#POD
5 
#LOCATIONS
20 
#CONTAINERS_TOLOAD
0 0 0 11890.00 2.59 40 5 0 20 0
0 0 0 10000.00 2.59 20 5 0 20 0
0 0 0 25980.00 2.59 40 5 0 20 0
0 0 0 19500.00 2.59 20 5 0 20 0
0 0 0 24100.00 2.59 20 5 0 20 0
0 0 0 20170.00 2.59 20 5 0 20 0
0 0 0 19500.00 2.59 20 5 0 20 0
0 0 0 19700.00 2.59 20 5 0 20 0
0 0 0 19700.00 2.59 20 5 0 20 0
0 0 0 7765.00 2.90 40 5 0 20 0
0 0 0 9890.00 2.90 40 5 0 20 0
0 0 0 14387.00 2.90 40 5 0 20 0
0 0 0 12806.00 2.59 40 5 0 20 0
0 0 0 28350.00 2.59 40 5 0 20 0
0 0 0 15800.00 2.59 40 5 0 20 0
0 0 0 29840.00 2.90 40 5 0 20 0
0 0 0 14801.00 2.90 40 5 0 20 0
0 0 0 19500.00 2.59 20 5 0 20 0
0 0 0 16575.00 2.59 40 5 0 20 0
0 0 0 12077.00 2.59 40 5 0 20 0
0 0 0 22240.00 2.59 20 5 0 20 0
0 0 0 20130.00 2.59 40 5 0 20 0
0 0 0 18038.00 2.90 40 5 0 20 0
0 0 0 14801.00 2.90 40 5 0 20 0
0 0 0 8960.00 2.59 20 5 0 20 0
0 0 0 19500.00 2.59 20 5 0 20 0
0 0 0 9175.00 2.59 40 5 0 20 0
0 0 0 19930.00 2.59 40 5 0 20 0
0 0 0 10000.00 2.59 20 5 0 20 0
0 0 0 13575.00 2.59 20 5 0 20 0
0 0 0 29880.00 2.90 40 5 0 20 0
0 0 0 7975.00 2.59 20 5 0 20 0
0 0 0 22016.00 2.59 20 5 0 20 0
0 0 0 17880.00 2.90 40 5 0 20 0
0 0 0 18007.00 2.90 40 5 0 20 0
0 0 0 20300.00 2.59 20 5 0 20 0
0 0 0 16045.00 2.59 20 5 0 20 0
0 0 0 20300.00 2.59 20 5 0 20 0
0 0 0 19500.00 2.59 20 5 0 20 0
0 0 0 14801.00 2.90 40 5 0 20 0
0 0 0 14801.00 2.90 40 5 0 20 0
0 0 0 17840.00 2.90 40 5 0 20 0
0 0 0 3825.00 2.59 20 5 0 20 0
0 0 0 5252.00 2.59 20 5 0 20 0
0 0 0 19500.00 2.59 20 5 0 20 0
0 0 0 24632.00 2.59 20 5 0 20 0
0 0 0 26579.00 2.59 20 5 0 20 0
0 0 0 5602.00 2.59 20 5 0 20 0
0 0 0 20280.00 2.59 20 5 0 20 0
0 0 0 28350.00 2.59 40 5 0 20 0
0 0 0 15396.00 2.90 40 5 0 20 0
0 0 0 6790.00 2.59 20 5 0 20 0
0 0 0 10000.00 2.59 20 5 0 20 0
0 0 0 24240.00 2.59 20 5 0 20 0
0 0 0 11920.00 2.59 20 5 0 20 0
0 0 0 20300.00 2.59 20 5 0 20 0
0 0 0 19500.00 2.59 20 5 0 20 0
0 0 0 28000.00 2.59 40 5 0 20 0
0 0 0 19500.00 2.59 20 5 0 20 0
0 0 0 10000.00 2.59 20 5 0 20 0
0 0 0 19196.00 2.90 40 5 0 20 0
0 0 0 13016.00 2.59 40 5 0 20 0
#CONTAINERS_LOADED 
#STACKS
184000.000000 5.181600 20
184000.000000 10.363200 20
184000.000000 12.960000 20
184000.000000 15.550000 20
184000.000000 18.140000 20
184000.000000 18.140000 20
184000.000000 15.550000 20
184000.000000 12.960000 20
184000.000000 10.363200 20
184000.000000 5.181600 20
#CELLS
1 0 0 0 0 0 0
1 0 0 0 0 0 0
1 0 0 0 0 0 0
1 0 0 0 0 0 0
1 0 0 0 0 0 0
1 0 0 0 0 0 0
1 0 0 0 0 0 0
1 0 0 1 1 1 20
1 0 0 1 1 1 20
2 0 0 0 0 0 0
2 0 0 0 0 0 0
2 0 0 0 0 0 0
2 0 0 0 0 0 0
2 0 0 0 0 0 0
2 0 0 1 1 1 20
2 0 0 1 1 1 20
2 0 0 1 1 1 20
2 0 0 1 1 1 20
3 0 0 0 0 0 0
3 0 0 0 0 0 0
3 0 0 0 0 0 0
3 0 0 0 0 0 0
3 0 0 1 1 1 20
3 0 0 1 1 1 20
3 0 0 1 1 1 20
3 0 0 1 1 1 20
3 0 0 1 1 1 20
4 0 0 0 0 0 0
4 0 0 0 0 0 0
4 0 0 0 0 0 0
4 0 0 1 1 1 20
4 0 0 1 1 1 20
4 0 0 1 1 1 20
4 0 0 1 1 1 20
4 0 0 1 1 1 20
4 0 0 1 1 1 20
5 0 0 0 0 0 0
5 0 0 0 0 0 0
5 0 0 1 1 1 20
5 0 0 1 1 1 20
5 0 0 1 1 1 20
5 0 0 1 1 1 20
5 0 0 1 1 1 20
5 0 0 1 1 1 20
5 0 0 0 0 1 20
6 0 0 0 0 0 0
6 0 0 0 0 0 0
6 0 0 1 1 1 20
6 0 0 1 1 1 20
6 0 0 1 1 1 20
6 0 0 1 1 1 20
6 0 0 1 1 1 20
6 0 0 1 1 1 20
6 0 0 0 0 1 20
7 0 0 0 0 0 0
7 0 0 0 0 0 0
7 0 0 0 0 0 0
7 0 0 1 1 1 20
7 0 0 1 1 1 20
7 0 0 1 1 1 20
7 0 0 1 1 1 20
7 0 0 1 1 1 20
7 0 0 1 1 1 20
8 0 0 0 0 0 0
8 0 0 0 0 0 0
8 0 0 0 0 0 0
8 0 0 0 0 0 0
8 0 0 1 1 1 20
8 0 0 1 1 1 20
8 0 0 1 1 1 20
8 0 0 1 1 1 20
8 0 0 1 1 1 20
9 0 0 0 0 0 0
9 0 0 0 0 0 0
9 0 0 0 0 0 0
9 0 0 0 0 0 0
9 0 0 0 0 0 0
9 0 0 1 1 1 20
9 0 0 1 1 1 20
9 0 0 1 1 1 20
9 0 0 1 1 1 20
10 0 0 0 0 0 0
10 0 0 0 0 0 0
10 0 0 0 0 0 0
10 0 0 0 0 0 0
10 0 0 0 0 0 0
10 0 0 0 0 0 0
10 0 0 0 0 0 0
10 0 0 1 1 1 20
10 0 0 1 1 1 20
#SOLUTION-AFT
 27  20  0  0  0  19  58  3  26  7 
 1  13  10  40  34  28  50  36  4  59 
 0  62  11  41  35  22  14  38  9  0 
 0  15  12  17  23  25  43  21  6  0 
 0  0  24  51  61  2  52  46  0  0 
 0  0  0  42  16  53  47  0  0  0 
 0  0  0  0  31  37  0  0  0  0 
 0  0  0  0  0  0  0  0  0  0 
 0  0  0  0  0  0  0  0  0  0 
#SOLUTION-FWD
 27  20  0  0  0  19  58  3  57  39 
 1  13  10  40  34  28  50  56  18  45 
 0  62  11  41  35  22  14  33  8  0 
 0  15  12  17  23  60  44  5  49  0 
 0  0  24  51  61  29  48  54  0  0 
 0  0  0  42  16  55  32  0  0  0 
 0  0  0  0  31  30  0  0  0  0 
 0  0  0  0  0  0  0  0  0  0 
 0  0  0  0  0  0  0  0  0  0 
#INFO
cap20: 34  cap40: 28  reefer: 0  HC: 15  capacity: 93.750000 TEU: 96