1 19 0 3 24 1 8
#POD
5 
#LOCATIONS
17 
#CONTAINERS_TOLOAD
0 0 0 29020.00 2.59 20 5 0 17 0
0 0 0 27540.00 2.59 20 5 0 17 0
0 0 0 27510.00 2.59 20 5 0 17 0
0 0 0 22820.00 2.90 40 5 0 17 0
0 0 0 19660.00 2.59 20 5 0 17 0
0 0 0 28260.00 2.59 20 5 0 17 0
0 0 0 10000.00 2.59 20 5 0 17 0
0 0 0 28390.00 2.59 20 5 0 17 0
0 0 0 27610.00 2.59 20 5 0 17 0
0 0 0 28270.00 2.59 20 5 0 17 0
0 0 0 21180.00 2.59 20 5 0 17 0
0 0 0 27530.00 2.59 20 5 0 17 0
0 0 0 27680.00 2.90 40 5 0 17 0
0 0 0 12240.00 2.59 20 5 0 17 0
0 0 0 8240.00 2.59 20 5 0 17 0
0 0 0 27220.00 2.90 40 5 0 17 0
0 0 0 28060.00 2.59 20 5 0 17 0
0 0 0 28060.00 2.59 20 5 0 17 0
0 0 0 20760.00 2.59 20 5 0 17 0
#CONTAINERS_LOADED 
#STACKS
225400.000000 21.100000 17
225400.000000 21.100000 17
225400.000000 21.100000 17
#CELLS
1 0 0 1 1 1 17
1 0 0 1 1 1 17
1 0 0 1 1 1 17
1 0 0 1 1 1 17
1 0 0 1 1 1 17
1 0 0 1 1 1 17
1 0 0 1 1 1 17
1 0 0 0 0 1 17
2 0 0 1 1 1 17
2 0 0 1 1 1 17
2 0 0 1 1 1 17
2 0 0 1 1 1 17
2 0 0 1 1 1 17
2 0 0 1 1 1 17
2 0 0 1 1 1 17
2 0 0 0 0 1 17
3 0 0 1 1 1 17
3 0 0 1 1 1 17
3 0 0 1 1 1 17
3 0 0 1 1 1 17
3 0 0 1 1 1 17
3 0 0 1 1 1 17
3 0 0 1 1 1 17
3 0 0 0 0 1 17
#SOLUTION-AFT
 0  0  0 
 0  0  0 
 4  0  0 
 16  0  0 
 13  0  0 
 7  19  0 
 3  10  17 
 2  8  18 
#SOLUTION-FWD
 0  0  0 
 0  0  0 
 4  0  0 
 16  0  0 
 13  0  0 
 15  5  0 
 14  11  9 
 12  1  6 
#INFO
cap20: 16  cap40: 3  reefer: 0  HC: 3  capacity: 45.833333 TEU: 48