1 32 0 4 36 1 9
#POD
4 
#LOCATIONS
29 
#CONTAINERS_TOLOAD
0 0 0 19220.00 2.90 40 4 0 29 0
0 0 0 19201.00 2.90 40 4 0 29 0
0 0 0 19880.00 2.90 40 4 0 29 0
0 0 0 18390.00 2.90 40 4 0 29 0
0 0 0 18548.00 2.90 40 4 0 29 0
0 0 0 18786.00 2.90 40 4 0 29 0
0 0 0 18618.00 2.90 40 4 0 29 0
0 0 0 18450.00 2.90 40 4 0 29 0
0 0 0 19940.00 2.90 40 4 0 29 0
0 0 0 18880.00 2.90 40 4 0 29 0
0 0 0 18520.00 2.90 40 4 0 29 0
0 0 0 19210.00 2.90 40 4 0 29 0
0 0 0 19334.00 2.90 40 4 0 29 0
0 0 0 19219.00 2.90 40 4 0 29 0
0 0 0 19485.00 2.90 40 4 0 29 0
0 0 0 18758.00 2.90 40 4 0 29 0
0 0 0 19822.00 2.90 40 4 0 29 0
0 0 0 18320.00 2.90 40 4 0 29 0
0 0 0 400.00 2.90 40 4 0 29 0
0 0 0 400.00 2.90 40 4 0 29 0
0 0 0 400.00 2.90 40 4 0 29 0
0 0 0 400.00 2.90 40 4 0 29 0
0 0 0 400.00 2.90 40 4 0 29 0
0 0 0 20020.00 2.90 40 4 0 29 0
0 0 0 19621.00 2.90 40 4 0 29 0
0 0 0 19240.00 2.90 40 4 0 29 0
0 0 0 400.00 2.90 40 4 0 29 0
0 0 0 18210.00 2.90 40 4 0 29 0
0 0 0 400.00 2.90 40 4 0 29 0
0 0 0 400.00 2.90 40 4 0 29 0
0 0 0 400.00 2.90 40 4 0 29 0
0 0 0 400.00 2.90 40 4 0 29 0
#CONTAINERS_LOADED 
#STACKS
270000.000000 23.320000 29
270000.000000 23.320000 29
270000.000000 23.320000 29
270000.000000 23.320000 29
#CELLS
1 0 0 1 1 1 29
1 0 0 1 1 1 29
1 0 0 1 1 1 29
1 0 0 1 1 1 29
1 0 0 1 1 1 29
1 0 0 1 1 1 29
1 0 0 1 1 1 29
1 0 0 1 1 1 29
1 0 0 1 1 1 29
2 0 0 1 1 1 29
2 0 0 1 1 1 29
2 0 0 1 1 1 29
2 0 0 1 1 1 29
2 0 0 1 1 1 29
2 0 0 1 1 1 29
2 0 0 1 1 1 29
2 0 0 1 1 1 29
2 0 0 1 1 1 29
3 0 0 1 1 1 29
3 0 0 1 1 1 29
3 0 0 1 1 1 29
3 0 0 1 1 1 29
3 0 0 1 1 1 29
3 0 0 1 1 1 29
3 0 0 1 1 1 29
3 0 0 1 1 1 29
3 0 0 1 1 1 29
4 0 0 1 1 1 29
4 0 0 1 1 1 29
4 0 0 1 1 1 29
4 0 0 1 1 1 29
4 0 0 1 1 1 29
4 0 0 1 1 1 29
4 0 0 1 1 1 29
4 0 0 1 1 1 29
4 0 0 1 1 1 29
#SOLUTION-AFT
 0  0  0  0 
 29  23  30  7 
 27  26  31  16 
 28  13  32  6 
 18  15  19  10 
 4  25  20  2 
 8  17  22  12 
 11  3  21  14 
 5  9  24  1 
#SOLUTION-FWD
 0  0  0  0 
 29  23  30  7 
 27  26  31  16 
 28  13  32  6 
 18  15  19  10 
 4  25  20  2 
 8  17  22  12 
 11  3  21  14 
 5  9  24  1 
#INFO
cap20: 0  cap40: 32  reefer: 0  HC: 32  capacity: 88.888889 TEU: 72