1 61 0 8 64 1 8
#POD
6 
#LOCATIONS
27 
#CONTAINERS_TOLOAD
0 0 0 23480.00 2.90 40 6 0 27 0
0 0 0 5000.00 2.59 40 6 0 27 0
0 0 0 5000.00 2.59 40 6 0 27 0
0 0 0 5000.00 2.59 40 6 0 27 0
0 0 0 13813.00 2.59 40 6 0 27 0
0 0 0 19820.00 2.59 40 6 0 27 0
0 0 0 13696.00 2.59 40 6 0 27 0
0 0 0 23480.00 2.90 40 6 0 27 0
0 0 0 23480.00 2.90 40 6 0 27 0
0 0 0 21216.00 2.59 40 6 0 27 0
0 0 0 5000.00 2.59 40 6 0 27 0
0 0 0 20180.00 2.59 40 6 0 27 0
0 0 0 24150.00 2.59 40 6 0 27 0
0 0 0 15398.00 2.59 40 6 0 27 0
0 0 0 5000.00 2.59 40 6 0 27 0
0 0 0 5000.00 2.59 40 6 0 27 0
0 0 0 5000.00 2.59 40 6 0 27 0
0 0 0 5000.00 2.59 40 6 0 27 0
0 0 0 5000.00 2.59 40 6 0 27 0
0 0 0 5000.00 2.59 40 6 0 27 0
0 0 0 5000.00 2.59 40 6 0 27 0
0 0 0 5000.00 2.59 40 6 0 27 0
0 0 0 5000.00 2.59 40 6 0 27 0
0 0 0 5000.00 2.59 40 6 0 27 0
0 0 0 27548.00 2.59 40 6 0 27 0
0 0 0 27200.00 2.59 40 6 0 27 0
0 0 0 11510.00 2.59 40 6 0 27 0
0 0 0 18143.00 2.59 40 6 0 27 0
0 0 0 13268.00 2.59 40 6 0 27 0
0 0 0 15603.00 2.59 40 6 0 27 0
0 0 0 5000.00 2.59 40 6 0 27 0
0 0 0 21911.00 2.59 40 6 0 27 0
0 0 0 5000.00 2.59 40 6 0 27 0
0 0 0 5000.00 2.59 40 6 0 27 0
0 0 0 5000.00 2.59 40 6 0 27 0
0 0 0 5000.00 2.59 40 6 0 27 0
0 0 0 5000.00 2.59 40 6 0 27 0
0 0 0 5000.00 2.59 40 6 0 27 0
0 0 0 5000.00 2.59 40 6 0 27 0
0 0 0 5000.00 2.59 40 6 0 27 0
0 0 0 15303.00 2.59 40 6 0 27 0
0 0 0 5000.00 2.59 40 6 0 27 0
0 0 0 5000.00 2.59 40 6 0 27 0
0 0 0 5000.00 2.59 40 6 0 27 0
0 0 0 5000.00 2.59 40 6 0 27 0
0 0 0 13353.00 2.59 40 6 0 27 0
0 0 0 15063.00 2.59 40 6 0 27 0
0 0 0 23480.00 2.90 40 6 0 27 0
0 0 0 23040.00 2.90 40 6 0 27 0
0 0 0 12003.00 2.59 40 6 0 27 0
0 0 0 5000.00 2.59 40 6 0 27 0
0 0 0 16060.00 2.59 40 6 0 27 0
0 0 0 23030.00 2.90 40 6 0 27 0
0 0 0 11650.00 2.59 40 6 0 27 0
0 0 0 5000.00 2.59 40 6 0 27 0
0 0 0 5000.00 2.59 40 6 0 27 0
0 0 0 23440.00 2.90 40 6 0 27 0
0 0 0 5000.00 2.59 40 6 0 27 0
0 0 0 5000.00 2.59 40 6 0 27 0
0 0 0 27365.00 2.59 40 6 0 27 0
0 0 0 23303.00 2.90 40 6 0 27 0
#CONTAINERS_LOADED 
#STACKS
270000.000000 18.690000 27
270000.000000 21.290000 27
270000.000000 21.290000 27
270000.000000 21.290000 27
270000.000000 21.290000 27
270000.000000 21.290000 27
270000.000000 21.290000 27
270000.000000 18.690000 27
#CELLS
1 0 0 0 0 0 0
1 0 1 1 1 1 27
1 0 1 1 1 1 27
1 0 1 1 1 1 27
1 0 1 1 1 1 27
1 0 0 1 1 1 27
1 0 0 1 1 1 27
1 0 0 1 1 1 27
2 0 0 1 1 1 27
2 0 1 1 1 1 27
2 0 1 1 1 1 27
2 0 1 1 1 1 27
2 0 1 1 1 1 27
2 0 0 1 1 1 27
2 0 0 1 1 1 27
2 0 0 1 1 1 27
3 0 1 1 1 1 27
3 0 1 1 1 1 27
3 0 1 1 1 1 27
3 0 1 1 1 1 27
3 0 1 1 1 1 27
3 0 0 1 1 1 27
3 0 0 1 1 1 27
3 0 0 1 1 1 27
4 0 1 1 1 1 27
4 0 1 1 1 1 27
4 0 1 1 1 1 27
4 0 1 1 1 1 27
4 0 1 1 1 1 27
4 0 0 1 1 1 27
4 0 0 1 1 1 27
4 0 0 1 1 1 27
5 0 1 1 1 1 27
5 0 1 1 1 1 27
5 0 1 1 1 1 27
5 0 1 1 1 1 27
5 0 1 1 1 1 27
5 0 0 1 1 1 27
5 0 0 1 1 1 27
5 0 0 1 1 1 27
6 0 1 1 1 1 27
6 0 1 1 1 1 27
6 0 1 1 1 1 27
6 0 1 1 1 1 27
6 0 1 1 1 1 27
6 0 0 1 1 1 27
6 0 0 1 1 1 27
6 0 0 1 1 1 27
7 0 0 1 1 1 27
7 0 1 1 1 1 27
7 0 1 1 1 1 27
7 0 1 1 1 1 27
7 0 1 1 1 1 27
7 0 0 1 1 1 27
7 0 0 1 1 1 27
7 0 0 1 1 1 27
8 0 0 0 0 0 0
8 0 1 1 1 1 27
8 0 1 1 1 1 27
8 0 1 1 1 1 27
8 0 1 1 1 1 27
8 0 0 1 1 1 27
8 0 0 1 1 1 27
8 0 0 1 1 1 27
#SOLUTION-AFT
 29  35  39  45  0  12  27  34 
 46  36  40  44  59  10  54  31 
 7  37  42  51  56  32  14  33 
 5  38  43  55  58  8  30  22 
 47  19  16  4  2  13  52  23 
 41  20  17  11  3  26  28  24 
 53  21  18  15  50  60  6  49 
 0  61  9  1  48  25  57  0 
#SOLUTION-FWD
 29  35  39  45  0  12  27  34 
 46  36  40  44  59  10  54  31 
 7  37  42  51  56  32  14  33 
 5  38  43  55  58  8  30  22 
 47  19  16  4  2  13  52  23 
 41  20  17  11  3  26  28  24 
 53  21  18  15  50  60  6  49 
 0  61  9  1  48  25  57  0 
#INFO
cap20: 0  cap40: 61  reefer: 0  HC: 8  capacity: 98.387097 TEU: 124