1 86 0 10 90 1 9
#POD
2 
#LOCATIONS
35 
#CONTAINERS_TOLOAD
0 0 0 19004.00 2.59 40 2 0 35 0
0 0 0 20846.00 2.59 40 2 0 35 0
0 0 0 19633.00 2.59 40 2 0 35 0
0 0 0 21650.00 2.59 40 2 0 35 0
0 0 0 29690.00 2.59 40 2 0 35 0
0 0 0 20916.00 2.59 40 2 0 35 0
0 0 0 30000.00 2.59 40 2 0 35 0
0 0 0 20572.00 2.90 40 2 0 35 0
0 0 0 20147.00 2.90 40 2 0 35 0
0 0 0 21935.00 2.59 40 2 0 35 0
0 0 0 21696.00 2.59 40 2 0 35 0
0 0 0 21446.00 2.90 40 2 0 35 0
0 0 0 19570.00 2.59 40 2 0 35 0
0 0 0 21814.00 2.59 40 2 0 35 0
0 0 0 30000.00 2.59 40 2 0 35 0
0 0 0 21328.00 2.59 40 2 0 35 0
0 0 0 29710.00 2.59 40 2 0 35 0
0 0 0 20682.00 2.59 40 2 0 35 0
0 0 0 29830.00 2.59 40 2 0 35 0
0 0 0 29770.00 2.59 40 2 0 35 0
0 0 0 19996.00 2.90 40 2 0 35 0
0 0 0 29760.00 2.59 40 2 0 35 0
0 0 0 19049.00 2.59 40 2 0 35 0
0 0 0 30000.00 2.59 40 2 0 35 0
0 0 0 19299.00 2.59 40 2 0 35 0
0 0 0 30000.00 2.59 40 2 0 35 0
0 0 0 20194.00 2.59 40 2 0 35 0
0 0 0 29670.00 2.59 40 2 0 35 0
0 0 0 19482.00 2.59 40 2 0 35 0
0 0 0 19543.00 2.59 40 2 0 35 0
0 0 0 22239.00 2.90 40 2 0 35 0
0 0 0 29760.00 2.59 40 2 0 35 0
0 0 0 20460.00 2.59 40 2 0 35 0
0 0 0 19390.00 2.59 40 2 0 35 0
0 0 0 19015.00 2.90 40 2 0 35 0
0 0 0 19029.00 2.59 40 2 0 35 0
0 0 0 20238.00 2.59 40 2 0 35 0
0 0 0 20742.00 2.90 40 2 0 35 0
0 0 0 29997.00 2.59 40 2 0 35 0
0 0 0 20871.00 2.90 40 2 0 35 0
0 0 0 20971.00 2.59 40 2 0 35 0
0 0 0 20989.00 2.59 40 2 0 35 0
0 0 0 19544.00 2.59 40 2 0 35 0
0 0 0 21172.00 2.59 40 2 0 35 0
0 0 0 20477.00 2.90 40 2 0 35 0
0 0 0 20153.00 2.90 40 2 0 35 0
0 0 0 19186.00 2.90 40 2 0 35 0
0 0 0 20991.00 2.59 40 2 0 35 0
0 0 0 21566.00 2.59 40 2 0 35 0
0 0 0 29720.00 2.59 40 2 0 35 0
0 0 0 21629.00 2.59 40 2 0 35 0
0 0 0 20703.00 2.90 40 2 0 35 0
0 0 0 29690.00 2.59 40 2 0 35 0
0 0 0 19989.00 2.59 40 2 0 35 0
0 0 0 21870.00 2.59 40 2 0 35 0
0 0 0 21381.00 2.90 40 2 0 35 0
0 0 0 29700.00 2.59 40 2 0 35 0
0 0 0 22132.00 2.90 40 2 0 35 0
0 0 0 30000.00 2.59 40 2 0 35 0
0 0 0 22033.00 2.59 40 2 0 35 0
0 0 0 30000.00 2.59 40 2 0 35 0
0 0 0 20767.00 2.59 40 2 0 35 0
0 0 0 30000.00 2.59 40 2 0 35 0
0 0 0 29856.00 2.59 40 2 0 35 0
0 0 0 19466.00 2.90 40 2 0 35 0
0 0 0 20514.00 2.59 40 2 0 35 0
0 0 0 19771.00 2.59 40 2 0 35 0
0 0 0 21825.00 2.59 40 2 0 35 0
0 0 0 29707.00 2.59 40 2 0 35 0
0 0 0 30000.00 2.59 40 2 0 35 0
0 0 0 30000.00 2.59 40 2 0 35 0
0 0 0 19686.00 2.59 40 2 0 35 0
0 0 0 29790.00 2.59 40 2 0 35 0
0 0 0 21554.00 2.90 40 2 0 35 0
0 0 0 21764.00 2.59 40 2 0 35 0
0 0 0 22266.00 2.59 40 2 0 35 0
0 0 0 22275.00 2.59 40 2 0 35 0
0 0 0 29800.00 2.59 40 2 0 35 0
0 0 0 21003.00 2.59 40 2 0 35 0
0 0 0 20285.00 2.59 40 2 0 35 0
0 0 0 29810.00 2.59 40 2 0 35 0
0 0 0 19872.00 2.59 40 2 0 35 0
0 0 0 29700.00 2.59 40 2 0 35 0
0 0 0 30000.00 2.59 40 2 0 35 0
0 0 0 19974.00 2.59 40 2 0 35 0
0 0 0 21752.00 2.59 40 2 0 35 0
#CONTAINERS_LOADED 
#STACKS
378000.000000 21.280000 35
378000.000000 23.870000 35
378000.000000 23.870000 35
378000.000000 23.870000 35
378000.000000 23.870000 35
378000.000000 23.870000 35
378000.000000 23.870000 35
378000.000000 23.870000 35
378000.000000 23.870000 35
378000.000000 21.280000 35
#CELLS
1 0 0 0 0 0 0
1 0 0 1 1 1 35
1 0 0 1 1 1 35
1 0 0 1 1 1 35
1 0 0 1 1 1 35
1 0 0 1 1 1 35
1 0 0 1 1 1 35
1 0 0 1 1 1 35
1 0 0 1 1 1 35
2 0 0 1 1 1 35
2 0 0 1 1 1 35
2 0 0 1 1 1 35
2 0 0 1 1 1 35
2 0 0 1 1 1 35
2 0 0 1 1 1 35
2 0 0 1 1 1 35
2 0 0 1 1 1 35
2 0 0 1 1 1 35
3 0 0 1 1 1 35
3 0 0 1 1 1 35
3 0 0 1 1 1 35
3 0 0 1 1 1 35
3 0 0 1 1 1 35
3 0 0 1 1 1 35
3 0 0 1 1 1 35
3 0 0 1 1 1 35
3 0 0 1 1 1 35
4 0 0 1 1 1 35
4 0 0 1 1 1 35
4 0 0 1 1 1 35
4 0 0 1 1 1 35
4 0 0 1 1 1 35
4 0 0 1 1 1 35
4 0 0 1 1 1 35
4 0 0 1 1 1 35
4 0 0 1 1 1 35
5 0 0 1 1 1 35
5 0 0 1 1 1 35
5 0 0 1 1 1 35
5 0 0 1 1 1 35
5 0 0 1 1 1 35
5 0 0 1 1 1 35
5 0 0 1 1 1 35
5 0 0 1 1 1 35
5 0 0 1 1 1 35
6 0 0 1 1 1 35
6 0 0 1 1 1 35
6 0 0 1 1 1 35
6 0 0 1 1 1 35
6 0 0 1 1 1 35
6 0 0 1 1 1 35
6 0 0 1 1 1 35
6 0 0 1 1 1 35
6 0 0 1 1 1 35
7 0 0 1 1 1 35
7 0 0 1 1 1 35
7 0 0 1 1 1 35
7 0 0 1 1 1 35
7 0 0 1 1 1 35
7 0 0 1 1 1 35
7 0 0 1 1 1 35
7 0 0 1 1 1 35
7 0 0 1 1 1 35
8 0 0 1 1 1 35
8 0 0 1 1 1 35
8 0 0 1 1 1 35
8 0 0 1 1 1 35
8 0 0 1 1 1 35
8 0 0 1 1 1 35
8 0 0 1 1 1 35
8 0 0 1 1 1 35
8 0 0 1 1 1 35
9 0 0 1 1 1 35
9 0 0 1 1 1 35
9 0 0 1 1 1 35
9 0 0 1 1 1 35
9 0 0 1 1 1 35
9 0 0 1 1 1 35
9 0 0 1 1 1 35
9 0 0 1 1 1 35
9 0 0 1 1 1 35
10 0 0 0 0 0 0
10 0 0 1 1 1 35
10 0 0 1 1 1 35
10 0 0 1 1 1 35
10 0 0 1 1 1 35
10 0 0 1 1 1 35
10 0 0 1 1 1 35
10 0 0 1 1 1 35
10 0 0 1 1 1 35
#SOLUTION-AFT
 0  0  50  64  48  14  1  67  63  39 
 28  38  32  4  68  51  11  77  71  24 
 5  9  22  85  42  75  41  36  70  61 
 53  8  20  3  76  60  25  30  84  59 
 57  46  73  55  27  80  82  54  72  7 
 83  47  78  37  16  44  66  29  18  15 
 69  45  81  6  34  10  43  86  23  26 
 17  56  19  49  2  58  62  13  33  31 
 0  35  40  65  52  79  12  21  74  0 
#SOLUTION-FWD
 0  0  50  64  48  14  1  67  63  39 
 28  38  32  4  68  51  11  77  71  24 
 5  9  22  85  42  75  41  36  70  61 
 53  8  20  3  76  60  25  30  84  59 
 57  46  73  55  27  80  82  54  72  7 
 83  47  78  37  16  44  66  29  18  15 
 69  45  81  6  34  10  43  86  23  26 
 17  56  19  49  2  58  62  13  33  31 
 0  35  40  65  52  79  12  21  74  0 
#INFO
cap20: 0  cap40: 86  reefer: 0  HC: 16  capacity: 97.727273 TEU: 176