1 58 0 8 64 1 8
#POD
5 
#LOCATIONS
51 
#CONTAINERS_TOLOAD
0 0 0 5000.00 2.59 40 5 0 51 0
0 0 0 5000.00 2.59 40 5 0 51 0
0 0 0 5000.00 2.59 40 5 0 51 0
0 0 0 5000.00 2.59 40 5 0 51 0
0 0 0 5000.00 2.59 40 5 0 51 0
0 0 0 5000.00 2.59 40 5 0 51 0
0 0 0 5000.00 2.59 40 5 0 51 0
0 0 0 5000.00 2.59 40 5 0 51 0
0 0 0 5000.00 2.59 40 5 0 51 0
0 0 0 5000.00 2.59 40 5 0 51 0
0 0 0 5000.00 2.59 40 5 0 51 0
0 0 0 5000.00 2.59 40 5 0 51 0
0 0 0 5000.00 2.59 40 5 0 51 0
0 0 0 5000.00 2.59 40 5 0 51 0
0 0 0 5000.00 2.59 40 5 0 51 0
0 0 0 5000.00 2.59 40 5 0 51 0
0 0 0 5000.00 2.59 40 5 0 51 0
0 0 0 5000.00 2.59 40 5 0 51 0
0 0 0 5000.00 2.59 40 5 0 51 0
0 0 0 5000.00 2.59 40 5 0 51 0
0 0 0 5000.00 2.59 40 5 0 51 0
0 0 0 5000.00 2.59 40 5 0 51 0
0 0 0 5000.00 2.59 40 5 0 51 0
0 0 0 5000.00 2.59 40 5 0 51 0
0 0 0 5000.00 2.59 40 5 0 51 0
0 0 0 5000.00 2.59 40 5 0 51 0
0 0 0 5000.00 2.59 40 5 0 51 0
0 0 0 5000.00 2.59 40 5 0 51 0
0 0 0 5000.00 2.59 40 5 0 51 0
0 0 0 5000.00 2.59 40 5 0 51 0
0 0 0 5000.00 2.59 40 5 0 51 0
0 0 0 5000.00 2.59 40 5 0 51 0
0 0 0 5000.00 2.59 40 5 0 51 0
0 0 0 5000.00 2.59 40 5 0 51 0
0 0 0 5000.00 2.59 40 5 0 51 0
0 0 0 5000.00 2.59 40 5 0 51 0
0 0 0 5000.00 2.59 40 5 0 51 0
0 0 0 5000.00 2.59 40 5 0 51 0
0 0 0 5000.00 2.59 40 5 0 51 0
0 0 0 5000.00 2.59 40 5 0 51 0
0 0 0 5000.00 2.59 40 5 0 51 0
0 0 0 5000.00 2.59 40 5 0 51 0
0 0 0 5000.00 2.59 40 5 0 51 0
0 0 0 5000.00 2.59 40 5 0 51 0
0 0 0 5000.00 2.59 40 5 0 51 0
0 0 0 5000.00 2.59 40 5 0 51 0
0 0 0 5000.00 2.59 40 5 0 51 0
0 0 0 5000.00 2.59 40 5 0 51 0
0 0 0 5000.00 2.59 40 5 0 51 0
0 0 0 5000.00 2.59 40 5 0 51 0
0 0 0 5000.00 2.59 40 5 0 51 0
0 0 0 5000.00 2.59 40 5 0 51 0
0 0 0 5000.00 2.59 40 5 0 51 0
0 0 0 5000.00 2.59 40 5 0 51 0
0 0 0 5000.00 2.59 40 5 0 51 0
0 0 0 5000.00 2.59 40 5 0 51 0
0 0 0 5000.00 2.59 40 5 0 51 0
0 0 0 5000.00 2.59 40 5 0 51 0
#CONTAINERS_LOADED 
#STACKS
270000.000000 16.090000 51
270000.000000 18.690000 51
270000.000000 21.290000 51
270000.000000 21.290000 51
270000.000000 21.290000 51
270000.000000 21.290000 51
270000.000000 18.690000 51
270000.000000 16.090000 51
#CELLS
1 0 0 0 0 0 0
1 0 0 0 0 0 0
1 0 1 1 1 1 51
1 0 1 1 1 1 51
1 0 1 1 1 1 51
1 0 0 1 1 1 51
1 0 0 1 1 1 51
1 0 0 1 1 1 51
2 0 0 0 0 0 0
2 0 1 1 1 1 51
2 0 1 1 1 1 51
2 0 1 1 1 1 51
2 0 1 1 1 1 51
2 0 0 1 1 1 51
2 0 0 1 1 1 51
2 0 0 1 1 1 51
3 0 0 1 1 1 51
3 0 1 1 1 1 51
3 0 1 1 1 1 51
3 0 1 1 1 1 51
3 0 1 1 1 1 51
3 0 0 1 1 1 51
3 0 0 1 1 1 51
3 0 0 1 1 1 51
4 0 0 1 1 1 51
4 0 1 1 1 1 51
4 0 1 1 1 1 51
4 0 1 1 1 1 51
4 0 1 1 1 1 51
4 0 0 1 1 1 51
4 0 0 1 1 1 51
4 0 0 1 1 1 51
5 0 0 1 1 1 51
5 0 1 1 1 1 51
5 0 1 1 1 1 51
5 0 1 1 1 1 51
5 0 1 1 1 1 51
5 0 0 1 1 1 51
5 0 0 1 1 1 51
5 0 0 1 1 1 51
6 0 0 1 1 1 51
6 0 1 1 1 1 51
6 0 1 1 1 1 51
6 0 1 1 1 1 51
6 0 1 1 1 1 51
6 0 0 1 1 1 51
6 0 0 1 1 1 51
6 0 0 1 1 1 51
7 0 0 0 0 0 0
7 0 0 1 1 1 51
7 0 1 1 1 1 51
7 0 1 1 1 1 51
7 0 1 1 1 1 51
7 0 0 1 1 1 51
7 0 0 1 1 1 51
7 0 0 1 1 1 51
8 0 0 0 0 0 0
8 0 0 0 0 0 0
8 0 1 1 1 1 51
8 0 1 1 1 1 51
8 0 1 1 1 1 51
8 0 0 1 1 1 51
8 0 0 1 1 1 51
8 0 0 1 1 1 51
#SOLUTION-AFT
 24  44  46  15  57  9  32  37 
 39  40  48  8  18  11  51  36 
 55  49  43  13  50  2  26  33 
 41  52  53  5  58  4  34  25 
 35  56  47  7  29  3  42  27 
 23  54  28  10  17  14  45  22 
 0  21  38  12  30  16  20  0 
 0  0  19  1  31  6  0  0 
#SOLUTION-FWD
 24  44  46  15  57  9  32  37 
 39  40  48  8  18  11  51  36 
 55  49  43  13  50  2  26  33 
 41  52  53  5  58  4  34  25 
 35  56  47  7  29  3  42  27 
 23  54  28  10  17  14  45  22 
 0  21  38  12  30  16  20  0 
 0  0  19  1  31  6  0  0 
#INFO
cap20: 0  cap40: 58  reefer: 0  HC: 0  capacity: 100.000000 TEU: 116