1 24 0 5 65 1 13
#POD
2 
#LOCATIONS
25 
#CONTAINERS_TOLOAD
0 0 0 27200.00 2.59 20 2 0 25 0
0 0 0 27150.00 2.59 20 2 0 25 0
0 0 0 29710.00 2.59 20 2 0 25 0
0 0 0 27220.00 2.59 20 2 0 25 0
0 0 0 27500.00 2.59 20 2 0 25 0
0 0 0 27578.00 2.59 20 2 0 25 0
0 0 0 28000.00 2.59 20 2 0 25 0
0 0 0 27150.00 2.59 20 2 0 25 0
0 0 0 27450.00 2.59 20 2 0 25 0
0 0 0 27450.00 2.59 20 2 0 25 0
0 0 0 27425.00 2.59 20 2 0 25 0
0 0 0 27500.00 2.59 20 2 0 25 0
0 0 0 27425.00 2.59 20 2 0 25 0
0 0 0 27160.00 2.59 20 2 0 25 0
0 0 0 27150.00 2.59 20 2 0 25 0
0 0 0 27425.00 2.59 20 2 0 25 0
0 0 0 27151.00 2.59 20 2 0 25 0
0 0 0 27500.00 2.59 20 2 0 25 0
0 0 0 29181.00 2.59 20 2 0 25 0
0 0 0 23295.00 2.59 20 2 0 25 0
0 0 0 27165.00 2.59 20 2 0 25 0
0 0 0 27170.00 2.59 20 2 0 25 0
0 0 0 29680.00 2.59 20 2 0 25 0
0 0 0 28000.00 2.59 20 2 0 25 0
#CONTAINERS_LOADED 
#STACKS
178000.000000 34.110000 25
178000.000000 34.110000 25
178000.000000 34.110000 25
178000.000000 34.110000 25
178000.000000 34.110000 25
#CELLS
1 0 0 1 1 1 25
1 0 0 1 1 1 25
1 0 0 1 1 1 25
1 0 0 1 1 1 25
1 0 0 1 1 1 25
1 0 0 0 0 1 25
1 0 0 0 0 1 25
1 0 0 0 0 1 25
1 0 0 0 0 1 25
1 0 0 0 0 1 25
1 0 0 0 0 1 25
1 0 0 0 0 1 25
1 0 0 0 0 1 25
2 0 0 1 1 1 25
2 0 0 1 1 1 25
2 0 0 1 1 1 25
2 0 0 1 1 1 25
2 0 0 1 1 1 25
2 0 0 0 0 1 25
2 0 0 0 0 1 25
2 0 0 0 0 1 25
2 0 0 0 0 1 25
2 0 0 0 0 1 25
2 0 0 0 0 1 25
2 0 0 0 0 1 25
2 0 0 0 0 1 25
3 0 0 1 1 1 25
3 0 0 1 1 1 25
3 0 0 1 1 1 25
3 0 0 1 1 1 25
3 0 0 1 1 1 25
3 0 0 0 0 1 25
3 0 0 0 0 1 25
3 0 0 0 0 1 25
3 0 0 0 0 1 25
3 0 0 0 0 1 25
3 0 0 0 0 1 25
3 0 0 0 0 1 25
3 0 0 0 0 1 25
4 0 0 1 1 1 25
4 0 0 1 1 1 25
4 0 0 1 1 1 25
4 0 0 1 1 1 25
4 0 0 1 1 1 25
4 0 0 0 0 1 25
4 0 0 0 0 1 25
4 0 0 0 0 1 25
4 0 0 0 0 1 25
4 0 0 0 0 1 25
4 0 0 0 0 1 25
4 0 0 0 0 1 25
4 0 0 0 0 1 25
5 0 0 1 1 1 25
5 0 0 1 1 1 25
5 0 0 1 1 1 25
5 0 0 1 1 1 25
5 0 0 1 1 1 25
5 0 0 0 0 1 25
5 0 0 0 0 1 25
5 0 0 0 0 1 25
5 0 0 0 0 1 25
5 0 0 0 0 1 25
5 0 0 0 0 1 25
5 0 0 0 0 1 25
5 0 0 0 0 1 25
#SOLUTION-AFT
 0  0  0  0  0 
 0  0  0  0  0 
 0  0  0  0  0 
 0  0  0  0  0 
 0  0  0  0  0 
 0  0  0  0  0 
 0  0  0  0  0 
 0  0  0  0  0 
 0  0  0  0  0 
 0  0  0  0  0 
 11  0  0  0  17 
 16  14  4  22  18 
 10  7  23  24  5 
#SOLUTION-FWD
 0  0  0  0  0 
 0  0  0  0  0 
 0  0  0  0  0 
 0  0  0  0  0 
 0  0  0  0  0 
 0  0  0  0  0 
 0  0  0  0  0 
 0  0  0  0  0 
 0  0  0  0  0 
 0  0  0  0  0 
 15  0  0  0  12 
 8  21  20  1  2 
 13  6  3  19  9 
#INFO
cap20: 24  cap40: 0  reefer: 0  HC: 0  capacity: 18.461538 TEU: 130