2 36 0 4 28 1 7
#POD
2 4 
#LOCATIONS
29 
#CONTAINERS_TOLOAD
0 0 0 25000.00 2.59 20 4 1 29 0
0 0 0 25100.00 2.59 20 4 1 29 0
0 0 0 18500.00 2.59 20 4 0 29 0
0 0 0 25200.00 2.59 20 4 1 29 0
0 0 0 25100.00 2.59 20 4 1 29 0
0 0 0 18800.00 2.59 20 4 0 29 0
0 0 0 25200.00 2.59 20 4 1 29 0
0 0 0 24200.00 2.90 40 2 0 29 0
0 0 0 18800.00 2.59 20 4 0 29 0
0 0 0 25000.00 2.59 20 4 1 29 0
0 0 0 25000.00 2.59 20 4 1 29 0
0 0 0 29600.00 2.90 40 2 0 29 0
0 0 0 29600.00 2.90 40 2 0 29 0
0 0 0 18800.00 2.59 20 4 0 29 0
0 0 0 18800.00 2.59 20 4 0 29 0
0 0 0 25000.00 2.59 20 4 1 29 0
0 0 0 24000.00 2.59 20 2 0 29 0
0 0 0 25000.00 2.59 20 4 1 29 0
0 0 0 24000.00 2.59 20 2 0 29 0
0 0 0 24000.00 2.59 20 2 0 29 0
0 0 0 18500.00 2.59 20 4 0 29 0
0 0 0 25100.00 2.59 20 4 1 29 0
0 0 0 24000.00 2.59 20 2 0 29 0
0 0 0 24000.00 2.59 20 2 0 29 0
0 0 0 18800.00 2.59 20 4 0 29 0
0 0 0 18500.00 2.59 20 4 0 29 0
0 0 0 25000.00 2.59 20 4 1 29 0
0 0 0 24000.00 2.59 20 2 0 29 0
0 0 0 23880.00 2.90 40 2 0 29 0
0 0 0 18800.00 2.59 20 4 0 29 0
0 0 0 25100.00 2.59 20 4 1 29 0
0 0 0 24000.00 2.59 20 2 0 29 0
0 0 0 25100.00 2.59 20 4 1 29 0
0 0 0 25000.00 2.59 20 4 1 29 0
0 0 0 25000.00 2.59 20 4 1 29 0
0 0 0 25000.00 2.59 20 4 1 29 0
#CONTAINERS_LOADED 
#STACKS
270000.000000 16.400000 29
270000.000000 16.400000 29
270000.000000 16.400000 29
270000.000000 16.400000 29
#CELLS
1 0 1 1 1 1 29
1 0 1 1 1 1 29
1 0 1 1 1 1 29
1 0 1 1 1 1 29
1 0 0 1 1 1 29
1 0 0 1 1 1 29
1 0 0 0 0 0 0
2 0 1 1 1 1 29
2 0 1 1 1 1 29
2 0 1 1 1 1 29
2 0 1 1 1 1 29
2 0 0 1 1 1 29
2 0 0 1 1 1 29
2 0 0 0 0 0 0
3 0 1 1 1 1 29
3 0 1 1 1 1 29
3 0 1 1 1 1 29
3 0 1 1 1 1 29
3 0 0 1 1 1 29
3 0 0 1 1 1 29
3 0 0 0 0 0 0
4 0 1 1 1 1 29
4 0 1 1 1 1 29
4 0 1 1 1 1 29
4 0 1 1 1 1 29
4 0 0 1 1 1 29
4 0 0 1 1 1 29
4 0 0 0 0 0 0
#SOLUTION-AFT
 0  0  0  0 
 0  0  12  29 
 0  0  13  8 
 10  11  22  27 
 35  2  5  34 
 36  33  7  18 
 1  31  4  16 
#SOLUTION-FWD
 0  0  0  0 
 0  0  12  29 
 0  0  13  8 
 26  9  23  19 
 3  25  28  24 
 21  15  32  17 
 6  30  20  14 
#INFO
cap20: 32  cap40: 4  reefer: 16  HC: 4  capacity: 83.333333 TEU: 48