1 52 0 5 45 1 9
#POD
5 
#LOCATIONS
17 
#CONTAINERS_TOLOAD
0 0 0 19300.00 2.59 20 5 0 17 0
0 0 0 16000.00 2.59 40 5 0 17 0
0 0 0 11000.00 2.90 40 5 0 17 0
0 0 0 27899.00 2.59 20 5 0 17 0
0 0 0 27400.00 2.59 20 5 0 17 0
0 0 0 19300.00 2.59 20 5 0 17 0
0 0 0 26699.00 2.59 40 5 0 17 0
0 0 0 17000.00 2.59 40 5 0 17 0
0 0 0 22800.00 2.59 20 5 0 17 0
0 0 0 9400.00 2.90 40 5 0 17 0
0 0 0 19798.00 2.59 20 5 0 17 0
0 0 0 12199.00 2.90 40 5 0 17 0
0 0 0 19199.00 2.90 40 5 0 17 0
0 0 0 26000.00 2.59 20 5 0 17 0
0 0 0 11500.00 2.59 20 5 0 17 0
0 0 0 11699.00 2.59 40 5 0 17 0
0 0 0 10400.00 2.59 20 5 0 17 0
0 0 0 12000.00 2.90 40 5 0 17 0
0 0 0 14000.00 2.59 40 5 0 17 0
0 0 0 10831.00 2.90 40 5 0 17 0
0 0 0 12500.00 2.90 40 5 0 17 0
0 0 0 11000.00 2.59 40 5 0 17 0
0 0 0 26000.00 2.59 20 5 0 17 0
0 0 0 25899.00 2.59 20 5 0 17 0
0 0 0 12000.00 2.90 40 5 0 17 0
0 0 0 19399.00 2.59 20 5 0 17 0
0 0 0 24000.00 2.59 20 5 0 17 0
0 0 0 10000.00 2.90 40 5 0 17 0
0 0 0 11000.00 2.90 40 5 0 17 0
0 0 0 13400.00 2.59 40 5 0 17 0
0 0 0 23300.00 2.59 20 5 0 17 0
0 0 0 10500.00 2.90 40 5 0 17 0
0 0 0 10000.00 2.90 40 5 0 17 0
0 0 0 10000.00 2.90 40 5 0 17 0
0 0 0 7000.00 2.59 20 5 0 17 0
0 0 0 11000.00 2.90 40 5 0 17 0
0 0 0 9699.00 2.90 40 5 0 17 0
0 0 0 10000.00 2.59 40 5 0 17 0
0 0 0 9000.00 2.59 40 5 0 17 0
0 0 0 12099.00 2.59 40 5 0 17 0
0 0 0 26000.00 2.59 20 5 0 17 0
0 0 0 16800.00 2.59 20 5 0 17 0
0 0 0 9400.00 2.90 40 5 0 17 0
0 0 0 16000.00 2.59 40 5 0 17 0
0 0 0 12000.00 2.90 40 5 0 17 0
0 0 0 10800.00 2.59 20 5 0 17 0
0 0 0 6000.00 2.59 20 5 0 17 0
0 0 0 12199.00 2.90 40 5 0 17 0
0 0 0 6000.00 2.59 20 5 0 17 0
0 0 0 11800.00 2.90 40 5 0 17 0
0 0 0 23260.00 2.59 20 5 0 17 0
0 0 0 9500.00 2.59 20 5 0 17 0
#CONTAINERS_LOADED 
#STACKS
384000.000000 21.590000 17
432000.000000 24.180000 17
432000.000000 24.180000 17
432000.000000 24.180000 17
384000.000000 21.590000 17
#CELLS
1 0 0 0 0 0 0
1 0 0 1 1 1 17
1 0 0 1 1 1 17
1 0 0 1 1 1 17
1 0 0 1 1 1 17
1 0 0 1 1 1 17
1 0 0 1 1 1 17
1 0 0 1 1 1 17
1 0 0 1 1 1 17
2 0 0 1 1 1 17
2 0 0 1 1 1 17
2 0 0 1 1 1 17
2 0 0 1 1 1 17
2 0 0 1 1 1 17
2 0 0 1 1 1 17
2 0 0 1 1 1 17
2 0 0 1 1 1 17
2 0 0 1 1 1 17
3 0 0 1 1 1 17
3 0 0 1 1 1 17
3 0 0 1 1 1 17
3 0 0 1 1 1 17
3 0 0 1 1 1 17
3 0 0 1 1 1 17
3 0 0 1 1 1 17
3 0 0 1 1 1 17
3 0 0 1 1 1 17
4 0 0 1 1 1 17
4 0 0 1 1 1 17
4 0 0 1 1 1 17
4 0 0 1 1 1 17
4 0 0 1 1 1 17
4 0 0 1 1 1 17
4 0 0 1 1 1 17
4 0 0 1 1 1 17
4 0 0 1 1 1 17
5 0 0 0 0 0 0
5 0 0 1 1 1 17
5 0 0 1 1 1 17
5 0 0 1 1 1 17
5 0 0 1 1 1 17
5 0 0 1 1 1 17
5 0 0 1 1 1 17
5 0 0 1 1 1 17
5 0 0 1 1 1 17
#SOLUTION-AFT
 30  0  38  0  39 
 19  43  22  36  10 
 49  37  16  29  13 
 6  34  40  50  35 
 26  33  21  18  46 
 51  28  2  25  42 
 31  32  44  45  23 
 24  20  8  48  5 
 0  3  7  12  0 
#SOLUTION-FWD
 30  0  38  0  39 
 19  43  22  36  10 
 47  37  16  29  13 
 1  34  40  50  52 
 11  33  21  18  17 
 9  28  2  25  15 
 27  32  44  45  14 
 41  20  8  48  4 
 0  3  7  12  0 
#INFO
cap20: 22  cap40: 30  reefer: 0  HC: 19  capacity: 95.348837 TEU: 86