4 28 7 10 90 1 9
#POD
2 3 5 7 
#LOCATIONS
60 
#CONTAINERS_TOLOAD
0 0 0 10200.00 2.90 40 2 0 60 0
0 0 0 19004.00 2.90 40 3 1 60 0
0 0 0 20846.00 2.90 40 3 1 60 0
0 0 0 19633.00 2.90 40 3 1 60 0
0 0 0 21650.00 2.90 40 3 1 60 0
0 0 0 20916.00 2.90 40 3 1 60 0
0 0 0 26900.00 2.90 40 2 0 60 0
0 0 0 15700.00 2.90 40 2 0 60 0
0 0 0 20572.00 2.90 40 3 1 60 0
0 0 0 20147.00 2.90 40 3 1 60 0
0 0 0 10000.00 2.90 40 2 0 60 0
0 0 0 21935.00 2.90 40 3 1 60 0
0 0 0 21696.00 2.90 40 3 1 60 0
0 0 0 21446.00 2.90 40 3 1 60 0
0 0 0 19570.00 2.90 40 3 1 60 0
0 0 0 21814.00 2.90 40 3 1 60 0
0 0 0 21328.00 2.90 40 3 1 60 0
0 0 0 20682.00 2.90 40 3 1 60 0
0 0 0 19996.00 2.90 40 3 1 60 0
0 0 0 19049.00 2.90 40 3 1 60 0
0 0 0 23920.00 2.90 40 2 0 60 0
0 0 0 19299.00 2.90 40 3 1 60 0
0 0 0 20194.00 2.90 40 3 1 60 0
0 0 0 10100.00 2.90 40 2 0 60 0
0 0 0 19482.00 2.90 40 3 1 60 0
0 0 0 19543.00 2.90 40 3 1 60 0
0 0 0 22239.00 2.90 40 3 1 60 0
0 0 0 20460.00 2.90 40 3 1 60 0
#CONTAINERS_LOADED 
5 5 0 26400.00 2.90 40 7 1 60 0
4 7 0 21400.00 2.90 40 5 1 60 0
5 7 0 26700.00 2.90 40 7 1 60 0
5 6 0 26600.00 2.90 40 7 1 60 0
5 8 0 25700.00 2.90 40 7 1 60 0
4 6 0 28600.00 2.90 40 5 1 60 0
4 5 0 25300.00 2.90 40 5 1 60 0
#STACKS
420000.000000 10.800000 60
420000.000000 13.400000 60
420000.000000 13.400000 60
420000.000000 13.400000 60
420000.000000 13.400000 60
420000.000000 5.600000 60
420000.000000 13.400000 60
420000.000000 13.400000 60
420000.000000 13.400000 60
420000.000000 10.800000 60
#CELLS
1 0 0 0 0 0 0
1 0 0 0 0 0 0
1 0 0 0 0 0 0
1 0 0 0 0 0 0
1 0 0 0 0 0 0
1 0 1 1 1 1 60
1 0 0 1 1 1 60
1 0 0 1 1 1 60
1 0 0 0 0 1 60
2 0 0 0 0 0 0
2 0 0 0 0 0 0
2 0 0 0 0 0 0
2 0 0 0 0 0 0
2 0 1 1 1 1 60
2 0 1 1 1 1 60
2 0 1 1 1 1 60
2 0 1 1 1 1 60
2 0 0 0 0 1 60
3 0 0 0 0 0 0
3 0 0 0 0 0 0
3 0 0 0 0 0 0
3 0 0 0 0 0 0
3 0 1 1 1 1 60
3 0 1 1 1 1 60
3 0 1 1 1 1 60
3 0 1 1 1 1 60
3 0 0 0 0 1 60
4 0 0 0 0 0 0
4 0 0 0 0 0 0
4 0 0 0 0 0 0
4 0 0 0 0 0 0
4 0 1 1 1 1 60
4 0 1 1 1 1 60
4 0 1 1 1 1 60
4 0 1 1 1 1 60
4 0 0 0 0 1 60
5 0 0 0 0 0 0
5 0 0 0 0 0 0
5 0 0 0 0 0 0
5 0 0 0 0 0 0
5 0 1 1 1 1 60
5 0 1 1 1 1 60
5 0 1 1 1 1 60
5 0 1 1 1 1 60
5 0 0 0 0 1 60
6 0 0 0 0 0 0
6 0 0 0 0 0 0
6 0 0 0 0 0 0
6 0 0 0 0 0 0
6 0 0 0 0 0 0
6 0 0 0 0 0 0
6 0 0 0 0 0 0
6 0 1 1 1 1 60
6 0 0 0 0 1 60
7 0 0 0 0 0 0
7 0 0 0 0 0 0
7 0 0 0 0 0 0
7 0 0 0 0 0 0
7 0 1 1 1 1 60
7 0 1 1 1 1 60
7 0 1 1 1 1 60
7 0 1 1 1 1 60
7 0 0 0 0 1 60
8 0 0 0 0 0 0
8 0 0 0 0 0 0
8 0 0 0 0 0 0
8 0 0 0 0 0 0
8 0 1 1 1 1 60
8 0 1 1 1 1 60
8 0 1 1 1 1 60
8 0 1 1 1 1 60
8 0 0 0 0 1 60
9 0 0 0 0 0 0
9 0 0 0 0 0 0
9 0 0 0 0 0 0
9 0 0 0 0 0 0
9 0 1 1 1 1 60
9 0 1 1 1 1 60
9 0 1 1 1 1 60
9 0 1 1 1 1 60
9 0 0 0 0 1 60
10 0 0 0 0 0 0
10 0 0 0 0 0 0
10 0 0 0 0 0 0
10 0 0 0 0 0 0
10 0 0 0 0 0 0
10 0 1 1 1 1 60
10 0 0 1 1 1 60
10 0 0 1 1 1 60
10 0 0 0 0 1 60
#SOLUTION-AFT
 0  0  0  0  0  0  0  0  0  0 
 8  19  20  6  33  28  23  25  5  11 
 21  9  16  30  31  0  15  27  17  24 
 7  4  3  34  32  0  12  2  18  1 
 0  26  22  35  29  0  13  10  14  0 
 0  0  0  0  0  0  0  0  0  0 
 0  0  0  0  0  0  0  0  0  0 
 0  0  0  0  0  0  0  0  0  0 
 0  0  0  0  0  0  0  0  0  0 
#SOLUTION-FWD
 0  0  0  0  0  0  0  0  0  0 
 8  19  20  6  33  28  23  25  5  11 
 21  9  16  30  31  0  15  27  17  24 
 7  4  3  34  32  0  12  2  18  1 
 0  26  22  35  29  0  13  10  14  0 
 0  0  0  0  0  0  0  0  0  0 
 0  0  0  0  0  0  0  0  0  0 
 0  0  0  0  0  0  0  0  0  0 
 0  0  0  0  0  0  0  0  0  0 
#INFO
cap20: 0  cap40: 35  reefer: 29  HC: 35  capacity: 77.777778 TEU: 90