1 26 0 8 72 1 9
#POD
5 
#LOCATIONS
11 
#CONTAINERS_TOLOAD
0 0 0 11000.00 2.59 40 5 0 11 0
0 0 0 24419.00 2.90 40 5 0 11 0
0 0 0 23300.00 2.90 40 5 0 11 0
0 0 0 11000.00 2.59 40 5 0 11 0
0 0 0 11420.00 2.59 40 5 0 11 0
0 0 0 23160.00 2.90 40 5 0 11 0
0 0 0 11389.00 2.59 40 5 0 11 0
0 0 0 12800.00 2.59 40 5 0 11 0
0 0 0 12950.00 2.59 40 5 0 11 0
0 0 0 11420.00 2.59 40 5 0 11 0
0 0 0 11000.00 2.59 40 5 0 11 0
0 0 0 24551.00 2.90 40 5 0 11 0
0 0 0 11420.00 2.59 40 5 0 11 0
0 0 0 23438.00 2.90 40 5 0 11 0
0 0 0 12800.00 2.59 40 5 0 11 0
0 0 0 12133.00 2.59 40 5 0 11 0
0 0 0 25000.00 2.90 40 5 0 11 0
0 0 0 23700.00 2.90 40 5 0 11 0
0 0 0 12395.00 2.59 40 5 0 11 0
0 0 0 11420.00 2.59 40 5 0 11 0
0 0 0 10920.00 2.59 40 5 0 11 0
0 0 0 12500.00 2.59 40 5 0 11 0
0 0 0 11081.00 2.59 40 5 0 11 0
0 0 0 13027.00 2.59 40 5 0 11 0
0 0 0 12950.00 2.59 40 5 0 11 0
0 0 0 11974.00 2.59 40 5 0 11 0
#CONTAINERS_LOADED 
#STACKS
54000.000000 3.090000 11
162000.000000 8.290000 11
216000.000000 10.890000 11
324000.000000 16.090000 11
324000.000000 16.090000 11
216000.000000 10.890000 11
162000.000000 8.290000 11
54000.000000 3.090000 11
#CELLS
1 0 0 0 0 0 0
1 0 0 0 0 0 0
1 0 0 0 0 0 0
1 0 0 0 0 0 0
1 0 0 0 0 0 0
1 0 0 0 0 0 0
1 0 0 0 0 0 0
1 0 0 0 0 0 0
1 0 0 1 1 1 11
2 0 0 0 0 0 0
2 0 0 0 0 0 0
2 0 0 0 0 0 0
2 0 0 0 0 0 0
2 0 0 0 0 0 0
2 0 0 0 0 0 0
2 0 0 1 1 1 11
2 0 0 1 1 1 11
2 0 0 1 1 1 11
3 0 0 0 0 0 0
3 0 0 0 0 0 0
3 0 0 0 0 0 0
3 0 0 0 0 0 0
3 0 0 0 0 0 0
3 0 0 1 1 1 11
3 0 0 1 1 1 11
3 0 0 1 1 1 11
3 0 0 1 1 1 11
4 0 0 0 0 0 0
4 0 0 0 0 0 0
4 0 0 0 0 0 0
4 0 0 1 1 1 11
4 0 0 1 1 1 11
4 0 0 1 1 1 11
4 0 0 1 1 1 11
4 0 0 1 1 1 11
4 0 0 1 1 1 11
5 0 0 0 0 0 0
5 0 0 0 0 0 0
5 0 0 0 0 0 0
5 0 0 1 1 1 11
5 0 0 1 1 1 11
5 0 0 1 1 1 11
5 0 0 1 1 1 11
5 0 0 1 1 1 11
5 0 0 1 1 1 11
6 0 0 0 0 0 0
6 0 0 0 0 0 0
6 0 0 0 0 0 0
6 0 0 0 0 0 0
6 0 0 0 0 0 0
6 0 0 1 1 1 11
6 0 0 1 1 1 11
6 0 0 1 1 1 11
6 0 0 1 1 1 11
7 0 0 0 0 0 0
7 0 0 0 0 0 0
7 0 0 0 0 0 0
7 0 0 0 0 0 0
7 0 0 0 0 0 0
7 0 0 0 0 0 0
7 0 0 1 1 1 11
7 0 0 1 1 1 11
7 0 0 1 1 1 11
8 0 0 0 0 0 0
8 0 0 0 0 0 0
8 0 0 0 0 0 0
8 0 0 0 0 0 0
8 0 0 0 0 0 0
8 0 0 0 0 0 0
8 0 0 0 0 0 0
8 0 0 0 0 0 0
8 0 0 1 1 1 11
#SOLUTION-AFT
 0  21  11  20  15  5  0  6 
 0  4  1  26  8  13  14  0 
 0  3  23  16  9  10  18  0 
 0  0  7  19  25  2  0  0 
 0  0  0  22  24  0  0  0 
 0  0  0  12  17  0  0  0 
 0  0  0  0  0  0  0  0 
 0  0  0  0  0  0  0  0 
 0  0  0  0  0  0  0  0 
#SOLUTION-FWD
 0  21  11  20  15  5  0  6 
 0  4  1  26  8  13  14  0 
 0  3  23  16  9  10  18  0 
 0  0  7  19  25  2  0  0 
 0  0  0  22  24  0  0  0 
 0  0  0  12  17  0  0  0 
 0  0  0  0  0  0  0  0 
 0  0  0  0  0  0  0  0 
 0  0  0  0  0  0  0  0 
#INFO
cap20: 0  cap40: 26  reefer: 0  HC: 7  capacity: 92.857143 TEU: 56