1 37 0 4 36 1 9
#POD
5 
#LOCATIONS
10 
#CONTAINERS_TOLOAD
0 0 0 21000.00 2.59 40 5 0 10 0
0 0 0 22490.00 2.59 40 5 0 10 0
0 0 0 24946.00 2.59 40 5 0 10 0
0 0 0 26748.00 2.90 40 5 0 10 0
0 0 0 17280.00 2.59 20 5 0 10 0
0 0 0 14300.00 2.59 40 5 0 10 0
0 0 0 18170.00 2.59 20 5 0 10 0
0 0 0 17300.00 2.59 40 5 0 10 0
0 0 0 19004.00 2.90 40 5 0 10 0
0 0 0 18730.00 2.59 40 5 0 10 0
0 0 0 25030.00 2.90 40 5 0 10 0
0 0 0 18170.00 2.59 20 5 0 10 0
0 0 0 24990.00 2.59 40 5 0 10 0
0 0 0 26000.00 2.59 40 5 0 10 0
0 0 0 22430.00 2.59 40 5 0 10 0
0 0 0 27880.00 2.59 40 5 0 10 0
0 0 0 17350.00 2.59 20 5 0 10 0
0 0 0 26000.00 2.59 40 5 0 10 0
0 0 0 20846.00 2.90 40 5 0 10 0
0 0 0 29318.00 2.90 40 5 0 10 0
0 0 0 13246.00 2.59 40 5 0 10 0
0 0 0 14121.00 2.59 40 5 0 10 0
0 0 0 18170.00 2.59 20 5 0 10 0
0 0 0 29264.00 2.59 40 5 0 10 0
0 0 0 18170.00 2.59 20 5 0 10 0
0 0 0 25080.00 2.90 40 5 0 10 0
0 0 0 17602.00 2.59 20 5 0 10 0
0 0 0 18170.00 2.59 20 5 0 10 0
0 0 0 18170.00 2.59 20 5 0 10 0
0 0 0 26000.00 2.59 40 5 0 10 0
0 0 0 17150.00 2.59 20 5 0 10 0
0 0 0 17230.00 2.59 20 5 0 10 0
0 0 0 17315.00 2.59 20 5 0 10 0
0 0 0 27400.00 2.59 40 5 0 10 0
0 0 0 13300.00 2.59 40 5 0 10 0
0 0 0 13300.00 2.59 40 5 0 10 0
0 0 0 25300.00 2.59 40 5 0 10 0
#CONTAINERS_LOADED 
#STACKS
378000.000000 21.290000 10
378000.000000 21.290000 10
378000.000000 21.290000 10
378000.000000 21.290000 10
#CELLS
1 0 0 0 0 0 0
1 0 0 1 1 1 10
1 0 0 1 1 1 10
1 0 0 1 1 1 10
1 0 0 1 1 1 10
1 0 0 1 1 1 10
1 0 0 1 1 1 10
1 0 0 1 1 1 10
1 0 0 1 1 1 10
2 0 0 0 0 0 0
2 0 0 1 1 1 10
2 0 0 1 1 1 10
2 0 0 1 1 1 10
2 0 0 1 1 1 10
2 0 0 1 1 1 10
2 0 0 1 1 1 10
2 0 0 1 1 1 10
2 0 0 1 1 1 10
3 0 0 0 0 0 0
3 0 0 1 1 1 10
3 0 0 1 1 1 10
3 0 0 1 1 1 10
3 0 0 1 1 1 10
3 0 0 1 1 1 10
3 0 0 1 1 1 10
3 0 0 1 1 1 10
3 0 0 1 1 1 10
4 0 0 0 0 0 0
4 0 0 1 1 1 10
4 0 0 1 1 1 10
4 0 0 1 1 1 10
4 0 0 1 1 1 10
4 0 0 1 1 1 10
4 0 0 1 1 1 10
4 0 0 1 1 1 10
4 0 0 1 1 1 10
#SOLUTION-AFT
 8  21  0  1 
 10  35  22  15 
 32  36  6  2 
 33  14  26  3 
 17  18  4  13 
 7  34  20  11 
 23  16  9  37 
 25  24  19  30 
 0  0  0  0 
#SOLUTION-FWD
 8  21  0  1 
 10  35  22  15 
 31  36  6  2 
 5  14  26  3 
 27  18  4  13 
 29  34  20  11 
 12  16  9  37 
 28  24  19  30 
 0  0  0  0 
#INFO
cap20: 12  cap40: 25  reefer: 0  HC: 6  capacity: 96.875000 TEU: 64