1 1 31 4 36 1 9
#POD
3 
#LOCATIONS
14 
#CONTAINERS_TOLOAD
0 0 0 29415.00 2.90 40 3 0 14 0
#CONTAINERS_LOADED 
4 3 0 30400.00 2.90 40 3 0 14 0
4 5 0 26900.00 2.90 40 3 0 14 0
2 5 0 26900.00 2.90 40 3 0 14 0
3 6 0 26900.00 2.90 40 3 0 14 0
1 1 0 30400.00 2.90 40 3 0 14 0
4 4 0 27900.00 2.90 40 3 0 14 0
4 6 0 26800.00 2.90 40 3 0 14 0
4 1 0 30500.00 2.90 40 3 0 14 0
3 7 0 26900.00 2.90 40 3 0 14 0
2 4 0 28800.00 2.90 40 3 0 14 0
1 6 0 26900.00 2.90 40 3 0 14 0
2 1 0 30500.00 2.90 40 3 0 14 0
3 4 0 27900.00 2.90 40 3 0 14 0
3 5 0 27900.00 2.90 40 3 0 14 0
3 2 0 30400.00 2.90 40 3 0 14 0
2 8 0 26900.00 2.90 40 3 0 14 0
4 7 0 26900.00 2.90 40 3 0 14 0
1 2 0 28900.00 2.90 40 3 0 14 0
3 8 0 27000.00 2.90 40 3 0 14 0
3 1 0 30700.00 2.90 40 3 0 14 0
2 2 0 30400.00 2.90 40 3 0 14 0
1 5 0 26900.00 2.90 40 3 0 14 0
4 2 0 30400.00 2.90 40 3 0 14 0
2 3 0 30400.00 2.90 40 3 0 14 0
1 4 0 26900.00 2.90 40 3 0 14 0
1 3 0 27900.00 2.90 40 3 0 14 0
2 7 0 26900.00 2.90 40 3 0 14 0
4 8 0 26900.00 2.90 40 3 0 14 0
1 7 0 26800.00 2.90 40 3 0 14 0
2 6 0 26900.00 2.90 40 3 0 14 0
3 3 0 30400.00 2.90 40 3 0 14 0
#STACKS
378000.000000 23.870000 14
378000.000000 23.870000 14
378000.000000 23.870000 14
378000.000000 23.870000 14
#CELLS
1 0 0 1 1 1 14
1 0 0 1 1 1 14
1 0 0 1 1 1 14
1 0 0 1 1 1 14
1 0 0 1 1 1 14
1 0 0 1 1 1 14
1 0 0 1 1 1 14
1 0 0 1 1 1 14
1 0 0 1 1 1 14
2 0 0 1 1 1 14
2 0 0 1 1 1 14
2 0 0 1 1 1 14
2 0 0 1 1 1 14
2 0 0 1 1 1 14
2 0 0 1 1 1 14
2 0 0 1 1 1 14
2 0 0 1 1 1 14
2 0 0 1 1 1 14
3 0 0 1 1 1 14
3 0 0 1 1 1 14
3 0 0 1 1 1 14
3 0 0 1 1 1 14
3 0 0 1 1 1 14
3 0 0 1 1 1 14
3 0 0 1 1 1 14
3 0 0 1 1 1 14
3 0 0 1 1 1 14
4 0 0 1 1 1 14
4 0 0 1 1 1 14
4 0 0 1 1 1 14
4 0 0 1 1 1 14
4 0 0 1 1 1 14
4 0 0 1 1 1 14
4 0 0 1 1 1 14
4 0 0 1 1 1 14
4 0 0 1 1 1 14
#SOLUTION-AFT
 0  0  0  0 
 1  17  20  29 
 30  28  10  18 
 12  31  5  8 
 23  4  15  3 
 26  11  14  7 
 27  25  32  2 
 19  22  16  24 
 6  13  21  9 
#SOLUTION-FWD
 0  0  0  0 
 1  17  20  29 
 30  28  10  18 
 12  31  5  8 
 23  4  15  3 
 26  11  14  7 
 27  25  32  2 
 19  22  16  24 
 6  13  21  9 
#INFO
cap20: 0  cap40: 32  reefer: 0  HC: 32  capacity: 88.888889 TEU: 72