1 100 0 8 104 1 13
#POD
5 
#LOCATIONS
23 
#CONTAINERS_TOLOAD
0 0 0 14004.00 2.59 20 5 0 23 0
0 0 0 29399.00 2.59 20 5 0 23 0
0 0 0 15846.00 2.59 20 5 0 23 0
0 0 0 28000.00 2.59 20 5 0 23 0
0 0 0 29899.00 2.59 20 5 0 23 0
0 0 0 14633.00 2.59 20 5 0 23 0
0 0 0 29600.00 2.59 20 5 0 23 0
0 0 0 29699.00 2.59 20 5 0 23 0
0 0 0 16650.00 2.59 20 5 0 23 0
0 0 0 15916.00 2.59 20 5 0 23 0
0 0 0 15572.00 2.59 20 5 0 23 0
0 0 0 28000.00 2.59 20 5 0 23 0
0 0 0 29899.00 2.59 20 5 0 23 0
0 0 0 29699.00 2.59 20 5 0 23 0
0 0 0 29800.00 2.59 20 5 0 23 0
0 0 0 15147.00 2.59 20 5 0 23 0
0 0 0 29800.00 2.59 20 5 0 23 0
0 0 0 29100.00 2.59 20 5 0 23 0
0 0 0 29699.00 2.59 20 5 0 23 0
0 0 0 29500.00 2.59 20 5 0 23 0
0 0 0 16935.00 2.59 20 5 0 23 0
0 0 0 29800.00 2.59 20 5 0 23 0
0 0 0 16696.00 2.59 20 5 0 23 0
0 0 0 16446.00 2.59 20 5 0 23 0
0 0 0 29399.00 2.59 20 5 0 23 0
0 0 0 14570.00 2.59 20 5 0 23 0
0 0 0 29699.00 2.59 20 5 0 23 0
0 0 0 30000.00 2.59 20 5 0 23 0
0 0 0 29399.00 2.59 20 5 0 23 0
0 0 0 29399.00 2.59 20 5 0 23 0
0 0 0 16814.00 2.59 20 5 0 23 0
0 0 0 29399.00 2.59 20 5 0 23 0
0 0 0 30000.00 2.59 20 5 0 23 0
0 0 0 16328.00 2.59 20 5 0 23 0
0 0 0 15682.00 2.59 20 5 0 23 0
0 0 0 30000.00 2.59 20 5 0 23 0
0 0 0 29500.00 2.59 20 5 0 23 0
0 0 0 14996.00 2.59 20 5 0 23 0
0 0 0 14049.00 2.59 20 5 0 23 0
0 0 0 29399.00 2.59 20 5 0 23 0
0 0 0 29500.00 2.59 20 5 0 23 0
0 0 0 14299.00 2.59 20 5 0 23 0
0 0 0 29399.00 2.59 20 5 0 23 0
0 0 0 15194.00 2.59 20 5 0 23 0
0 0 0 14482.00 2.59 20 5 0 23 0
0 0 0 29699.00 2.59 20 5 0 23 0
0 0 0 14543.00 2.59 20 5 0 23 0
0 0 0 29699.00 2.59 20 5 0 23 0
0 0 0 29399.00 2.59 20 5 0 23 0
0 0 0 30000.00 2.59 20 5 0 23 0
0 0 0 29699.00 2.59 20 5 0 23 0
0 0 0 17239.00 2.59 20 5 0 23 0
0 0 0 15460.00 2.59 20 5 0 23 0
0 0 0 14390.00 2.59 20 5 0 23 0
0 0 0 14015.00 2.59 20 5 0 23 0
0 0 0 30000.00 2.59 20 5 0 23 0
0 0 0 14029.00 2.59 20 5 0 23 0
0 0 0 15238.00 2.59 20 5 0 23 0
0 0 0 15742.00 2.59 20 5 0 23 0
0 0 0 29100.00 2.59 20 5 0 23 0
0 0 0 30000.00 2.59 20 5 0 23 0
0 0 0 29699.00 2.59 20 5 0 23 0
0 0 0 29500.00 2.59 20 5 0 23 0
0 0 0 15871.00 2.59 20 5 0 23 0
0 0 0 15971.00 2.59 20 5 0 23 0
0 0 0 29800.00 2.59 20 5 0 23 0
0 0 0 29899.00 2.59 20 5 0 23 0
0 0 0 29399.00 2.59 20 5 0 23 0
0 0 0 15989.00 2.59 20 5 0 23 0
0 0 0 29699.00 2.59 20 5 0 23 0
0 0 0 14544.00 2.59 20 5 0 23 0
0 0 0 16172.00 2.59 20 5 0 23 0
0 0 0 29500.00 2.59 20 5 0 23 0
0 0 0 15477.00 2.59 20 5 0 23 0
0 0 0 29399.00 2.59 20 5 0 23 0
0 0 0 15153.00 2.59 20 5 0 23 0
0 0 0 29699.00 2.59 20 5 0 23 0
0 0 0 29100.00 2.59 20 5 0 23 0
0 0 0 29500.00 2.59 20 5 0 23 0
0 0 0 29899.00 2.59 20 5 0 23 0
0 0 0 29500.00 2.59 20 5 0 23 0
0 0 0 28000.00 2.59 20 5 0 23 0
0 0 0 29100.00 2.59 20 5 0 23 0
0 0 0 29699.00 2.59 20 5 0 23 0
0 0 0 14186.00 2.59 20 5 0 23 0
0 0 0 15991.00 2.59 20 5 0 23 0
0 0 0 29699.00 2.59 20 5 0 23 0
0 0 0 30000.00 2.59 20 5 0 23 0
0 0 0 30000.00 2.59 20 5 0 23 0
0 0 0 29399.00 2.59 20 5 0 23 0
0 0 0 16566.00 2.59 20 5 0 23 0
0 0 0 29800.00 2.59 20 5 0 23 0
0 0 0 16629.00 2.59 20 5 0 23 0
0 0 0 29699.00 2.59 20 5 0 23 0
0 0 0 29600.00 2.59 20 5 0 23 0
0 0 0 29600.00 2.59 20 5 0 23 0
0 0 0 15703.00 2.59 20 5 0 23 0
0 0 0 29800.00 2.59 20 5 0 23 0
0 0 0 29699.00 2.59 20 5 0 23 0
0 0 0 14989.00 2.59 20 5 0 23 0
#CONTAINERS_LOADED 
#STACKS
130000.000000 10.680000 23
540000.000000 31.510000 23
540000.000000 34.110000 23
540000.000000 34.110000 23
540000.000000 34.110000 23
540000.000000 34.110000 23
540000.000000 31.510000 23
130000.000000 10.680000 23
#CELLS
1 0 0 0 0 0 0
1 0 0 0 0 0 0
1 0 0 0 0 0 0
1 0 0 0 0 0 0
1 0 0 0 0 0 0
1 0 0 0 0 0 0
1 0 0 0 0 0 0
1 0 0 0 0 0 0
1 0 0 0 0 0 0
1 0 0 1 1 0 23
1 0 0 1 1 0 23
1 0 0 1 1 0 23
1 0 0 1 1 0 23
2 0 0 0 0 0 0
2 0 0 1 1 0 23
2 0 0 1 1 0 23
2 0 0 1 1 0 23
2 0 0 1 1 0 23
2 0 0 1 1 0 23
2 0 0 1 1 0 23
2 0 0 1 1 0 23
2 0 0 1 1 0 23
2 0 0 1 1 0 23
2 0 0 1 1 0 23
2 0 0 1 1 0 23
2 0 0 1 1 0 23
3 0 0 1 1 0 23
3 0 0 1 1 0 23
3 0 0 1 1 0 23
3 0 0 1 1 0 23
3 0 0 1 1 0 23
3 0 0 1 1 0 23
3 0 0 1 1 0 23
3 0 0 1 1 0 23
3 0 0 1 1 0 23
3 0 0 1 1 0 23
3 0 0 1 1 0 23
3 0 0 1 1 0 23
3 0 0 1 1 0 23
4 0 0 1 1 0 23
4 0 0 1 1 0 23
4 0 0 1 1 0 23
4 0 0 1 1 0 23
4 0 0 1 1 0 23
4 0 0 1 1 0 23
4 0 0 1 1 0 23
4 0 0 1 1 0 23
4 0 0 1 1 0 23
4 0 0 1 1 0 23
4 0 0 1 1 0 23
4 0 0 1 1 0 23
4 0 0 1 1 0 23
5 0 0 1 1 0 23
5 0 0 1 1 0 23
5 0 0 1 1 0 23
5 0 0 1 1 0 23
5 0 0 1 1 0 23
5 0 0 1 1 0 23
5 0 0 1 1 0 23
5 0 0 1 1 0 23
5 0 0 1 1 0 23
5 0 0 1 1 0 23
5 0 0 1 1 0 23
5 0 0 1 1 0 23
5 0 0 1 1 0 23
6 0 0 1 1 0 23
6 0 0 1 1 0 23
6 0 0 1 1 0 23
6 0 0 1 1 0 23
6 0 0 1 1 0 23
6 0 0 1 1 0 23
6 0 0 1 1 0 23
6 0 0 1 1 0 23
6 0 0 1 1 0 23
6 0 0 1 1 0 23
6 0 0 1 1 0 23
6 0 0 1 1 0 23
6 0 0 1 1 0 23
7 0 0 0 0 0 0
7 0 0 1 1 0 23
7 0 0 1 1 0 23
7 0 0 1 1 0 23
7 0 0 1 1 0 23
7 0 0 1 1 0 23
7 0 0 1 1 0 23
7 0 0 1 1 0 23
7 0 0 1 1 0 23
7 0 0 1 1 0 23
7 0 0 1 1 0 23
7 0 0 1 1 0 23
7 0 0 1 1 0 23
8 0 0 0 0 0 0
8 0 0 0 0 0 0
8 0 0 0 0 0 0
8 0 0 0 0 0 0
8 0 0 0 0 0 0
8 0 0 0 0 0 0
8 0 0 0 0 0 0
8 0 0 0 0 0 0
8 0 0 0 0 0 0
8 0 0 1 1 0 23
8 0 0 1 1 0 23
8 0 0 1 1 0 23
8 0 0 1 1 0 23
#SOLUTION-AFT
 0  0  0  0  0  0  0  0 
 0  0  0  0  0  0  0  0 
 0  0  0  0  0  0  0  4 
 25  0  0  0  0  0  0  82 
 0  45  0  0  0  0  18  0 
 0  55  36  95  30  99  78  0 
 0  69  88  51  90  66  86  0 
 0  44  71  62  40  22  3  0 
 0  74  65  46  29  17  42  0 
 0  64  1  70  20  80  47  0 
 0  31  16  94  41  13  76  0 
 0  10  23  14  37  89  34  0 
 0  0  21  84  73  28  0  0 
#SOLUTION-FWD
 0  0  0  0  0  0  0  0 
 0  0  0  0  0  0  0  0 
 0  0  0  0  0  0  0  0 
 12  0  0  0  0  0  0  2 
 0  0  0  0  0  0  83  0 
 0  6  33  7  49  98  60  0 
 0  72  100  96  68  15  38  0 
 0  24  11  87  43  92  57  0 
 0  93  53  8  75  67  39  0 
 0  97  59  77  32  5  35  0 
 0  26  85  27  79  56  54  0 
 0  91  52  19  81  61  9  0 
 0  0  58  48  63  50  0  0 
#INFO
cap20: 100  cap40: 0  reefer: 0  HC: 0  capacity: 59.523810 TEU: 168