2 68 0 10 90 1 9
#POD
4 7 
#LOCATIONS
30 
#CONTAINERS_TOLOAD
0 0 0 14907.00 2.59 40 4 0 30 0
0 0 0 14907.00 2.59 40 4 0 30 0
0 0 0 20000.00 2.90 40 7 0 30 0
0 0 0 16100.00 2.90 40 7 0 30 0
0 0 0 14907.00 2.59 40 4 0 30 0
0 0 0 15699.00 2.59 40 4 0 30 0
0 0 0 16000.00 2.59 40 4 0 30 0
0 0 0 21100.00 2.90 40 7 0 30 0
0 0 0 16199.00 2.90 40 7 0 30 0
0 0 0 16899.00 2.90 40 7 0 30 0
0 0 0 14907.00 2.59 40 4 0 30 0
0 0 0 18399.00 2.90 40 7 0 30 0
0 0 0 17899.00 2.90 40 7 0 30 0
0 0 0 23699.00 2.90 40 7 0 30 0
0 0 0 18000.00 2.90 40 7 0 30 0
0 0 0 16100.00 2.90 40 7 0 30 0
0 0 0 16100.00 2.90 40 7 0 30 0
0 0 0 14907.00 2.59 40 4 0 30 0
0 0 0 14907.00 2.59 40 4 0 30 0
0 0 0 20199.00 2.90 40 7 0 30 0
0 0 0 19100.00 2.90 40 7 0 30 0
0 0 0 16399.00 2.90 40 7 0 30 0
0 0 0 16100.00 2.90 40 7 0 30 0
0 0 0 16100.00 2.90 40 7 0 30 0
0 0 0 16100.00 2.90 40 7 0 30 0
0 0 0 14907.00 2.59 40 4 0 30 0
0 0 0 16300.00 2.90 40 7 0 30 0
0 0 0 14907.00 2.59 40 4 0 30 0
0 0 0 17899.00 2.90 40 7 0 30 0
0 0 0 14907.00 2.59 40 4 0 30 0
0 0 0 14907.00 2.59 40 4 0 30 0
0 0 0 14907.00 2.59 40 4 0 30 0
0 0 0 17300.00 2.59 40 4 0 30 0
0 0 0 14907.00 2.59 40 4 0 30 0
0 0 0 14907.00 2.59 40 4 0 30 0
0 0 0 14907.00 2.59 40 4 0 30 0
0 0 0 16600.00 2.90 40 7 0 30 0
0 0 0 16899.00 2.90 40 7 0 30 0
0 0 0 19600.00 2.90 40 7 0 30 0
0 0 0 14907.00 2.59 40 4 0 30 0
0 0 0 16899.00 2.59 40 4 0 30 0
0 0 0 14907.00 2.59 40 4 0 30 0
0 0 0 17300.00 2.90 40 7 0 30 0
0 0 0 16500.00 2.90 40 7 0 30 0
0 0 0 14907.00 2.59 40 4 0 30 0
0 0 0 20800.00 2.90 40 7 0 30 0
0 0 0 16100.00 2.90 40 7 0 30 0
0 0 0 16100.00 2.90 40 7 0 30 0
0 0 0 14907.00 2.59 40 4 0 30 0
0 0 0 17399.00 2.90 40 7 0 30 0
0 0 0 14907.00 2.59 40 4 0 30 0
0 0 0 19199.00 2.90 40 7 0 30 0
0 0 0 21899.00 2.90 40 7 0 30 0
0 0 0 16100.00 2.90 40 7 0 30 0
0 0 0 21800.00 2.90 40 7 0 30 0
0 0 0 14907.00 2.59 40 4 0 30 0
0 0 0 14907.00 2.59 40 4 0 30 0
0 0 0 17699.00 2.90 40 7 0 30 0
0 0 0 21899.00 2.90 40 7 0 30 0
0 0 0 14907.00 2.59 40 4 0 30 0
0 0 0 16100.00 2.90 40 7 0 30 0
0 0 0 14907.00 2.59 40 4 0 30 0
0 0 0 14907.00 2.59 40 4 0 30 0
0 0 0 24199.00 2.90 40 7 0 30 0
0 0 0 14907.00 2.59 40 4 0 30 0
0 0 0 14907.00 2.59 40 4 0 30 0
0 0 0 14907.00 2.59 40 4 0 30 0
0 0 0 20100.00 2.90 40 7 0 30 0
#CONTAINERS_LOADED 
#STACKS
184000.000000 13.120000 30
184000.000000 18.310000 30
216000.000000 20.900000 30
216000.000000 20.900000 30
270000.000000 23.490000 30
270000.000000 23.490000 30
216000.000000 20.900000 30
216000.000000 20.900000 30
184000.000000 18.310000 30
184000.000000 13.120000 30
#CELLS
1 0 0 0 0 0 0
1 0 0 0 0 0 0
1 0 0 0 0 0 0
1 0 0 0 0 0 0
1 0 0 1 1 1 30
1 0 0 1 1 1 30
1 0 0 1 1 1 30
1 0 0 1 1 1 30
1 0 0 1 1 1 30
2 0 0 0 0 0 0
2 0 0 0 0 0 0
2 0 0 1 1 1 30
2 0 0 1 1 1 30
2 0 0 1 1 1 30
2 0 0 1 1 1 30
2 0 0 1 1 1 30
2 0 0 1 1 1 30
2 0 0 1 1 1 30
3 0 0 0 0 0 0
3 0 0 1 1 1 30
3 0 0 1 1 1 30
3 0 0 1 1 1 30
3 0 0 1 1 1 30
3 0 0 1 1 1 30
3 0 0 1 1 1 30
3 0 0 1 1 1 30
3 0 0 0 0 1 30
4 0 0 0 0 0 0
4 0 0 1 1 1 30
4 0 0 1 1 1 30
4 0 0 1 1 1 30
4 0 0 1 1 1 30
4 0 0 1 1 1 30
4 0 0 1 1 1 30
4 0 0 1 1 1 30
4 0 0 0 0 1 30
5 0 0 1 1 1 30
5 0 0 1 1 1 30
5 0 0 1 1 1 30
5 0 0 1 1 1 30
5 0 0 1 1 1 30
5 0 0 1 1 1 30
5 0 0 1 1 1 30
5 0 0 1 1 1 30
5 0 0 0 0 1 30
6 0 0 1 1 1 30
6 0 0 1 1 1 30
6 0 0 1 1 1 30
6 0 0 1 1 1 30
6 0 0 1 1 1 30
6 0 0 1 1 1 30
6 0 0 1 1 1 30
6 0 0 1 1 1 30
6 0 0 0 0 1 30
7 0 0 0 0 0 0
7 0 0 1 1 1 30
7 0 0 1 1 1 30
7 0 0 1 1 1 30
7 0 0 1 1 1 30
7 0 0 1 1 1 30
7 0 0 1 1 1 30
7 0 0 1 1 1 30
7 0 0 0 0 1 30
8 0 0 0 0 0 0
8 0 0 1 1 1 30
8 0 0 1 1 1 30
8 0 0 1 1 1 30
8 0 0 1 1 1 30
8 0 0 1 1 1 30
8 0 0 1 1 1 30
8 0 0 1 1 1 30
8 0 0 0 0 1 30
9 0 0 0 0 0 0
9 0 0 0 0 0 0
9 0 0 1 1 1 30
9 0 0 1 1 1 30
9 0 0 1 1 1 30
9 0 0 1 1 1 30
9 0 0 1 1 1 30
9 0 0 1 1 1 30
9 0 0 1 1 1 30
10 0 0 0 0 0 0
10 0 0 0 0 0 0
10 0 0 0 0 0 0
10 0 0 0 0 0 0
10 0 0 1 1 1 30
10 0 0 1 1 1 30
10 0 0 1 1 1 30
10 0 0 1 1 1 30
10 0 0 1 1 1 30
#SOLUTION-AFT
 0  45  0  0  0  0  0  49  32  19 
 1  11  54  47  29  20  37  57  62  65 
 67  51  16  25  15  46  38  40  18  42 
 2  63  48  23  12  8  10  66  31  34 
 36  5  61  9  21  55  43  6  35  30 
 0  60  17  27  52  59  50  7  56  0 
 0  28  24  22  39  53  58  41  26  0 
 0  0  4  44  3  14  13  33  0  0 
 0  0  0  0  68  64  0  0  0  0 
#SOLUTION-FWD
 0  45  0  0  0  0  0  49  32  19 
 1  11  54  47  29  20  37  57  62  65 
 67  51  16  25  15  46  38  40  18  42 
 2  63  48  23  12  8  10  66  31  34 
 36  5  61  9  21  55  43  6  35  30 
 0  60  17  27  52  59  50  7  56  0 
 0  28  24  22  39  53  58  41  26  0 
 0  0  4  44  3  14  13  33  0  0 
 0  0  0  0  68  64  0  0  0  0 
#INFO
cap20: 0  cap40: 68  reefer: 0  HC: 37  capacity: 91.891892 TEU: 148