2 53 0 8 56 1 7
#POD
6 7 
#LOCATIONS
45 
#CONTAINERS_TOLOAD
0 0 0 23000.00 2.90 40 7 0 45 0
0 0 0 23000.00 2.90 40 7 0 45 0
0 0 0 14154.00 2.90 40 6 0 45 0
0 0 0 14154.00 2.90 40 6 0 45 0
0 0 0 4000.00 2.59 40 7 0 45 0
0 0 0 4000.00 2.90 40 6 0 45 0
0 0 0 4000.00 2.59 40 7 0 45 0
0 0 0 4000.00 2.59 40 7 0 45 0
0 0 0 4000.00 2.59 40 7 0 45 0
0 0 0 4000.00 2.59 40 7 0 45 0
0 0 0 4000.00 2.59 40 7 0 45 0
0 0 0 4000.00 2.59 40 7 0 45 0
0 0 0 4000.00 2.59 40 7 0 45 0
0 0 0 4000.00 2.59 40 7 0 45 0
0 0 0 4000.00 2.59 40 7 0 45 0
0 0 0 23000.00 2.90 40 7 0 45 0
0 0 0 4000.00 2.59 40 7 0 45 0
0 0 0 4000.00 2.59 40 7 0 45 0
0 0 0 4000.00 2.59 40 7 0 45 0
0 0 0 4000.00 2.59 40 7 0 45 0
0 0 0 4000.00 2.59 40 7 0 45 0
0 0 0 4000.00 2.59 40 7 0 45 0
0 0 0 4000.00 2.59 40 7 0 45 0
0 0 0 4000.00 2.59 40 7 0 45 0
0 0 0 4000.00 2.59 40 7 0 45 0
0 0 0 4000.00 2.59 40 7 0 45 0
0 0 0 4000.00 2.59 40 7 0 45 0
0 0 0 4000.00 2.59 40 7 0 45 0
0 0 0 4000.00 2.59 40 7 0 45 0
0 0 0 4000.00 2.59 40 7 0 45 0
0 0 0 4000.00 2.59 40 7 0 45 0
0 0 0 4000.00 2.59 40 7 0 45 0
0 0 0 14154.00 2.90 40 6 0 45 0
0 0 0 4000.00 2.59 40 7 0 45 0
0 0 0 4000.00 2.59 40 7 0 45 0
0 0 0 4000.00 2.59 40 7 0 45 0
0 0 0 4000.00 2.59 40 7 0 45 0
0 0 0 4000.00 2.59 40 7 0 45 0
0 0 0 4000.00 2.59 40 7 0 45 0
0 0 0 4000.00 2.59 40 7 0 45 0
0 0 0 4000.00 2.59 40 7 0 45 0
0 0 0 4000.00 2.59 40 7 0 45 0
0 0 0 4000.00 2.59 40 7 0 45 0
0 0 0 4000.00 2.59 40 7 0 45 0
0 0 0 4000.00 2.59 40 7 0 45 0
0 0 0 4000.00 2.59 40 7 0 45 0
0 0 0 4000.00 2.59 40 7 0 45 0
0 0 0 4000.00 2.59 40 7 0 45 0
0 0 0 4000.00 2.59 40 7 0 45 0
0 0 0 4000.00 2.59 40 7 0 45 0
0 0 0 4000.00 2.59 40 7 0 45 0
0 0 0 4000.00 2.59 40 7 0 45 0
0 0 0 4000.00 2.59 40 7 0 45 0
#CONTAINERS_LOADED 
#STACKS
336000.000000 16.090000 45
336000.000000 18.690000 45
336000.000000 18.690000 45
336000.000000 18.690000 45
336000.000000 18.690000 45
336000.000000 18.690000 45
336000.000000 18.690000 45
336000.000000 16.090000 45
#CELLS
1 0 0 0 0 0 0
1 0 0 1 1 1 45
1 0 1 1 1 1 45
1 0 1 1 1 1 45
1 0 0 1 1 1 45
1 0 0 1 1 1 45
1 0 0 1 1 1 45
2 0 0 1 1 1 45
2 0 1 1 1 1 45
2 0 1 1 1 1 45
2 0 1 1 1 1 45
2 0 1 1 1 1 45
2 0 0 1 1 1 45
2 0 0 1 1 1 45
3 0 0 1 1 1 45
3 0 1 1 1 1 45
3 0 1 1 1 1 45
3 0 1 1 1 1 45
3 0 1 1 1 1 45
3 0 0 1 1 1 45
3 0 0 1 1 1 45
4 0 0 1 1 1 45
4 0 1 1 1 1 45
4 0 1 1 1 1 45
4 0 1 1 1 1 45
4 0 1 1 1 1 45
4 0 0 1 1 1 45
4 0 0 1 1 1 45
5 0 0 1 1 1 45
5 0 1 1 1 1 45
5 0 1 1 1 1 45
5 0 1 1 1 1 45
5 0 1 1 1 1 45
5 0 0 1 1 1 45
5 0 0 1 1 1 45
6 0 0 1 1 1 45
6 0 1 1 1 1 45
6 0 1 1 1 1 45
6 0 1 1 1 1 45
6 0 1 1 1 1 45
6 0 0 1 1 1 45
6 0 0 1 1 1 45
7 0 0 1 1 1 45
7 0 1 1 1 1 45
7 0 1 1 1 1 45
7 0 1 1 1 1 45
7 0 1 1 1 1 45
7 0 0 1 1 1 45
7 0 0 1 1 1 45
8 0 0 0 0 0 0
8 0 0 1 1 1 45
8 0 1 1 1 1 45
8 0 1 1 1 1 45
8 0 0 1 1 1 45
8 0 0 1 1 1 45
8 0 0 1 1 1 45
#SOLUTION-AFT
 0  28  51  17  29  25  11  14 
 6  37  10  23  26  36  35  22 
 3  47  5  32  38  49  13  52 
 4  24  39  20  43  48  31  53 
 33  42  27  12  46  50  9  41 
 16  21  40  15  45  30  34  18 
 0  44  2  8  7  1  19  0 
#SOLUTION-FWD
 0  28  51  17  29  25  11  14 
 6  37  10  23  26  36  35  22 
 3  47  5  32  38  49  13  52 
 4  24  39  20  43  48  31  53 
 33  42  27  12  46  50  9  41 
 16  21  40  15  45  30  34  18 
 0  44  2  8  7  1  19  0 
#INFO
cap20: 0  cap40: 53  reefer: 0  HC: 7  capacity: 98.148148 TEU: 108