1 38 0 5 45 1 9
#POD
4 
#LOCATIONS
65 
#CONTAINERS_TOLOAD
0 0 0 16560.00 2.59 20 4 0 65 0
0 0 0 10000.00 2.59 40 4 0 65 0
0 0 0 10200.00 2.59 40 4 0 65 0
0 0 0 10000.00 2.59 40 4 0 65 0
0 0 0 18849.00 2.90 40 4 0 65 0
0 0 0 29980.00 2.90 40 4 0 65 0
0 0 0 24000.00 2.90 40 4 0 65 0
0 0 0 4400.00 2.59 20 4 0 65 0
0 0 0 5000.00 2.59 20 4 0 65 0
0 0 0 16127.00 2.90 40 4 0 65 0
0 0 0 9580.00 2.59 40 4 0 65 0
0 0 0 9773.00 2.59 40 4 0 65 0
0 0 0 20420.00 2.59 20 4 0 65 0
0 0 0 4900.00 2.59 20 4 0 65 0
0 0 0 19660.00 2.59 20 4 0 65 0
0 0 0 4320.00 2.59 20 4 0 65 0
0 0 0 21400.00 2.90 40 4 0 65 0
0 0 0 10100.00 2.59 40 4 0 65 0
0 0 0 18880.00 2.90 40 4 0 65 0
0 0 0 4800.00 2.59 20 4 0 65 0
0 0 0 4200.00 2.59 20 4 0 65 0
0 0 0 10000.00 2.59 40 4 0 65 0
0 0 0 16210.00 2.59 20 4 0 65 0
0 0 0 17020.00 2.90 40 4 0 65 0
0 0 0 15940.00 2.90 40 4 0 65 0
0 0 0 4000.00 2.59 20 4 0 65 0
0 0 0 16000.00 2.90 40 4 0 65 0
0 0 0 15962.00 2.90 40 4 0 65 0
0 0 0 21700.00 2.90 40 4 0 65 0
0 0 0 4500.00 2.59 20 4 0 65 0
0 0 0 9880.00 2.59 40 4 0 65 0
0 0 0 27003.00 2.90 40 4 0 65 0
0 0 0 18940.00 2.90 40 4 0 65 0
0 0 0 3300.00 2.59 20 4 0 65 0
0 0 0 20330.00 2.59 20 4 0 65 0
0 0 0 16365.00 2.90 40 4 0 65 0
0 0 0 3928.00 2.59 20 4 0 65 0
0 0 0 20390.00 2.59 20 4 0 65 0
#CONTAINERS_LOADED 
#STACKS
270000.000000 17.520000 65
270000.000000 17.520000 65
270000.000000 17.520000 65
270000.000000 17.520000 65
270000.000000 17.520000 65
#CELLS
1 0 0 0 0 0 0
1 0 0 0 0 0 0
1 0 1 1 1 1 65
1 0 1 1 1 1 65
1 0 1 1 1 1 65
1 0 1 1 1 1 65
1 0 0 1 1 1 65
1 0 0 1 1 1 65
1 0 0 0 0 0 0
2 0 0 0 0 0 0
2 0 0 0 0 0 0
2 0 1 1 1 1 65
2 0 1 1 1 1 65
2 0 1 1 1 1 65
2 0 1 1 1 1 65
2 0 0 1 1 1 65
2 0 0 1 1 1 65
2 0 0 0 0 0 0
3 0 0 0 0 0 0
3 0 0 0 0 0 0
3 0 1 1 1 1 65
3 0 1 1 1 1 65
3 0 1 1 1 1 65
3 0 1 1 1 1 65
3 0 0 1 1 1 65
3 0 0 1 1 1 65
3 0 0 0 0 0 0
4 0 0 0 0 0 0
4 0 0 0 0 0 0
4 0 1 1 1 1 65
4 0 1 1 1 1 65
4 0 1 1 1 1 65
4 0 1 1 1 1 65
4 0 0 1 1 1 65
4 0 0 1 1 1 65
4 0 0 0 0 0 0
5 0 0 0 0 0 0
5 0 0 0 0 0 0
5 0 1 1 1 1 65
5 0 1 1 1 1 65
5 0 1 1 1 1 65
5 0 1 1 1 1 65
5 0 0 1 1 1 65
5 0 0 1 1 1 65
5 0 0 0 0 0 0
#SOLUTION-AFT
 0  0  0  0  0 
 11  18  29  36  37 
 12  3  7  24  21 
 31  25  32  5  16 
 4  28  6  19  23 
 22  27  20  33  1 
 2  10  13  17  35 
 0  0  0  0  0 
 0  0  0  0  0 
#SOLUTION-FWD
 0  0  0  0  0 
 11  18  29  36  34 
 12  3  7  24  26 
 31  25  32  5  8 
 4  28  6  19  30 
 22  27  14  33  15 
 2  10  9  17  38 
 0  0  0  0  0 
 0  0  0  0  0 
#INFO
cap20: 16  cap40: 22  reefer: 0  HC: 14  capacity: 100.000000 TEU: 60