2 20 63 10 90 1 9
#POD
2 3 
#LOCATIONS
56 
#CONTAINERS_TOLOAD
0 0 0 19004.00 2.90 40 3 1 56 0
0 0 0 20846.00 2.90 40 3 1 56 0
0 0 0 19633.00 2.90 40 3 1 56 0
0 0 0 21650.00 2.90 40 3 1 56 0
0 0 0 28500.00 2.59 40 2 0 56 0
0 0 0 28400.00 2.59 40 2 0 56 0
0 0 0 28600.00 2.59 40 2 0 56 0
0 0 0 28400.00 2.59 40 2 0 56 0
0 0 0 28600.00 2.59 40 2 0 56 0
0 0 0 20916.00 2.90 40 3 1 56 0
0 0 0 20572.00 2.90 40 3 1 56 0
0 0 0 28600.00 2.59 40 2 0 56 0
0 0 0 20147.00 2.90 40 3 1 56 0
0 0 0 30000.00 2.90 40 3 1 56 0
0 0 0 30000.00 2.90 40 3 1 56 0
0 0 0 21935.00 2.90 40 3 1 56 0
0 0 0 29700.00 2.90 40 3 1 56 0
0 0 0 29900.00 2.90 40 3 1 56 0
0 0 0 21696.00 2.90 40 3 1 56 0
0 0 0 21446.00 2.90 40 3 1 56 0
#CONTAINERS_LOADED 
9 3 0 27200.00 2.90 40 3 0 56 0
7 3 -1 22300.00 2.59 20 3 0 56 0
6 5 0 28800.00 2.59 40 3 0 56 0
7 7 0 28800.00 2.59 40 3 0 56 0
7 3 1 22300.00 2.59 20 3 0 56 0
6 2 1 21800.00 2.59 20 3 0 56 0
4 1 -1 22700.00 2.59 20 3 0 56 0
6 2 -1 22000.00 2.59 20 3 0 56 0
7 4 0 30500.00 2.59 40 3 0 56 0
7 1 1 22200.00 2.59 20 3 0 56 0
6 8 0 28800.00 2.59 40 3 0 56 0
4 2 1 22300.00 2.59 20 3 0 56 0
8 3 0 29000.00 2.90 40 3 0 56 0
5 7 0 26700.00 2.90 40 3 0 56 0
3 4 0 29000.00 2.90 40 3 0 56 0
5 4 0 29000.00 2.90 40 3 0 56 0
9 4 0 26900.00 2.90 40 3 0 56 0
4 6 0 27100.00 2.90 40 3 0 56 0
6 7 0 28800.00 2.59 40 3 0 56 0
6 6 0 28800.00 2.59 40 3 0 56 0
4 8 0 26300.00 2.90 40 3 0 56 0
5 3 1 22500.00 2.59 20 3 0 56 0
3 5 0 27200.00 2.90 40 3 0 56 0
5 2 -1 22600.00 2.59 20 3 0 56 0
4 5 0 26900.00 2.90 40 3 0 56 0
7 9 0 4900.00 2.90 40 3 0 56 0
6 9 0 13900.00 2.90 40 3 0 56 0
4 3 -1 22100.00 2.59 20 3 0 56 0
6 3 -1 21400.00 2.59 20 3 0 56 0
6 1 -1 22000.00 2.59 20 3 0 56 0
4 1 1 22400.00 2.59 20 3 0 56 0
7 5 0 28800.00 2.59 40 3 0 56 0
5 8 0 29000.00 2.90 40 3 0 56 0
7 2 -1 22300.00 2.59 20 3 0 56 0
5 3 -1 22000.00 2.59 20 3 0 56 0
4 3 1 22200.00 2.59 20 3 0 56 0
6 4 1 22300.00 2.59 20 3 0 56 0
8 8 0 26600.00 2.90 40 3 0 56 0
6 1 1 22300.00 2.59 20 3 0 56 0
6 3 1 22300.00 2.59 20 3 0 56 0
8 6 0 29000.00 2.90 40 3 0 56 0
3 6 0 26400.00 2.90 40 3 0 56 0
7 6 0 28800.00 2.59 40 3 0 56 0
5 1 1 22100.00 2.59 20 3 0 56 0
3 8 0 13900.00 2.90 40 3 0 56 0
8 5 0 29000.00 2.90 40 3 0 56 0
3 3 0 27200.00 2.90 40 3 0 56 0
7 2 1 22400.00 2.59 20 3 0 56 0
5 5 0 27200.00 2.90 40 3 0 56 0
6 4 -1 22700.00 2.59 20 3 0 56 0
8 2 0 33100.00 2.90 40 3 1 56 0
8 7 0 26100.00 2.90 40 3 0 56 0
5 2 1 21500.00 2.59 20 3 0 56 0
4 7 0 26900.00 2.90 40 3 0 56 0
8 4 0 27100.00 2.90 40 3 0 56 0
5 1 -1 22400.00 2.59 20 3 0 56 0
5 6 0 27100.00 2.90 40 3 0 56 0
7 1 -1 22600.00 2.59 20 3 0 56 0
4 4 0 27200.00 2.90 40 3 0 56 0
3 2 0 29000.00 2.90 40 3 0 56 0
4 2 -1 22300.00 2.59 20 3 0 56 0
7 8 0 24200.00 2.59 40 3 0 56 0
3 7 0 26600.00 2.90 40 3 0 56 0
#STACKS
420000.000000 16.000000 56
420000.000000 18.600000 56
420000.000000 21.200000 56
420000.000000 23.800000 56
420000.000000 23.800000 56
420000.000000 23.800000 56
420000.000000 23.800000 56
420000.000000 21.200000 56
420000.000000 18.600000 56
420000.000000 16.000000 56
#CELLS
1 0 0 0 0 0 0
1 0 0 0 0 0 0
1 0 0 0 0 0 0
1 0 1 1 1 1 56
1 0 1 1 1 1 56
1 0 1 1 1 1 56
1 0 1 1 1 1 56
1 0 0 0 0 1 56
1 0 0 0 0 1 56
2 0 0 0 0 0 0
2 0 0 0 0 0 0
2 0 1 1 1 1 56
2 0 1 1 1 1 56
2 0 1 1 1 1 56
2 0 1 1 1 1 56
2 0 1 0 0 1 56
2 0 0 0 0 1 56
2 0 0 0 0 1 56
3 0 0 0 0 0 0
3 0 1 1 1 1 56
3 0 1 1 1 1 56
3 0 1 1 1 1 56
3 0 1 1 1 1 56
3 0 1 0 0 1 56
3 0 1 0 0 1 56
3 0 0 0 0 1 56
3 0 0 0 0 1 56
4 0 1 1 1 1 56
4 0 1 1 1 1 56
4 0 1 1 1 1 56
4 0 1 1 1 1 56
4 0 1 0 0 1 56
4 0 1 0 0 1 56
4 0 1 0 0 1 56
4 0 0 0 0 1 56
4 0 0 0 0 1 56
5 0 1 1 1 1 56
5 0 1 1 1 1 56
5 0 1 1 1 1 56
5 0 1 1 1 1 56
5 0 1 0 0 1 56
5 0 1 0 0 1 56
5 0 1 0 0 1 56
5 0 0 0 0 1 56
5 0 0 0 0 1 56
6 0 1 1 1 1 56
6 0 1 1 1 1 56
6 0 1 1 1 1 56
6 0 1 1 1 1 56
6 0 1 0 0 1 56
6 0 1 0 0 1 56
6 0 1 0 0 1 56
6 0 0 0 0 1 56
6 0 0 0 0 1 56
7 0 1 1 1 1 56
7 0 1 1 1 1 56
7 0 1 1 1 1 56
7 0 1 1 1 1 56
7 0 1 0 0 1 56
7 0 1 0 0 1 56
7 0 1 0 0 1 56
7 0 0 0 0 1 56
7 0 0 0 0 1 56
8 0 0 0 0 0 0
8 0 1 1 1 1 56
8 0 1 1 1 1 56
8 0 1 1 1 1 56
8 0 1 1 1 1 56
8 0 1 0 0 1 56
8 0 1 0 0 1 56
8 0 0 0 0 1 56
8 0 0 0 0 1 56
9 0 0 0 0 0 0
9 0 0 0 0 0 0
9 0 1 1 1 1 56
9 0 1 1 1 1 56
9 0 1 1 1 1 56
9 0 1 1 1 1 56
9 0 1 0 0 1 56
9 0 0 0 0 1 56
9 0 0 0 0 1 56
10 0 0 0 0 0 0
10 0 0 0 0 0 0
10 0 0 0 0 0 0
10 0 1 1 1 1 56
10 0 1 1 1 1 56
10 0 1 1 1 1 56
10 0 1 1 1 1 56
10 0 0 0 0 1 56
10 0 0 0 0 1 56
#SOLUTION-AFT
 0  0  0  0  0  47  46  0  0  0 
 6  7  65  41  53  31  82  58  12  8 
 17  16  83  74  34  39  24  72  3  5 
 18  19  62  38  77  40  63  61  2  9 
 15  20  43  45  69  23  52  66  13  10 
 14  1  35  79  36  57  29  75  37  4 
 0  11  67  56  42  60  25  33  21  0 
 0  0  80  32  73  26  68  71  0  0 
 0  0  0  51  64  59  30  0  0  0 
#SOLUTION-FWD
 0  0  0  0  0  47  46  0  0  0 
 6  7  65  41  53  31  82  58  12  8 
 17  16  83  74  34  39  24  72  3  5 
 18  19  62  38  77  40  63  61  2  9 
 15  20  43  45  69  23  52  66  13  10 
 14  1  35  79  36  70  29  75  37  4 
 0  11  67  48  55  49  22  33  21  0 
 0  0  80  81  44  28  54  71  0  0 
 0  0  0  27  76  50  78  0  0  0 
#INFO
cap20: 26  cap40: 57  reefer: 15  HC: 42  capacity: 89.743590 TEU: 156