1 49 0 4 36 1 9
#POD
2 
#LOCATIONS
10 
#CONTAINERS_TOLOAD
0 0 0 22050.00 2.59 20 2 0 10 0
0 0 0 29940.00 2.59 40 2 0 10 0
0 0 0 29990.00 2.59 40 2 0 10 0
0 0 0 29980.00 2.59 40 2 0 10 0
0 0 0 17000.00 2.59 20 2 0 10 0
0 0 0 22280.00 2.59 20 2 0 10 0
0 0 0 29910.00 2.59 40 2 0 10 0
0 0 0 21750.00 2.59 20 2 0 10 0
0 0 0 19004.00 2.90 40 2 0 10 0
0 0 0 20858.00 2.59 20 2 0 10 0
0 0 0 21930.00 2.59 20 2 0 10 0
0 0 0 22280.00 2.59 20 2 0 10 0
0 0 0 22555.00 2.59 20 2 0 10 0
0 0 0 24100.00 2.59 20 2 0 10 0
0 0 0 21770.00 2.59 20 2 0 10 0
0 0 0 20670.00 2.59 20 2 0 10 0
0 0 0 29970.00 2.59 40 2 0 10 0
0 0 0 29900.00 2.59 40 2 0 10 0
0 0 0 21524.00 2.59 20 2 0 10 0
0 0 0 22950.00 2.59 20 2 0 10 0
0 0 0 22950.00 2.59 20 2 0 10 0
0 0 0 22530.00 2.59 20 2 0 10 0
0 0 0 22670.00 2.59 20 2 0 10 0
0 0 0 20846.00 2.90 40 2 0 10 0
0 0 0 29900.00 2.59 40 2 0 10 0
0 0 0 26420.00 2.59 20 2 0 10 0
0 0 0 18300.00 2.59 20 2 0 10 0
0 0 0 19633.00 2.90 40 2 0 10 0
0 0 0 29900.00 2.59 40 2 0 10 0
0 0 0 22220.00 2.59 20 2 0 10 0
0 0 0 26420.00 2.59 20 2 0 10 0
0 0 0 23330.00 2.59 20 2 0 10 0
0 0 0 22535.00 2.59 20 2 0 10 0
0 0 0 21650.00 2.90 40 2 0 10 0
0 0 0 29970.00 2.59 40 2 0 10 0
0 0 0 22520.00 2.59 20 2 0 10 0
0 0 0 21910.00 2.59 20 2 0 10 0
0 0 0 29880.00 2.59 40 2 0 10 0
0 0 0 29870.00 2.59 40 2 0 10 0
0 0 0 29890.00 2.59 40 2 0 10 0
0 0 0 20780.00 2.59 20 2 0 10 0
0 0 0 25280.00 2.59 20 2 0 10 0
0 0 0 21460.00 2.59 20 2 0 10 0
0 0 0 18300.00 2.59 20 2 0 10 0
0 0 0 17430.00 2.59 20 2 0 10 0
0 0 0 29860.00 2.59 40 2 0 10 0
0 0 0 22170.00 2.59 20 2 0 10 0
0 0 0 22170.00 2.59 20 2 0 10 0
0 0 0 16823.00 2.59 20 2 0 10 0
#CONTAINERS_LOADED 
#STACKS
378000.000000 21.280000 10
378000.000000 23.870000 10
378000.000000 23.870000 10
378000.000000 21.280000 10
#CELLS
1 0 0 0 0 0 0
1 0 0 1 1 1 10
1 0 0 1 1 1 10
1 0 0 1 1 1 10
1 0 0 1 1 1 10
1 0 0 1 1 1 10
1 0 0 1 1 1 10
1 0 0 1 1 1 10
1 0 0 1 1 1 10
2 0 0 1 1 1 10
2 0 0 1 1 1 10
2 0 0 1 1 1 10
2 0 0 1 1 1 10
2 0 0 1 1 1 10
2 0 0 1 1 1 10
2 0 0 1 1 1 10
2 0 0 1 1 1 10
2 0 0 1 1 1 10
3 0 0 1 1 1 10
3 0 0 1 1 1 10
3 0 0 1 1 1 10
3 0 0 1 1 1 10
3 0 0 1 1 1 10
3 0 0 1 1 1 10
3 0 0 1 1 1 10
3 0 0 1 1 1 10
3 0 0 1 1 1 10
4 0 0 0 0 0 0
4 0 0 1 1 1 10
4 0 0 1 1 1 10
4 0 0 1 1 1 10
4 0 0 1 1 1 10
4 0 0 1 1 1 10
4 0 0 1 1 1 10
4 0 0 1 1 1 10
4 0 0 1 1 1 10
#SOLUTION-AFT
 0  29  3  34 
 46  7  9  49 
 39  2  12  27 
 38  17  22  16 
 40  35  13  41 
 25  4  23  43 
 18  28  20  15 
 24  1  42  11 
 0  48  26  0 
#SOLUTION-FWD
 0  29  3  34 
 46  7  9  5 
 39  2  6  45 
 38  17  36  44 
 40  35  33  10 
 25  4  21  19 
 18  28  32  8 
 24  47  14  37 
 0  30  31  0 
#INFO
cap20: 32  cap40: 17  reefer: 0  HC: 4  capacity: 97.058824 TEU: 68