1 61 0 8 64 1 8
#POD
3 
#LOCATIONS
35 
#CONTAINERS_TOLOAD
0 0 0 4000.00 2.59 40 3 0 35 0
0 0 0 4000.00 2.59 40 3 0 35 0
0 0 0 4000.00 2.59 40 3 0 35 0
0 0 0 4000.00 2.90 40 3 0 35 0
0 0 0 4000.00 2.90 40 3 0 35 0
0 0 0 4000.00 2.59 40 3 0 35 0
0 0 0 4000.00 2.59 40 3 0 35 0
0 0 0 4000.00 2.59 40 3 0 35 0
0 0 0 4000.00 2.59 40 3 0 35 0
0 0 0 4000.00 2.59 40 3 0 35 0
0 0 0 4000.00 2.59 40 3 0 35 0
0 0 0 4000.00 2.59 40 3 0 35 0
0 0 0 4000.00 2.59 40 3 0 35 0
0 0 0 4000.00 2.59 40 3 0 35 0
0 0 0 4000.00 2.59 40 3 0 35 0
0 0 0 4000.00 2.59 40 3 0 35 0
0 0 0 4000.00 2.59 40 3 0 35 0
0 0 0 4000.00 2.59 40 3 0 35 0
0 0 0 4000.00 2.59 40 3 0 35 0
0 0 0 4000.00 2.59 40 3 0 35 0
0 0 0 4000.00 2.59 40 3 0 35 0
0 0 0 4000.00 2.90 40 3 0 35 0
0 0 0 4000.00 2.59 40 3 0 35 0
0 0 0 4000.00 2.59 40 3 0 35 0
0 0 0 4000.00 2.59 40 3 0 35 0
0 0 0 4000.00 2.59 40 3 0 35 0
0 0 0 4000.00 2.59 40 3 0 35 0
0 0 0 4000.00 2.90 40 3 0 35 0
0 0 0 4000.00 2.59 40 3 0 35 0
0 0 0 4000.00 2.90 40 3 0 35 0
0 0 0 4000.00 2.59 40 3 0 35 0
0 0 0 4000.00 2.59 40 3 0 35 0
0 0 0 4000.00 2.59 40 3 0 35 0
0 0 0 4000.00 2.59 40 3 0 35 0
0 0 0 4000.00 2.59 40 3 0 35 0
0 0 0 4000.00 2.59 40 3 0 35 0
0 0 0 4000.00 2.59 40 3 0 35 0
0 0 0 4000.00 2.59 40 3 0 35 0
0 0 0 4000.00 2.59 40 3 0 35 0
0 0 0 13000.00 2.59 40 3 0 35 0
0 0 0 4000.00 2.59 40 3 0 35 0
0 0 0 4000.00 2.59 40 3 0 35 0
0 0 0 4000.00 2.59 40 3 0 35 0
0 0 0 4000.00 2.59 40 3 0 35 0
0 0 0 4000.00 2.59 40 3 0 35 0
0 0 0 4000.00 2.59 40 3 0 35 0
0 0 0 4000.00 2.59 40 3 0 35 0
0 0 0 4000.00 2.59 40 3 0 35 0
0 0 0 4000.00 2.59 40 3 0 35 0
0 0 0 4000.00 2.59 40 3 0 35 0
0 0 0 4000.00 2.59 40 3 0 35 0
0 0 0 19004.00 2.59 40 3 0 35 0
0 0 0 4000.00 2.59 40 3 0 35 0
0 0 0 20846.00 2.59 40 3 0 35 0
0 0 0 4000.00 2.59 40 3 0 35 0
0 0 0 4000.00 2.59 40 3 0 35 0
0 0 0 4000.00 2.59 40 3 0 35 0
0 0 0 4000.00 2.59 40 3 0 35 0
0 0 0 4000.00 2.90 40 3 0 35 0
0 0 0 4000.00 2.90 40 3 0 35 0
0 0 0 4000.00 2.90 40 3 0 35 0
#CONTAINERS_LOADED 
#STACKS
162000.000000 18.500000 35
162000.000000 21.100000 35
162000.000000 21.100000 35
162000.000000 21.100000 35
162000.000000 21.100000 35
162000.000000 21.100000 35
162000.000000 21.100000 35
162000.000000 18.500000 35
#CELLS
1 0 0 0 0 0 0
1 0 1 1 1 1 35
1 0 1 1 1 1 35
1 0 1 1 1 1 35
1 0 1 1 1 1 35
1 0 0 1 1 1 35
1 0 0 1 1 1 35
1 0 0 1 1 1 35
2 0 1 1 1 1 35
2 0 1 1 1 1 35
2 0 1 1 1 1 35
2 0 1 1 1 1 35
2 0 1 1 1 1 35
2 0 0 1 1 1 35
2 0 0 1 1 1 35
2 0 0 1 1 1 35
3 0 1 1 1 1 35
3 0 1 1 1 1 35
3 0 1 1 1 1 35
3 0 1 1 1 1 35
3 0 1 1 1 1 35
3 0 0 1 1 1 35
3 0 0 1 1 1 35
3 0 0 1 1 1 35
4 0 1 1 1 1 35
4 0 1 1 1 1 35
4 0 1 1 1 1 35
4 0 1 1 1 1 35
4 0 1 1 1 1 35
4 0 0 1 1 1 35
4 0 0 1 1 1 35
4 0 0 1 1 1 35
5 0 1 1 1 1 35
5 0 1 1 1 1 35
5 0 1 1 1 1 35
5 0 1 1 1 1 35
5 0 1 1 1 1 35
5 0 0 1 1 1 35
5 0 0 1 1 1 35
5 0 0 1 1 1 35
6 0 1 1 1 1 35
6 0 1 1 1 1 35
6 0 1 1 1 1 35
6 0 1 1 1 1 35
6 0 1 1 1 1 35
6 0 0 1 1 1 35
6 0 0 1 1 1 35
6 0 0 1 1 1 35
7 0 1 1 1 1 35
7 0 1 1 1 1 35
7 0 1 1 1 1 35
7 0 1 1 1 1 35
7 0 1 1 1 1 35
7 0 0 1 1 1 35
7 0 0 1 1 1 35
7 0 0 1 1 1 35
8 0 0 0 0 0 0
8 0 1 1 1 1 35
8 0 1 1 1 1 35
8 0 1 1 1 1 35
8 0 1 1 1 1 35
8 0 0 1 1 1 35
8 0 0 1 1 1 35
8 0 0 1 1 1 35
#SOLUTION-AFT
 0  25  28  53  55  49  24  16 
 59  47  42  36  56  20  39  34 
 61  18  11  41  57  8  6  12 
 4  32  43  37  58  38  19  10 
 60  45  48  31  1  50  35  30 
 5  33  29  17  3  44  21  26 
 54  13  46  51  2  23  9  14 
 0  27  40  7  52  22  15  0 
#SOLUTION-FWD
 0  25  28  53  55  49  24  16 
 59  47  42  36  56  20  39  34 
 61  18  11  41  57  8  6  12 
 4  32  43  37  58  38  19  10 
 60  45  48  31  1  50  35  30 
 5  33  29  17  3  44  21  26 
 54  13  46  51  2  23  9  14 
 0  27  40  7  52  22  15  0 
#INFO
cap20: 0  cap40: 61  reefer: 0  HC: 8  capacity: 98.387097 TEU: 124