1 57 6 10 90 1 9
#POD
4 
#LOCATIONS
31 
#CONTAINERS_TOLOAD
0 0 0 22890.00 2.59 20 4 0 31 0
0 0 0 22846.00 2.59 20 4 0 31 0
0 0 0 14004.00 2.59 20 4 0 31 0
0 0 0 22914.00 2.59 20 4 0 31 0
0 0 0 23250.00 2.59 20 4 0 31 0
0 0 0 15846.00 2.59 20 4 0 31 0
0 0 0 22966.00 2.59 20 4 0 31 0
0 0 0 22880.00 2.90 40 4 0 31 0
0 0 0 25170.00 2.59 20 4 0 31 0
0 0 0 14633.00 2.59 20 4 0 31 0
0 0 0 20000.00 2.59 40 4 0 31 0
0 0 0 16650.00 2.59 20 4 0 31 0
0 0 0 15916.00 2.59 20 4 0 31 0
0 0 0 20000.00 2.59 40 4 0 31 0
0 0 0 20000.00 2.59 40 4 0 31 0
0 0 0 21964.00 2.59 40 4 0 31 0
0 0 0 20000.00 2.59 40 4 0 31 0
0 0 0 23026.00 2.59 20 4 0 31 0
0 0 0 23210.00 2.59 20 4 0 31 0
0 0 0 23132.00 2.59 20 4 0 31 0
0 0 0 23086.00 2.59 20 4 0 31 0
0 0 0 21217.00 2.59 40 4 0 31 0
0 0 0 22922.00 2.59 20 4 0 31 0
0 0 0 23156.00 2.59 20 4 0 31 0
0 0 0 23452.00 2.59 20 4 0 31 0
0 0 0 23146.00 2.59 20 4 0 31 0
0 0 0 20000.00 2.59 40 4 0 31 0
0 0 0 23146.00 2.59 20 4 0 31 0
0 0 0 23144.00 2.59 20 4 0 31 0
0 0 0 20000.00 2.59 40 4 0 31 0
0 0 0 23058.00 2.59 20 4 0 31 0
0 0 0 23020.00 2.59 20 4 0 31 0
0 0 0 20860.00 2.59 40 4 0 31 0
0 0 0 15572.00 2.59 20 4 0 31 0
0 0 0 20000.00 2.59 40 4 0 31 0
0 0 0 23168.00 2.59 20 4 0 31 0
0 0 0 23358.00 2.59 20 4 0 31 0
0 0 0 15147.00 2.59 20 4 0 31 0
0 0 0 23046.00 2.59 20 4 0 31 0
0 0 0 20000.00 2.59 40 4 0 31 0
0 0 0 16935.00 2.59 20 4 0 31 0
0 0 0 20000.00 2.59 40 4 0 31 0
0 0 0 22590.00 2.59 20 4 0 31 0
0 0 0 23120.00 2.59 20 4 0 31 0
0 0 0 23100.00 2.59 20 4 0 31 0
0 0 0 16696.00 2.59 20 4 0 31 0
0 0 0 22600.00 2.59 20 4 0 31 0
0 0 0 22650.00 2.59 20 4 0 31 0
0 0 0 20000.00 2.59 40 4 0 31 0
0 0 0 16446.00 2.59 20 4 0 31 0
0 0 0 23432.00 2.59 20 4 0 31 0
0 0 0 20000.00 2.59 40 4 0 31 0
0 0 0 14570.00 2.59 20 4 0 31 0
0 0 0 16814.00 2.59 20 4 0 31 0
0 0 0 20000.00 2.59 40 4 0 31 0
0 0 0 23044.00 2.59 20 4 0 31 0
0 0 0 9230.00 2.59 40 4 0 31 0
#CONTAINERS_LOADED 
7 2 0 21800.00 2.90 40 4 1 31 0
6 1 0 20800.00 2.90 40 4 1 31 0
7 3 0 21800.00 2.90 40 4 1 31 0
7 1 0 20800.00 2.90 40 4 1 31 0
6 2 0 21800.00 2.90 40 4 1 31 0
6 3 0 18100.00 2.90 40 4 1 31 0
#STACKS
238000.000000 21.240000 31
238000.000000 23.850000 31
238000.000000 23.850000 31
238000.000000 23.850000 31
238000.000000 23.850000 31
238000.000000 23.850000 31
238000.000000 23.850000 31
238000.000000 23.850000 31
238000.000000 23.850000 31
238000.000000 21.240000 31
#CELLS
1 0 0 0 0 0 0
1 0 1 1 1 1 31
1 0 1 1 1 1 31
1 0 1 1 1 1 31
1 0 1 1 1 1 31
1 0 0 1 1 1 31
1 0 0 1 1 1 31
1 0 0 1 1 1 31
1 0 0 0 0 1 31
2 0 1 1 1 1 31
2 0 1 1 1 1 31
2 0 1 1 1 1 31
2 0 1 1 1 1 31
2 0 1 1 1 1 31
2 0 1 1 1 1 31
2 0 0 1 1 1 31
2 0 0 0 0 1 31
2 0 0 0 0 1 31
3 0 1 1 1 1 31
3 0 1 1 1 1 31
3 0 1 1 1 1 31
3 0 1 1 1 1 31
3 0 1 1 1 1 31
3 0 1 1 1 1 31
3 0 0 1 1 1 31
3 0 0 0 0 1 31
3 0 0 0 0 1 31
4 0 1 1 1 1 31
4 0 1 1 1 1 31
4 0 1 1 1 1 31
4 0 1 1 1 1 31
4 0 1 1 1 1 31
4 0 1 1 1 1 31
4 0 0 1 1 1 31
4 0 0 0 0 1 31
4 0 0 0 0 1 31
5 0 1 1 1 1 31
5 0 1 1 1 1 31
5 0 1 1 1 1 31
5 0 1 1 1 1 31
5 0 1 1 1 1 31
5 0 1 1 1 1 31
5 0 0 1 1 1 31
5 0 0 0 0 1 31
5 0 0 0 0 1 31
6 0 1 1 1 1 31
6 0 1 1 1 1 31
6 0 1 1 1 1 31
6 0 1 1 1 1 31
6 0 1 1 1 1 31
6 0 1 1 1 1 31
6 0 0 1 1 1 31
6 0 0 0 0 1 31
6 0 0 0 0 1 31
7 0 1 1 1 1 31
7 0 1 1 1 1 31
7 0 1 1 1 1 31
7 0 1 1 1 1 31
7 0 1 1 1 1 31
7 0 1 1 1 1 31
7 0 0 1 1 1 31
7 0 0 0 0 1 31
7 0 0 0 0 1 31
8 0 1 1 1 1 31
8 0 1 1 1 1 31
8 0 1 1 1 1 31
8 0 1 1 1 1 31
8 0 1 1 1 1 31
8 0 1 1 1 1 31
8 0 0 1 1 1 31
8 0 0 0 0 1 31
8 0 0 0 0 1 31
9 0 1 1 1 1 31
9 0 1 1 1 1 31
9 0 1 1 1 1 31
9 0 1 1 1 1 31
9 0 1 1 1 1 31
9 0 1 1 1 1 31
9 0 0 1 1 1 31
9 0 0 0 0 1 31
9 0 0 0 0 1 31
10 0 0 0 0 0 0
10 0 0 1 1 1 31
10 0 0 1 1 1 31
10 0 0 1 1 1 31
10 0 0 1 1 1 31
10 0 0 1 1 1 31
10 0 0 1 1 1 31
10 0 0 1 1 1 31
10 0 0 0 0 1 31
#SOLUTION-AFT
 0  0  0  49  55  0  0  0  0  0 
 0  57  0  35  33  0  0  0  0  0 
 0  15  30  40  22  0  0  0  0  0 
 0  11  17  42  16  0  0  0  0  0 
 43  14  27  52  8  0  0  0  0  0 
 2  4  18  31  24  0  0  0  0  0 
 46  7  39  44  19  63  60  0  0  0 
 6  50  13  20  37  62  58  0  0  0 
 0  41  34  26  25  59  61  0  0  0 
#SOLUTION-FWD
 0  0  0  49  55  0  0  0  0  0 
 0  57  0  35  33  0  0  0  0  0 
 0  15  30  40  22  0  0  0  0  0 
 0  11  17  42  16  0  0  0  0  0 
 47  14  27  52  8  0  0  0  0  0 
 48  1  32  21  36  0  0  0  0  0 
 3  23  56  45  5  63  60  0  0  0 
 54  38  10  29  51  62  58  0  0  0 
 0  53  12  28  9  59  61  0  0  0 
#INFO
cap20: 40  cap40: 23  reefer: 6  HC: 7  capacity: 48.863636 TEU: 176