1 19 0 3 24 1 8
#POD
3 
#LOCATIONS
38 
#CONTAINERS_TOLOAD
0 0 0 25880.00 2.90 40 3 0 38 0
0 0 0 19004.00 2.90 40 3 1 38 0
0 0 0 20846.00 2.90 40 3 1 38 0
0 0 0 13940.00 2.59 40 3 0 38 0
0 0 0 19820.00 2.59 40 3 0 38 0
0 0 0 19633.00 2.90 40 3 1 38 0
0 0 0 25340.00 2.90 40 3 0 38 0
0 0 0 12820.00 2.59 40 3 0 38 0
0 0 0 21650.00 2.90 40 3 1 38 0
0 0 0 13530.00 2.59 40 3 0 38 0
0 0 0 15200.00 2.59 40 3 0 38 0
0 0 0 20916.00 2.90 40 3 1 38 0
0 0 0 9210.00 2.59 40 3 0 38 0
0 0 0 20572.00 2.90 40 3 1 38 0
0 0 0 14640.00 2.59 40 3 0 38 0
0 0 0 25800.00 2.59 40 3 0 38 0
0 0 0 20147.00 2.90 40 3 1 38 0
0 0 0 11000.00 2.59 40 3 0 38 0
0 0 0 21935.00 2.90 40 3 1 38 0
#CONTAINERS_LOADED 
#STACKS
400000.000000 21.650000 38
400000.000000 21.650000 38
400000.000000 21.650000 38
#CELLS
1 0 0 1 1 1 38
1 0 0 1 1 1 38
1 0 1 1 1 1 38
1 0 1 1 1 1 38
1 0 1 1 1 1 38
1 0 1 1 1 1 38
1 0 0 1 1 1 38
1 0 0 0 0 1 38
2 0 0 1 1 1 38
2 0 0 1 1 1 38
2 0 0 1 1 1 38
2 0 0 1 1 1 38
2 0 0 1 1 1 38
2 0 0 1 1 1 38
2 0 0 1 1 1 38
2 0 0 0 0 1 38
3 0 0 1 1 1 38
3 0 0 1 1 1 38
3 0 1 1 1 1 38
3 0 1 1 1 1 38
3 0 1 1 1 1 38
3 0 1 1 1 1 38
3 0 0 1 1 1 38
3 0 0 0 0 1 38
#SOLUTION-AFT
 0  18  0 
 13  8  0 
 6  10  12 
 17  4  9 
 3  15  2 
 14  11  19 
 7  5  0 
 1  16  0 
#SOLUTION-FWD
 0  18  0 
 13  8  0 
 6  10  12 
 17  4  9 
 3  15  2 
 14  11  19 
 7  5  0 
 1  16  0 
#INFO
cap20: 0  cap40: 19  reefer: 8  HC: 10  capacity: 79.166667 TEU: 48