1 66 0 8 72 1 9
#POD
2 
#LOCATIONS
35 
#CONTAINERS_TOLOAD
0 0 0 22700.00 2.59 40 2 0 35 0
0 0 0 4500.00 2.90 40 2 0 35 0
0 0 0 19398.00 2.59 40 2 0 35 0
0 0 0 22800.00 2.59 40 2 0 35 0
0 0 0 25400.00 2.59 40 2 0 35 0
0 0 0 26200.00 2.59 20 2 0 35 0
0 0 0 26800.00 2.59 20 2 0 35 0
0 0 0 19348.00 2.59 40 2 0 35 0
0 0 0 19004.00 2.59 40 2 0 35 0
0 0 0 25000.00 2.59 20 2 0 35 0
0 0 0 25900.00 2.59 40 2 0 35 0
0 0 0 25900.00 2.59 40 2 0 35 0
0 0 0 4500.00 2.90 40 2 0 35 0
0 0 0 19288.00 2.59 40 2 0 35 0
0 0 0 25900.00 2.59 40 2 0 35 0
0 0 0 4500.00 2.90 40 2 0 35 0
0 0 0 25900.00 2.59 40 2 0 35 0
0 0 0 20846.00 2.59 40 2 0 35 0
0 0 0 26200.00 2.59 20 2 0 35 0
0 0 0 26200.00 2.59 20 2 0 35 0
0 0 0 26200.00 2.59 20 2 0 35 0
0 0 0 25400.00 2.59 40 2 0 35 0
0 0 0 26200.00 2.59 20 2 0 35 0
0 0 0 4500.00 2.90 40 2 0 35 0
0 0 0 26200.00 2.59 20 2 0 35 0
0 0 0 26800.00 2.59 20 2 0 35 0
0 0 0 25900.00 2.59 40 2 0 35 0
0 0 0 25400.00 2.59 40 2 0 35 0
0 0 0 20000.00 2.59 40 2 0 35 0
0 0 0 19408.00 2.59 40 2 0 35 0
0 0 0 28000.00 2.59 20 2 0 35 0
0 0 0 26200.00 2.59 20 2 0 35 0
0 0 0 25400.00 2.59 40 2 0 35 0
0 0 0 26000.00 2.59 20 2 0 35 0
0 0 0 26800.00 2.59 20 2 0 35 0
0 0 0 4500.00 2.90 40 2 0 35 0
0 0 0 28000.00 2.59 20 2 0 35 0
0 0 0 27100.00 2.59 20 2 0 35 0
0 0 0 23389.00 2.59 40 2 0 35 0
0 0 0 27100.00 2.59 20 2 0 35 0
0 0 0 27100.00 2.59 20 2 0 35 0
0 0 0 22790.00 2.59 40 2 0 35 0
0 0 0 25600.00 2.59 20 2 0 35 0
0 0 0 4500.00 2.90 40 2 0 35 0
0 0 0 25100.00 2.59 20 2 0 35 0
0 0 0 26800.00 2.59 20 2 0 35 0
0 0 0 27100.00 2.59 20 2 0 35 0
0 0 0 4500.00 2.90 40 2 0 35 0
0 0 0 26800.00 2.59 20 2 0 35 0
0 0 0 26860.00 2.59 40 2 0 35 0
0 0 0 4500.00 2.90 40 2 0 35 0
0 0 0 23033.00 2.59 40 2 0 35 0
0 0 0 26000.00 2.59 20 2 0 35 0
0 0 0 21500.00 2.59 40 2 0 35 0
0 0 0 25600.00 2.59 20 2 0 35 0
0 0 0 21966.00 2.59 40 2 0 35 0
0 0 0 27890.00 2.59 20 2 0 35 0
0 0 0 25100.00 2.59 20 2 0 35 0
0 0 0 15000.00 2.59 40 2 0 35 0
0 0 0 19900.00 2.59 40 2 0 35 0
0 0 0 19100.00 2.59 40 2 0 35 0
0 0 0 24100.00 2.59 40 2 0 35 0
0 0 0 19900.00 2.59 40 2 0 35 0
0 0 0 24100.00 2.59 40 2 0 35 0
0 0 0 22100.00 2.59 40 2 0 35 0
0 0 0 25400.00 2.59 40 2 0 35 0
#CONTAINERS_LOADED 
#STACKS
384000.000000 18.690000 35
384000.000000 21.280000 35
384000.000000 21.280000 35
384000.000000 21.280000 35
384000.000000 21.280000 35
384000.000000 21.280000 35
384000.000000 21.280000 35
384000.000000 18.690000 35
#CELLS
1 0 0 0 0 0 0
1 0 0 1 1 1 35
1 0 1 1 1 1 35
1 0 1 1 1 1 35
1 0 1 1 1 1 35
1 0 0 1 1 1 35
1 0 0 1 1 1 35
1 0 0 1 1 1 35
1 0 0 0 0 0 0
2 0 0 1 1 1 35
2 0 1 1 1 1 35
2 0 1 1 1 1 35
2 0 1 1 1 1 35
2 0 1 1 1 1 35
2 0 1 1 1 1 35
2 0 0 1 1 1 35
2 0 0 1 1 1 35
2 0 0 0 0 0 0
3 0 0 1 1 1 35
3 0 1 1 1 1 35
3 0 1 1 1 1 35
3 0 1 1 1 1 35
3 0 1 1 1 1 35
3 0 1 1 1 1 35
3 0 0 1 1 1 35
3 0 0 1 1 1 35
3 0 0 0 0 0 0
4 0 0 1 1 1 35
4 0 1 1 1 1 35
4 0 1 1 1 1 35
4 0 1 1 1 1 35
4 0 1 1 1 1 35
4 0 1 1 1 1 35
4 0 0 1 1 1 35
4 0 0 1 1 1 35
4 0 0 0 0 0 0
5 0 0 1 1 1 35
5 0 1 1 1 1 35
5 0 1 1 1 1 35
5 0 1 1 1 1 35
5 0 1 1 1 1 35
5 0 1 1 1 1 35
5 0 0 1 1 1 35
5 0 0 1 1 1 35
5 0 0 0 0 0 0
6 0 0 1 1 1 35
6 0 1 1 1 1 35
6 0 1 1 1 1 35
6 0 1 1 1 1 35
6 0 1 1 1 1 35
6 0 1 1 1 1 35
6 0 0 1 1 1 35
6 0 0 1 1 1 35
6 0 0 0 0 0 0
7 0 0 1 1 1 35
7 0 1 1 1 1 35
7 0 1 1 1 1 35
7 0 1 1 1 1 35
7 0 1 1 1 1 35
7 0 1 1 1 1 35
7 0 0 1 1 1 35
7 0 0 1 1 1 35
7 0 0 0 0 0 0
8 0 0 0 0 0 0
8 0 0 1 1 1 35
8 0 1 1 1 1 35
8 0 1 1 1 1 35
8 0 1 1 1 1 35
8 0 0 1 1 1 35
8 0 0 1 1 1 35
8 0 0 1 1 1 35
8 0 0 0 0 0 0
#SOLUTION-AFT
 0  0  0  0  0  0  0  0 
 0  0  0  0  0  0  0  0 
 59  60  61  62  63  64  65  66 
 58  14  24  28  27  56  0  16 
 55  8  36  22  17  1  46  13 
 53  3  44  33  11  42  41  32 
 25  30  51  5  50  4  38  20 
 19  29  48  12  18  52  57  35 
 0  54  2  15  9  39  31  0 
#SOLUTION-FWD
 0  0  0  0  0  0  0  0 
 0  0  0  0  0  0  0  0 
 59  60  61  62  63  64  65  66 
 10  14  24  28  27  56  0  16 
 45  8  36  22  17  1  49  13 
 43  3  44  33  11  42  7  6 
 34  30  51  5  50  4  40  23 
 21  29  48  12  18  52  47  26 
 0  54  2  15  9  39  37  0 
#INFO
cap20: 26  cap40: 40  reefer: 0  HC: 8  capacity: 85.483871 TEU: 124