2 69 0 5 65 1 13
#POD
2 3 
#LOCATIONS
26 
#CONTAINERS_TOLOAD
0 0 0 2000.00 2.59 20 3 0 26 0
0 0 0 2000.00 2.59 20 3 0 26 0
0 0 0 17276.00 2.59 40 2 0 26 0
0 0 0 2000.00 2.59 20 3 0 26 0
0 0 0 29440.00 2.90 40 2 0 26 0
0 0 0 17216.00 2.59 40 2 0 26 0
0 0 0 2000.00 2.59 20 3 0 26 0
0 0 0 21000.00 2.59 40 2 0 26 0
0 0 0 2000.00 2.59 20 3 0 26 0
0 0 0 2000.00 2.59 20 3 0 26 0
0 0 0 2000.00 2.59 20 3 0 26 0
0 0 0 19004.00 2.59 40 2 0 26 0
0 0 0 20846.00 2.59 40 2 0 26 0
0 0 0 17276.00 2.59 40 2 0 26 0
0 0 0 21000.00 2.59 40 2 0 26 0
0 0 0 19633.00 2.59 40 2 0 26 0
0 0 0 19297.00 2.59 40 2 0 26 0
0 0 0 29880.00 2.90 40 2 0 26 0
0 0 0 29997.00 2.59 40 2 0 26 0
0 0 0 29997.00 2.59 40 2 0 26 0
0 0 0 17276.00 2.59 40 2 0 26 0
0 0 0 21000.00 2.59 40 2 0 26 0
0 0 0 21650.00 2.59 40 2 0 26 0
0 0 0 29997.00 2.59 40 2 0 26 0
0 0 0 13570.00 2.59 40 2 0 26 0
0 0 0 21000.00 2.59 40 2 0 26 0
0 0 0 30000.00 2.59 40 2 0 26 0
0 0 0 19347.00 2.59 40 2 0 26 0
0 0 0 20916.00 2.59 40 2 0 26 0
0 0 0 29460.00 2.90 40 2 0 26 0
0 0 0 2000.00 2.59 20 3 0 26 0
0 0 0 2000.00 2.59 20 3 0 26 0
0 0 0 2000.00 2.59 20 3 0 26 0
0 0 0 2000.00 2.59 20 3 0 26 0
0 0 0 2000.00 2.59 20 3 0 26 0
0 0 0 2000.00 2.59 20 3 0 26 0
0 0 0 2000.00 2.59 20 3 0 26 0
0 0 0 2000.00 2.59 20 3 0 26 0
0 0 0 2000.00 2.59 20 3 0 26 0
0 0 0 21000.00 2.59 40 2 0 26 0
0 0 0 17216.00 2.59 40 2 0 26 0
0 0 0 20572.00 2.90 40 2 0 26 0
0 0 0 16600.00 2.59 40 2 0 26 0
0 0 0 21000.00 2.59 40 2 0 26 0
0 0 0 20147.00 2.59 40 2 0 26 0
0 0 0 6500.00 2.59 40 2 0 26 0
0 0 0 21935.00 2.59 40 2 0 26 0
0 0 0 29880.00 2.90 40 2 0 26 0
0 0 0 6750.00 2.59 40 2 0 26 0
0 0 0 30000.00 2.59 40 2 0 26 0
0 0 0 30000.00 2.90 40 2 0 26 0
0 0 0 21000.00 2.59 40 2 0 26 0
0 0 0 21696.00 2.59 40 2 0 26 0
0 0 0 21446.00 2.59 40 2 0 26 0
0 0 0 30000.00 2.90 40 2 0 26 0
0 0 0 22800.00 2.59 40 2 0 26 0
0 0 0 23802.00 2.59 40 2 0 26 0
0 0 0 19000.00 2.59 40 2 0 26 0
0 0 0 19000.00 2.59 40 2 0 26 0
0 0 0 19570.00 2.59 40 2 0 26 0
0 0 0 21814.00 2.59 40 2 0 26 0
0 0 0 2000.00 2.59 20 3 0 26 0
0 0 0 2000.00 2.59 20 3 0 26 0
0 0 0 30000.00 2.59 40 2 0 26 0
0 0 0 30000.00 2.90 40 2 0 26 0
0 0 0 2000.00 2.59 20 3 0 26 0
0 0 0 21328.00 2.59 40 2 0 26 0
0 0 0 2000.00 2.59 20 3 0 26 0
0 0 0 30000.00 2.59 40 2 0 26 0
#CONTAINERS_LOADED 
#STACKS
304000.000000 34.110000 26
304000.000000 34.110000 26
304000.000000 34.110000 26
304000.000000 34.110000 26
304000.000000 34.110000 26
#CELLS
1 0 0 1 1 1 26
1 0 0 1 1 1 26
1 0 0 1 1 1 26
1 0 0 1 1 1 26
1 0 0 1 1 1 26
1 0 0 0 0 1 26
1 0 0 0 0 1 26
1 0 0 0 0 1 26
1 1 0 0 0 1 26
1 1 0 0 0 1 26
1 0 0 0 0 1 26
1 0 0 0 0 1 26
1 0 0 0 0 1 26
2 0 0 1 1 1 26
2 0 0 1 1 1 26
2 0 0 1 1 1 26
2 0 0 1 1 1 26
2 0 0 1 1 1 26
2 0 0 0 0 1 26
2 0 0 0 0 1 26
2 0 0 0 0 1 26
2 1 0 0 0 1 26
2 1 0 0 0 1 26
2 0 0 0 0 1 26
2 0 0 0 0 1 26
2 0 0 0 0 1 26
3 0 0 1 1 1 26
3 0 0 1 1 1 26
3 0 0 1 1 1 26
3 0 0 1 1 1 26
3 0 0 1 1 1 26
3 0 0 0 0 1 26
3 0 0 0 0 1 26
3 0 0 0 0 1 26
3 1 0 0 0 1 26
3 1 0 0 0 1 26
3 0 0 0 0 1 26
3 0 0 0 0 1 26
3 0 0 0 0 1 26
4 0 0 1 1 1 26
4 0 0 1 1 1 26
4 0 0 1 1 1 26
4 0 0 1 1 1 26
4 0 0 1 1 1 26
4 0 0 0 0 1 26
4 0 0 0 0 1 26
4 0 0 0 0 1 26
4 1 0 0 0 1 26
4 1 0 0 0 1 26
4 0 0 0 0 1 26
4 0 0 0 0 1 26
4 0 0 0 0 1 26
5 0 0 1 1 1 26
5 0 0 1 1 1 26
5 0 0 1 1 1 26
5 0 0 1 1 1 26
5 0 0 1 1 1 26
5 0 0 0 0 1 26
5 0 0 0 0 1 26
5 0 0 0 0 1 26
5 1 0 0 0 1 26
5 1 0 0 0 1 26
5 0 0 0 0 1 26
5 0 0 0 0 1 26
5 0 0 0 0 1 26
#SOLUTION-AFT
 0  0  0  0  0 
 25  50  0  30  59 
 43  64  46  12  17 
 41  69  49  61  44 
 6  23  28  47  52 
 21  45  56  54  40 
 14  29  57  13  8 
 3  67  18  53  15 
 58  60  48  16  26 
 19  68  55  1  22 
 20  34  65  38  5 
 24  7  51  4  10 
 27  39  42  2  11 
#SOLUTION-FWD
 0  0  0  0  0 
 25  50  0  30  59 
 43  64  46  12  17 
 41  69  49  61  44 
 6  23  28  47  52 
 21  45  56  54  40 
 14  29  57  13  8 
 3  67  18  53  15 
 58  60  48  16  26 
 19  66  55  62  22 
 20  33  65  35  5 
 24  63  51  36  31 
 27  9  42  37  32 
#INFO
cap20: 20  cap40: 49  reefer: 0  HC: 8  capacity: 90.769231 TEU: 130