1 21 0 3 24 1 8
#POD
8 
#LOCATIONS
38 
#CONTAINERS_TOLOAD
0 0 0 15113.00 2.90 40 8 0 38 0
0 0 0 12780.00 2.90 40 8 0 38 0
0 0 0 13180.00 2.90 40 8 0 38 0
0 0 0 24200.00 2.90 40 8 0 38 0
0 0 0 15113.00 2.90 40 8 0 38 0
0 0 0 28080.00 2.90 40 8 0 38 0
0 0 0 25580.00 2.90 40 8 0 38 0
0 0 0 11480.00 2.59 40 8 0 38 0
0 0 0 26400.00 2.90 40 8 0 38 0
0 0 0 13860.00 2.90 40 8 0 38 0
0 0 0 15113.00 2.90 40 8 0 38 0
0 0 0 13580.00 2.90 40 8 0 38 0
0 0 0 17307.00 2.90 40 8 0 38 0
0 0 0 11243.00 2.59 40 8 0 38 0
0 0 0 26460.00 2.90 40 8 0 38 0
0 0 0 13260.00 2.90 40 8 0 38 0
0 0 0 24440.00 2.90 40 8 0 38 0
0 0 0 19004.00 2.90 40 8 0 38 0
0 0 0 21000.00 2.90 40 8 0 38 0
0 0 0 11540.00 2.59 40 8 0 38 0
0 0 0 22220.00 2.90 40 8 0 38 0
#CONTAINERS_LOADED 
#STACKS
340000.000000 21.280000 38
340000.000000 21.280000 38
340000.000000 21.280000 38
#CELLS
1 0 0 1 1 1 38
1 0 0 1 1 1 38
1 0 0 1 1 1 38
1 0 0 1 1 1 38
1 0 0 1 1 1 38
1 0 0 1 1 1 38
1 0 0 1 1 1 38
1 0 0 0 0 1 38
2 0 0 1 1 1 38
2 0 0 1 1 1 38
2 0 0 1 1 1 38
2 0 0 1 1 1 38
2 0 0 1 1 1 38
2 0 0 1 1 1 38
2 0 0 1 1 1 38
2 0 0 0 0 1 38
3 0 0 1 1 1 38
3 0 0 1 1 1 38
3 0 0 1 1 1 38
3 0 0 1 1 1 38
3 0 0 1 1 1 38
3 0 0 1 1 1 38
3 0 0 1 1 1 38
3 0 0 0 0 1 38
#SOLUTION-AFT
 0  0  0 
 2  8  14 
 3  20  19 
 16  11  21 
 12  13  4 
 10  15  17 
 1  6  7 
 5  18  9 
#SOLUTION-FWD
 0  0  0 
 2  8  14 
 3  20  19 
 16  11  21 
 12  13  4 
 10  15  17 
 1  6  7 
 5  18  9 
#INFO
cap20: 0  cap40: 21  reefer: 0  HC: 18  capacity: 87.500000 TEU: 48