1 1 31 4 36 1 9
#POD
3 
#LOCATIONS
34 
#CONTAINERS_TOLOAD
0 0 0 19004.00 2.90 40 3 0 34 0
#CONTAINERS_LOADED 
3 5 0 22600.00 2.90 40 3 0 34 0
2 4 0 27800.00 2.90 40 3 0 34 0
3 8 0 27900.00 2.90 40 3 0 34 0
3 2 0 30200.00 2.90 40 3 0 34 0
1 8 0 25900.00 2.90 40 3 0 34 0
1 3 0 25900.00 2.90 40 3 0 34 0
2 2 0 30200.00 2.90 40 3 0 34 0
1 1 0 30300.00 2.90 40 3 0 34 0
2 8 0 25500.00 2.90 40 3 0 34 0
2 3 0 28900.00 2.90 40 3 0 34 0
4 6 0 26900.00 2.90 40 3 0 34 0
4 1 0 29500.00 2.90 40 3 0 34 0
1 2 0 30200.00 2.90 40 3 0 34 0
2 5 0 25400.00 2.90 40 3 0 34 0
4 8 0 25400.00 2.90 40 3 0 34 0
3 6 0 23900.00 2.90 40 3 0 34 0
3 4 0 23900.00 2.90 40 3 0 34 0
1 5 0 25500.00 2.90 40 3 0 34 0
3 3 0 30200.00 2.90 40 3 0 34 0
4 7 0 22400.00 2.90 40 3 0 34 0
3 7 0 26800.00 2.90 40 3 0 34 0
1 6 0 26200.00 2.90 40 3 0 34 0
4 4 0 24400.00 2.90 40 3 0 34 0
2 7 0 30300.00 2.90 40 3 0 34 0
2 6 0 27900.00 2.90 40 3 0 34 0
1 7 0 25400.00 2.90 40 3 0 34 0
1 4 0 30300.00 2.90 40 3 0 34 0
4 2 0 29000.00 2.90 40 3 0 34 0
2 1 0 30300.00 2.90 40 3 0 34 0
4 5 0 24400.00 2.90 40 3 0 34 0
4 3 0 28900.00 2.90 40 3 0 34 0
#STACKS
270000.000000 23.320000 34
270000.000000 23.320000 34
270000.000000 23.320000 34
270000.000000 23.320000 34
#CELLS
1 0 0 1 1 1 34
1 0 0 1 1 1 34
1 0 0 1 1 1 34
1 0 0 1 1 1 34
1 0 0 1 1 1 34
1 0 0 1 1 1 34
1 0 0 1 1 1 34
1 0 0 1 1 1 34
1 0 0 0 0 1 34
2 0 0 1 1 1 34
2 0 0 1 1 1 34
2 0 0 1 1 1 34
2 0 0 1 1 1 34
2 0 0 1 1 1 34
2 0 0 1 1 1 34
2 0 0 1 1 1 34
2 0 0 1 1 1 34
2 0 0 0 0 1 34
3 0 0 1 1 1 34
3 0 0 1 1 1 34
3 0 0 1 1 1 34
3 0 0 1 1 1 34
3 0 0 1 1 1 34
3 0 0 1 1 1 34
3 0 0 1 1 1 34
3 0 0 1 1 1 34
3 0 0 0 0 1 34
4 0 0 1 1 1 34
4 0 0 1 1 1 34
4 0 0 1 1 1 34
4 0 0 1 1 1 34
4 0 0 1 1 1 34
4 0 0 1 1 1 34
4 0 0 1 1 1 34
4 0 0 1 1 1 34
4 0 0 0 0 1 34
#SOLUTION-AFT
 0  0  1  0 
 6  10  4  16 
 27  25  22  21 
 23  26  17  12 
 19  15  2  31 
 28  3  18  24 
 7  11  20  32 
 14  8  5  29 
 9  30  0  13 
#SOLUTION-FWD
 0  0  1  0 
 6  10  4  16 
 27  25  22  21 
 23  26  17  12 
 19  15  2  31 
 28  3  18  24 
 7  11  20  32 
 14  8  5  29 
 9  30  0  13 
#INFO
cap20: 0  cap40: 32  reefer: 0  HC: 32  capacity: 88.888889 TEU: 72