1 4 0 6 54 1 9
#POD
7 
#LOCATIONS
7 
#CONTAINERS_TOLOAD
0 0 0 10000.00 2.59 40 7 0 7 0
0 0 0 9040.00 2.59 40 7 0 7 0
0 0 0 9850.00 2.59 40 7 0 7 0
0 0 0 8400.00 2.59 40 7 0 7 0
#CONTAINERS_LOADED 
#STACKS
108000.000000 2.900000 7
108000.000000 2.900000 7
162000.000000 5.840000 7
162000.000000 5.840000 7
108000.000000 2.900000 7
108000.000000 2.900000 7
#CELLS
1 0 0 0 0 0 0
1 0 0 0 0 0 0
1 0 0 0 0 0 0
1 0 0 0 0 0 0
1 0 0 0 0 0 0
1 0 0 0 0 0 0
1 0 0 0 0 0 0
1 0 0 0 0 1 7
1 0 0 0 0 0 0
2 0 0 0 0 0 0
2 0 0 0 0 0 0
2 0 0 0 0 0 0
2 0 0 0 0 0 0
2 0 0 0 0 0 0
2 0 0 0 0 0 0
2 0 0 0 0 0 0
2 0 0 0 0 1 7
2 0 0 0 0 0 0
3 0 0 0 0 0 0
3 0 0 0 0 0 0
3 0 0 0 0 0 0
3 0 0 0 0 0 0
3 0 0 0 0 0 0
3 0 0 0 0 0 0
3 0 0 0 0 1 7
3 0 0 0 0 1 7
3 0 0 0 0 0 0
4 0 0 0 0 0 0
4 0 0 0 0 0 0
4 0 0 0 0 0 0
4 0 0 0 0 0 0
4 0 0 0 0 0 0
4 0 0 0 0 0 0
4 0 0 0 0 1 7
4 0 0 0 0 1 7
4 0 0 0 0 0 0
5 0 0 0 0 0 0
5 0 0 0 0 0 0
5 0 0 0 0 0 0
5 0 0 0 0 0 0
5 0 0 0 0 0 0
5 0 0 0 0 0 0
5 0 0 0 0 0 0
5 0 0 0 0 1 7
5 0 0 0 0 0 0
6 0 0 0 0 0 0
6 0 0 0 0 0 0
6 0 0 0 0 0 0
6 0 0 0 0 0 0
6 0 0 0 0 0 0
6 0 0 0 0 0 0
6 0 0 0 0 0 0
6 0 0 0 0 1 7
6 0 0 0 0 0 0
#SOLUTION-AFT
 0  0  0  0  0  0 
 0  0  4  3  0  0 
 0  0  2  1  0  0 
 0  0  0  0  0  0 
 0  0  0  0  0  0 
 0  0  0  0  0  0 
 0  0  0  0  0  0 
 0  0  0  0  0  0 
 0  0  0  0  0  0 
#SOLUTION-FWD
 0  0  0  0  0  0 
 0  0  4  3  0  0 
 0  0  2  1  0  0 
 0  0  0  0  0  0 
 0  0  0  0  0  0 
 0  0  0  0  0  0 
 0  0  0  0  0  0 
 0  0  0  0  0  0 
 0  0  0  0  0  0 
#INFO
cap20: 0  cap40: 4  reefer: 0  HC: 0  capacity: 50.000000 TEU: 16