1 20 0 4 36 1 9
#POD
7 
#LOCATIONS
8 
#CONTAINERS_TOLOAD
0 0 0 19600.00 2.90 40 7 0 8 0
0 0 0 19600.00 2.90 40 7 0 8 0
0 0 0 19600.00 2.90 40 7 0 8 0
0 0 0 19600.00 2.90 40 7 0 8 0
0 0 0 19600.00 2.90 40 7 0 8 0
0 0 0 19600.00 2.90 40 7 0 8 0
0 0 0 19600.00 2.90 40 7 0 8 0
0 0 0 19600.00 2.90 40 7 0 8 0
0 0 0 19600.00 2.90 40 7 0 8 0
0 0 0 19600.00 2.90 40 7 0 8 0
0 0 0 19600.00 2.90 40 7 0 8 0
0 0 0 19600.00 2.90 40 7 0 8 0
0 0 0 19600.00 2.90 40 7 0 8 0
0 0 0 19600.00 2.90 40 7 0 8 0
0 0 0 19600.00 2.90 40 7 0 8 0
0 0 0 19600.00 2.90 40 7 0 8 0
0 0 0 19600.00 2.90 40 7 0 8 0
0 0 0 19600.00 2.90 40 7 0 8 0
0 0 0 19600.00 2.90 40 7 0 8 0
0 0 0 19600.00 2.90 40 7 0 8 0
#CONTAINERS_LOADED 
#STACKS
184000.000000 12.960000 8
184000.000000 18.140000 8
184000.000000 18.140000 8
184000.000000 12.960000 8
#CELLS
1 0 0 0 0 0 0
1 0 0 0 0 0 0
1 0 0 0 0 0 0
1 0 0 0 0 0 0
1 0 0 1 1 1 8
1 0 0 1 1 1 8
1 0 0 1 1 1 8
1 0 0 1 1 1 8
1 0 0 1 1 1 8
2 0 0 0 0 0 0
2 0 0 0 0 0 0
2 0 0 1 1 1 8
2 0 0 1 1 1 8
2 0 0 1 1 1 8
2 0 0 1 1 1 8
2 0 0 1 1 1 8
2 0 0 1 1 1 8
2 0 0 0 0 1 8
3 0 0 0 0 0 0
3 0 0 0 0 0 0
3 0 0 1 1 1 8
3 0 0 1 1 1 8
3 0 0 1 1 1 8
3 0 0 1 1 1 8
3 0 0 1 1 1 8
3 0 0 1 1 1 8
3 0 0 0 0 1 8
4 0 0 0 0 0 0
4 0 0 0 0 0 0
4 0 0 0 0 0 0
4 0 0 0 0 0 0
4 0 0 1 1 1 8
4 0 0 1 1 1 8
4 0 0 1 1 1 8
4 0 0 1 1 1 8
4 0 0 1 1 1 8
#SOLUTION-AFT
 0  0  0  0 
 14  8  11  13 
 2  12  16  15 
 5  7  17  6 
 4  3  20  9 
 0  19  18  0 
 0  10  1  0 
 0  0  0  0 
 0  0  0  0 
#SOLUTION-FWD
 0  0  0  0 
 14  8  11  13 
 2  12  16  15 
 5  7  17  6 
 4  3  20  9 
 0  19  18  0 
 0  10  1  0 
 0  0  0  0 
 0  0  0  0 
#INFO
cap20: 0  cap40: 20  reefer: 0  HC: 20  capacity: 83.333333 TEU: 48