1 40 0 5 45 1 9
#POD
5 
#LOCATIONS
77 
#CONTAINERS_TOLOAD
0 0 0 25900.00 2.59 20 5 0 77 0
0 0 0 26200.00 2.59 20 5 0 77 0
0 0 0 26380.00 2.59 20 5 0 77 0
0 0 0 25900.00 2.59 20 5 0 77 0
0 0 0 26300.00 2.59 20 5 0 77 0
0 0 0 26210.00 2.59 20 5 0 77 0
0 0 0 25900.00 2.59 20 5 0 77 0
0 0 0 26480.00 2.59 20 5 0 77 0
0 0 0 26000.00 2.59 20 5 0 77 0
0 0 0 25210.00 2.59 20 5 0 77 0
0 0 0 25210.00 2.59 20 5 0 77 0
0 0 0 25210.00 2.59 20 5 0 77 0
0 0 0 26200.00 2.59 20 5 0 77 0
0 0 0 26210.00 2.59 20 5 0 77 0
0 0 0 25210.00 2.59 20 5 0 77 0
0 0 0 26400.00 2.59 20 5 0 77 0
0 0 0 25210.00 2.59 20 5 0 77 0
0 0 0 25210.00 2.59 20 5 0 77 0
0 0 0 25210.00 2.59 20 5 0 77 0
0 0 0 26072.00 2.59 20 5 0 77 0
0 0 0 25900.00 2.59 20 5 0 77 0
0 0 0 25210.00 2.59 20 5 0 77 0
0 0 0 26210.00 2.59 20 5 0 77 0
0 0 0 25210.00 2.59 20 5 0 77 0
0 0 0 25210.00 2.59 20 5 0 77 0
0 0 0 25210.00 2.59 20 5 0 77 0
0 0 0 25210.00 2.59 20 5 0 77 0
0 0 0 25210.00 2.59 20 5 0 77 0
0 0 0 25210.00 2.59 20 5 0 77 0
0 0 0 26100.00 2.59 20 5 0 77 0
0 0 0 26210.00 2.59 20 5 0 77 0
0 0 0 26000.00 2.59 20 5 0 77 0
0 0 0 25210.00 2.59 20 5 0 77 0
0 0 0 25900.00 2.59 20 5 0 77 0
0 0 0 26210.00 2.59 20 5 0 77 0
0 0 0 25210.00 2.59 20 5 0 77 0
0 0 0 25210.00 2.59 20 5 0 77 0
0 0 0 25210.00 2.59 20 5 0 77 0
0 0 0 25210.00 2.59 20 5 0 77 0
0 0 0 25210.00 2.59 20 5 0 77 0
#CONTAINERS_LOADED 
#STACKS
270000.000000 11.700000 77
270000.000000 11.700000 77
270000.000000 11.700000 77
270000.000000 11.700000 77
270000.000000 11.700000 77
#CELLS
1 0 0 0 0 0 0
1 0 0 0 0 0 0
1 0 0 0 0 0 0
1 0 0 0 0 0 0
1 0 0 1 1 1 77
1 0 0 1 1 1 77
1 0 0 1 1 1 77
1 0 0 1 1 1 77
1 0 0 0 0 0 0
2 0 0 0 0 0 0
2 0 0 0 0 0 0
2 0 0 0 0 0 0
2 0 0 0 0 0 0
2 0 0 1 1 1 77
2 0 0 1 1 1 77
2 0 0 1 1 1 77
2 0 0 1 1 1 77
2 0 0 0 0 0 0
3 0 0 0 0 0 0
3 0 0 0 0 0 0
3 0 0 0 0 0 0
3 0 0 0 0 0 0
3 0 0 1 1 1 77
3 0 0 1 1 1 77
3 0 0 1 1 1 77
3 0 0 1 1 1 77
3 0 0 0 0 0 0
4 0 0 0 0 0 0
4 0 0 0 0 0 0
4 0 0 0 0 0 0
4 0 0 0 0 0 0
4 0 0 1 1 1 77
4 0 0 1 1 1 77
4 0 0 1 1 1 77
4 0 0 1 1 1 77
4 0 0 0 0 0 0
5 0 0 0 0 0 0
5 0 0 0 0 0 0
5 0 0 0 0 0 0
5 0 0 0 0 0 0
5 0 0 1 1 1 77
5 0 0 1 1 1 77
5 0 0 1 1 1 77
5 0 0 1 1 1 77
5 0 0 0 0 0 0
#SOLUTION-AFT
 0  0  0  0  0 
 27  40  18  30  1 
 28  36  25  6  34 
 38  29  3  35  32 
 11  10  16  23  20 
 0  0  0  0  0 
 0  0  0  0  0 
 0  0  0  0  0 
 0  0  0  0  0 
#SOLUTION-FWD
 0  0  0  0  0 
 15  39  26  2  21 
 17  37  12  13  4 
 24  33  5  14  7 
 22  19  8  31  9 
 0  0  0  0  0 
 0  0  0  0  0 
 0  0  0  0  0 
 0  0  0  0  0 
#INFO
cap20: 40  cap40: 0  reefer: 0  HC: 0  capacity: 100.000000 TEU: 40