1 30 0 10 90 1 9
#POD
4 
#LOCATIONS
98 
#CONTAINERS_TOLOAD
0 0 0 15800.00 2.90 40 4 0 98 0
0 0 0 11242.00 2.90 40 4 0 98 0
0 0 0 4209.00 2.59 20 4 0 98 0
0 0 0 16000.00 2.90 40 4 0 98 0
0 0 0 9800.00 2.90 40 4 0 98 0
0 0 0 5200.00 2.90 40 4 0 98 0
0 0 0 11135.00 2.90 40 4 0 98 0
0 0 0 11200.00 2.59 40 4 0 98 0
0 0 0 3009.00 2.59 20 4 0 98 0
0 0 0 14715.00 2.90 40 4 0 98 0
0 0 0 11284.00 2.90 40 4 0 98 0
0 0 0 15741.00 2.90 40 4 0 98 0
0 0 0 11843.00 2.90 40 4 0 98 0
0 0 0 14699.00 2.90 40 4 0 98 0
0 0 0 4887.00 2.59 20 4 0 98 0
0 0 0 10000.00 2.90 40 4 0 98 0
0 0 0 13858.00 2.90 40 4 0 98 0
0 0 0 11284.00 2.90 40 4 0 98 0
0 0 0 11135.00 2.90 40 4 0 98 0
0 0 0 13770.00 2.59 20 4 0 98 0
0 0 0 2229.00 2.59 20 4 0 98 0
0 0 0 11135.00 2.90 40 4 0 98 0
0 0 0 16830.00 2.90 40 4 0 98 0
0 0 0 14289.00 2.90 40 4 0 98 0
0 0 0 9599.00 2.90 40 4 0 98 0
0 0 0 9099.00 2.90 40 4 0 98 0
0 0 0 2229.00 2.59 20 4 0 98 0
0 0 0 4000.00 2.59 20 4 0 98 0
0 0 0 11750.00 2.90 40 4 0 98 0
0 0 0 4560.00 2.59 20 4 0 98 0
#CONTAINERS_LOADED 
#STACKS
184000.000000 5.181600 98
184000.000000 7.772400 98
184000.000000 10.363200 98
184000.000000 10.363200 98
184000.000000 10.363200 98
184000.000000 10.363200 98
184000.000000 10.363200 98
184000.000000 10.363200 98
184000.000000 7.772400 98
184000.000000 5.181600 98
#CELLS
1 0 0 0 0 0 0
1 0 0 0 0 0 0
1 0 0 0 0 0 0
1 0 0 0 0 0 0
1 0 0 0 0 0 0
1 0 0 0 0 0 0
1 0 0 0 0 0 0
1 0 0 1 1 1 98
1 0 0 1 1 1 98
2 0 0 0 0 0 0
2 0 0 0 0 0 0
2 0 0 0 0 0 0
2 0 0 0 0 0 0
2 0 0 0 0 0 0
2 0 0 0 0 0 0
2 0 0 1 1 1 98
2 0 0 1 1 1 98
2 0 0 1 1 1 98
3 0 0 0 0 0 0
3 0 0 0 0 0 0
3 0 0 0 0 0 0
3 0 0 0 0 0 0
3 0 0 0 0 0 0
3 0 0 1 1 1 98
3 0 0 1 1 1 98
3 0 0 1 1 1 98
3 0 0 1 1 1 98
4 0 0 0 0 0 0
4 0 0 0 0 0 0
4 0 0 0 0 0 0
4 0 0 0 0 0 0
4 0 0 0 0 0 0
4 0 0 1 1 1 98
4 0 0 1 1 1 98
4 0 0 1 1 1 98
4 0 0 1 1 1 98
5 0 0 0 0 0 0
5 0 0 0 0 0 0
5 0 0 0 0 0 0
5 0 0 0 0 0 0
5 0 0 0 0 0 0
5 0 0 1 1 1 98
5 0 0 1 1 1 98
5 0 0 1 1 1 98
5 0 0 1 1 1 98
6 0 0 0 0 0 0
6 0 0 0 0 0 0
6 0 0 0 0 0 0
6 0 0 0 0 0 0
6 0 0 0 0 0 0
6 0 0 1 1 1 98
6 0 0 1 1 1 98
6 0 0 1 1 1 98
6 0 0 1 1 1 98
7 0 0 0 0 0 0
7 0 0 0 0 0 0
7 0 0 0 0 0 0
7 0 0 0 0 0 0
7 0 0 0 0 0 0
7 0 0 1 1 1 98
7 0 0 1 1 1 98
7 0 0 1 1 1 98
7 0 0 1 1 1 98
8 0 0 0 0 0 0
8 0 0 0 0 0 0
8 0 0 0 0 0 0
8 0 0 0 0 0 0
8 0 0 0 0 0 0
8 0 0 1 1 1 98
8 0 0 1 1 1 98
8 0 0 1 1 1 98
8 0 0 1 1 1 98
9 0 0 0 0 0 0
9 0 0 0 0 0 0
9 0 0 0 0 0 0
9 0 0 0 0 0 0
9 0 0 0 0 0 0
9 0 0 0 0 0 0
9 0 0 1 1 1 98
9 0 0 1 1 1 98
9 0 0 1 1 1 98
10 0 0 0 0 0 0
10 0 0 0 0 0 0
10 0 0 0 0 0 0
10 0 0 0 0 0 0
10 0 0 0 0 0 0
10 0 0 0 0 0 0
10 0 0 0 0 0 0
10 0 0 1 1 1 98
10 0 0 1 1 1 98
#SOLUTION-AFT
 21  0  0  0  0  0  0  0  0  8 
 9  6  16  18  10  1  17  22  25  30 
 0  26  7  29  12  4  24  2  5  0 
 0  0  19  13  15  23  14  11  0  0 
 0  0  0  0  0  0  0  0  0  0 
 0  0  0  0  0  0  0  0  0  0 
 0  0  0  0  0  0  0  0  0  0 
 0  0  0  0  0  0  0  0  0  0 
 0  0  0  0  0  0  0  0  0  0 
#SOLUTION-FWD
 27  0  0  0  0  0  0  0  0  8 
 28  6  16  18  10  1  17  22  25  3 
 0  26  7  29  12  4  24  2  5  0 
 0  0  19  13  20  23  14  11  0  0 
 0  0  0  0  0  0  0  0  0  0 
 0  0  0  0  0  0  0  0  0  0 
 0  0  0  0  0  0  0  0  0  0 
 0  0  0  0  0  0  0  0  0  0 
 0  0  0  0  0  0  0  0  0  0 
#INFO
cap20: 8  cap40: 22  reefer: 0  HC: 21  capacity: 76.470588 TEU: 68