1 23 0 3 24 1 8
#POD
6 
#LOCATIONS
29 
#CONTAINERS_TOLOAD
0 0 0 4000.00 2.59 40 6 0 29 0
0 0 0 4000.00 2.59 40 6 0 29 0
0 0 0 4000.00 2.59 40 6 0 29 0
0 0 0 4000.00 2.59 40 6 0 29 0
0 0 0 4000.00 2.59 40 6 0 29 0
0 0 0 4000.00 2.59 40 6 0 29 0
0 0 0 4000.00 2.59 40 6 0 29 0
0 0 0 4000.00 2.90 40 6 0 29 0
0 0 0 4000.00 2.59 40 6 0 29 0
0 0 0 4000.00 2.59 40 6 0 29 0
0 0 0 4000.00 2.59 40 6 0 29 0
0 0 0 4000.00 2.59 40 6 0 29 0
0 0 0 4000.00 2.59 40 6 0 29 0
0 0 0 4000.00 2.90 40 6 0 29 0
0 0 0 4000.00 2.59 40 6 0 29 0
0 0 0 4000.00 2.59 40 6 0 29 0
0 0 0 4000.00 2.59 40 6 0 29 0
0 0 0 4000.00 2.59 40 6 0 29 0
0 0 0 4000.00 2.59 40 6 0 29 0
0 0 0 4000.00 2.90 40 6 0 29 0
0 0 0 4000.00 2.59 40 6 0 29 0
0 0 0 4000.00 2.59 40 6 0 29 0
0 0 0 4000.00 2.59 40 6 0 29 0
#CONTAINERS_LOADED 
#STACKS
336000.000000 21.280000 29
336000.000000 21.280000 29
336000.000000 21.280000 29
#CELLS
1 0 0 1 1 1 29
1 0 0 1 1 1 29
1 0 1 1 1 1 29
1 0 1 1 1 1 29
1 0 1 1 1 1 29
1 0 1 1 1 1 29
1 0 0 1 1 1 29
1 0 0 1 1 1 29
2 0 0 1 1 1 29
2 0 0 1 1 1 29
2 0 0 1 1 1 29
2 0 0 1 1 1 29
2 0 0 1 1 1 29
2 0 0 1 1 1 29
2 0 0 1 1 1 29
2 0 0 1 1 1 29
3 0 0 1 1 1 29
3 0 0 1 1 1 29
3 0 1 1 1 1 29
3 0 1 1 1 1 29
3 0 1 1 1 1 29
3 0 1 1 1 1 29
3 0 0 1 1 1 29
3 0 0 1 1 1 29
#SOLUTION-AFT
 19  11  0 
 21  4  10 
 3  18  6 
 9  2  8 
 5  7  14 
 22  13  12 
 23  16  17 
 15  1  20 
#SOLUTION-FWD
 19  11  0 
 21  4  10 
 3  18  6 
 9  2  8 
 5  7  14 
 22  13  12 
 23  16  17 
 15  1  20 
#INFO
cap20: 0  cap40: 23  reefer: 0  HC: 3  capacity: 95.833333 TEU: 48