1 32 0 4 36 1 9
#POD
4 
#LOCATIONS
44 
#CONTAINERS_TOLOAD
0 0 0 14375.00 2.90 40 4 0 44 0
0 0 0 14329.00 2.90 40 4 0 44 0
0 0 0 14941.00 2.90 40 4 0 44 0
0 0 0 14956.00 2.90 40 4 0 44 0
0 0 0 14834.00 2.90 40 4 0 44 0
0 0 0 14315.00 2.90 40 4 0 44 0
0 0 0 15030.00 2.90 40 4 0 44 0
0 0 0 14960.00 2.90 40 4 0 44 0
0 0 0 15180.00 2.90 40 4 0 44 0
0 0 0 15120.00 2.90 40 4 0 44 0
0 0 0 14880.00 2.90 40 4 0 44 0
0 0 0 14400.00 2.90 40 4 0 44 0
0 0 0 14938.00 2.90 40 4 0 44 0
0 0 0 14652.00 2.90 40 4 0 44 0
0 0 0 14946.00 2.90 40 4 0 44 0
0 0 0 14328.00 2.90 40 4 0 44 0
0 0 0 14580.00 2.90 40 4 0 44 0
0 0 0 14306.00 2.90 40 4 0 44 0
0 0 0 14598.00 2.90 40 4 0 44 0
0 0 0 14335.00 2.90 40 4 0 44 0
0 0 0 14280.00 2.90 40 4 0 44 0
0 0 0 14698.00 2.90 40 4 0 44 0
0 0 0 14850.00 2.90 40 4 0 44 0
0 0 0 14306.00 2.90 40 4 0 44 0
0 0 0 14234.00 2.90 40 4 0 44 0
0 0 0 14623.00 2.90 40 4 0 44 0
0 0 0 14840.00 2.90 40 4 0 44 0
0 0 0 14180.00 2.90 40 4 0 44 0
0 0 0 14320.00 2.90 40 4 0 44 0
0 0 0 14300.00 2.90 40 4 0 44 0
0 0 0 14868.00 2.90 40 4 0 44 0
0 0 0 14150.00 2.90 40 4 0 44 0
#CONTAINERS_LOADED 
#STACKS
270000.000000 23.320000 44
270000.000000 23.320000 44
270000.000000 23.320000 44
270000.000000 23.320000 44
#CELLS
1 0 0 1 1 1 44
1 0 0 1 1 1 44
1 0 0 1 1 1 44
1 0 0 1 1 1 44
1 0 0 1 1 1 44
1 0 0 1 1 1 44
1 0 0 1 1 1 44
1 0 0 1 1 1 44
1 0 0 1 1 1 44
2 0 0 1 1 1 44
2 0 0 1 1 1 44
2 0 0 1 1 1 44
2 0 0 1 1 1 44
2 0 0 1 1 1 44
2 0 0 1 1 1 44
2 0 0 1 1 1 44
2 0 0 1 1 1 44
2 0 0 1 1 1 44
3 0 0 1 1 1 44
3 0 0 1 1 1 44
3 0 0 1 1 1 44
3 0 0 1 1 1 44
3 0 0 1 1 1 44
3 0 0 1 1 1 44
3 0 0 1 1 1 44
3 0 0 1 1 1 44
3 0 0 1 1 1 44
4 0 0 1 1 1 44
4 0 0 1 1 1 44
4 0 0 1 1 1 44
4 0 0 1 1 1 44
4 0 0 1 1 1 44
4 0 0 1 1 1 44
4 0 0 1 1 1 44
4 0 0 1 1 1 44
4 0 0 1 1 1 44
#SOLUTION-AFT
 0  0  0  0 
 32  26  13  29 
 28  14  3  16 
 25  22  15  2 
 21  5  4  20 
 30  27  8  1 
 24  23  7  12 
 18  31  10  17 
 6  11  9  19 
#SOLUTION-FWD
 0  0  0  0 
 32  26  13  29 
 28  14  3  16 
 25  22  15  2 
 21  5  4  20 
 30  27  8  1 
 24  23  7  12 
 18  31  10  17 
 6  11  9  19 
#INFO
cap20: 0  cap40: 32  reefer: 0  HC: 32  capacity: 88.888889 TEU: 72