3 46 10 7 70 1 10
#POD
2 4 5 
#LOCATIONS
7 
#CONTAINERS_TOLOAD
0 0 0 25737.00 2.90 40 4 1 7 0
0 0 0 12626.00 2.90 40 5 0 7 0
0 0 0 26612.00 2.90 40 5 1 7 0
0 0 0 18277.00 2.90 40 4 1 7 0
0 0 0 18277.00 2.90 40 4 1 7 0
0 0 0 25665.00 2.90 40 4 1 7 0
0 0 0 13644.00 2.90 40 5 0 7 0
0 0 0 29829.00 2.90 40 5 1 7 0
0 0 0 25201.00 2.90 40 5 1 7 0
0 0 0 26497.00 2.90 40 5 1 7 0
0 0 0 13109.00 2.90 40 4 0 7 0
0 0 0 26426.00 2.90 40 4 1 7 0
0 0 0 18007.00 2.90 40 4 1 7 0
0 0 0 26442.00 2.90 40 5 1 7 0
0 0 0 12283.00 2.90 40 5 0 7 0
0 0 0 25510.00 2.90 40 4 1 7 0
0 0 0 26172.00 2.90 40 5 1 7 0
0 0 0 26522.00 2.90 40 5 1 7 0
0 0 0 13154.00 2.90 40 5 0 7 0
0 0 0 25252.00 2.90 40 5 1 7 0
0 0 0 18157.00 2.90 40 4 1 7 0
0 0 0 12447.00 2.90 40 5 0 7 0
0 0 0 26442.00 2.90 40 5 1 7 0
0 0 0 13136.00 2.90 40 5 0 7 0
0 0 0 26442.00 2.90 40 5 1 7 0
0 0 0 26762.00 2.90 40 5 1 7 0
0 0 0 12138.00 2.90 40 5 0 7 0
0 0 0 12528.00 2.90 40 5 0 7 0
0 0 0 19004.00 2.90 40 5 1 7 0
0 0 0 12265.00 2.90 40 5 0 7 0
0 0 0 13453.00 2.90 40 5 0 7 0
0 0 0 26622.00 2.90 40 5 1 7 0
0 0 0 12438.00 2.90 40 5 0 7 0
0 0 0 25696.00 2.90 40 4 1 7 0
0 0 0 25773.00 2.90 40 4 1 7 0
0 0 0 26612.00 2.90 40 5 1 7 0
0 0 0 18855.00 2.90 40 4 1 7 0
0 0 0 20846.00 2.90 40 5 1 7 0
0 0 0 25548.00 2.90 40 4 1 7 0
0 0 0 19633.00 2.90 40 5 1 7 0
0 0 0 18277.00 2.90 40 4 1 7 0
0 0 0 26172.00 2.90 40 5 1 7 0
0 0 0 13671.00 2.90 40 5 0 7 0
0 0 0 12755.00 2.90 40 5 0 7 0
0 0 0 26322.00 2.90 40 5 1 7 0
0 0 0 12283.00 2.90 40 5 0 7 0
#CONTAINERS_LOADED 
5 1 0 32200.00 2.90 40 2 1 7 0
4 3 0 8000.00 2.90 40 2 0 7 0
3 3 0 8100.00 2.90 40 2 0 7 0
3 2 0 29700.00 2.90 40 2 1 7 0
5 3 0 8000.00 2.90 40 2 0 7 0
4 1 0 32200.00 2.90 40 2 1 7 0
4 2 0 30500.00 2.90 40 2 1 7 0
3 1 0 29600.00 2.90 40 2 1 7 0
2 1 0 5000.00 2.90 40 2 0 7 0
5 2 0 30200.00 2.90 40 2 1 7 0
#STACKS
300000.000000 25.800000 7
300000.000000 25.800000 7
300000.000000 25.800000 7
300000.000000 25.800000 7
300000.000000 25.800000 7
300000.000000 25.800000 7
300000.000000 25.800000 7
#CELLS
1 0 1 1 1 1 7
1 0 1 1 1 1 7
1 0 1 1 1 1 7
1 0 1 1 1 1 7
1 0 1 1 1 1 7
1 0 1 1 1 1 7
1 0 0 0 0 1 7
1 0 0 0 0 1 7
1 0 0 0 0 1 7
1 0 0 0 0 0 0
2 0 1 1 1 1 7
2 0 1 1 1 1 7
2 0 1 1 1 1 7
2 0 1 1 1 1 7
2 0 1 1 1 1 7
2 0 1 1 1 1 7
2 0 0 0 0 1 7
2 0 0 0 0 1 7
2 0 0 0 0 1 7
2 0 0 0 0 0 0
3 0 1 1 1 1 7
3 0 1 1 1 1 7
3 0 1 1 1 1 7
3 0 1 1 1 1 7
3 0 1 1 1 1 7
3 0 1 1 1 1 7
3 0 0 0 0 1 7
3 0 0 0 0 1 7
3 0 0 0 0 1 7
3 0 0 0 0 0 0
4 0 1 1 1 1 7
4 0 1 1 1 1 7
4 0 1 1 1 1 7
4 0 1 1 1 1 7
4 0 1 1 1 1 7
4 0 1 1 1 1 7
4 0 0 0 0 1 7
4 0 0 0 0 1 7
4 0 0 0 0 1 7
4 0 0 0 0 0 0
5 0 1 1 1 1 7
5 0 1 1 1 1 7
5 0 1 1 1 1 7
5 0 1 1 1 1 7
5 0 1 1 1 1 7
5 0 1 1 1 1 7
5 0 0 0 0 1 7
5 0 0 0 0 1 7
5 0 0 0 0 1 7
5 0 0 0 0 0 0
6 0 1 1 1 1 7
6 0 1 1 1 1 7
6 0 1 1 1 1 7
6 0 1 1 1 1 7
6 0 1 1 1 1 7
6 0 1 1 1 1 7
6 0 0 0 0 1 7
6 0 0 0 0 1 7
6 0 0 0 0 1 7
6 0 0 0 0 0 0
7 0 1 1 1 1 7
7 0 1 1 1 1 7
7 0 1 1 1 1 7
7 0 1 1 1 1 7
7 0 1 1 1 1 7
7 0 1 1 1 1 7
7 0 0 0 0 1 7
7 0 0 0 0 1 7
7 0 0 0 0 1 7
7 0 0 0 0 0 0
#SOLUTION-AFT
 0  0  0  0  0  0  0 
 0  0  0  0  0  0  0 
 27  46  2  7  19  22  11 
 30  33  44  43  31  28  15 
 9  23  24  29  12  13  16 
 20  14  36  38  26  21  39 
 42  10  32  40  8  41  6 
 17  18  49  48  51  5  34 
 45  3  50  53  56  4  1 
 25  55  54  52  47  37  35 
#SOLUTION-FWD
 0  0  0  0  0  0  0 
 0  0  0  0  0  0  0 
 27  46  2  7  19  22  11 
 30  33  44  43  31  28  15 
 9  23  24  29  12  13  16 
 20  14  36  38  26  21  39 
 42  10  32  40  8  41  6 
 17  18  49  48  51  5  34 
 45  3  50  53  56  4  1 
 25  55  54  52  47  37  35 
#INFO
cap20: 0  cap40: 56  reefer: 37  HC: 56  capacity: 88.888889 TEU: 126