1 47 0 4 36 1 9
#POD
3 
#LOCATIONS
50 
#CONTAINERS_TOLOAD
0 0 0 26800.00 2.59 20 3 0 50 0
0 0 0 26760.00 2.59 20 3 0 50 0
0 0 0 26760.00 2.59 20 3 0 50 0
0 0 0 26830.00 2.59 20 3 0 50 0
0 0 0 26750.00 2.59 20 3 0 50 0
0 0 0 26830.00 2.59 20 3 0 50 0
0 0 0 26760.00 2.59 20 3 0 50 0
0 0 0 26800.00 2.59 20 3 0 50 0
0 0 0 26750.00 2.59 20 3 0 50 0
0 0 0 26815.00 2.59 20 3 0 50 0
0 0 0 26760.00 2.59 20 3 0 50 0
0 0 0 28880.00 2.90 40 3 0 50 0
0 0 0 26760.00 2.59 20 3 0 50 0
0 0 0 26800.00 2.59 20 3 0 50 0
0 0 0 26815.00 2.59 20 3 0 50 0
0 0 0 26760.00 2.59 20 3 0 50 0
0 0 0 26750.00 2.59 20 3 0 50 0
0 0 0 26800.00 2.59 20 3 0 50 0
0 0 0 26760.00 2.59 20 3 0 50 0
0 0 0 26815.00 2.59 20 3 0 50 0
0 0 0 26780.00 2.59 20 3 0 50 0
0 0 0 26800.00 2.59 20 3 0 50 0
0 0 0 24400.00 2.90 40 3 0 50 0
0 0 0 26800.00 2.59 20 3 0 50 0
0 0 0 26800.00 2.59 20 3 0 50 0
0 0 0 26745.00 2.59 20 3 0 50 0
0 0 0 26800.00 2.59 20 3 0 50 0
0 0 0 26800.00 2.59 20 3 0 50 0
0 0 0 25740.00 2.90 40 3 0 50 0
0 0 0 24752.00 2.90 40 3 0 50 0
0 0 0 26800.00 2.59 20 3 0 50 0
0 0 0 26750.00 2.59 20 3 0 50 0
0 0 0 26760.00 2.59 20 3 0 50 0
0 0 0 26750.00 2.59 20 3 0 50 0
0 0 0 26775.00 2.59 20 3 0 50 0
0 0 0 26760.00 2.59 20 3 0 50 0
0 0 0 26760.00 2.59 20 3 0 50 0
0 0 0 26800.00 2.59 20 3 0 50 0
0 0 0 26810.00 2.59 20 3 0 50 0
0 0 0 26760.00 2.59 20 3 0 50 0
0 0 0 26800.00 2.59 20 3 0 50 0
0 0 0 27000.00 2.90 40 3 0 50 0
0 0 0 26800.00 2.59 20 3 0 50 0
0 0 0 26815.00 2.59 20 3 0 50 0
0 0 0 25430.00 2.90 40 3 0 50 0
0 0 0 26760.00 2.59 20 3 0 50 0
0 0 0 24820.00 2.90 40 3 0 50 0
#CONTAINERS_LOADED 
#STACKS
378000.000000 23.890000 50
378000.000000 23.890000 50
378000.000000 23.890000 50
378000.000000 23.890000 50
#CELLS
1 1 0 1 1 1 50
1 1 0 1 1 1 50
1 1 0 1 1 1 50
1 1 0 1 1 1 50
1 1 0 1 1 1 50
1 1 0 1 1 1 50
1 1 0 1 1 1 50
1 0 0 1 1 1 50
1 0 0 1 1 1 50
2 1 0 1 1 1 50
2 1 0 1 1 1 50
2 1 0 1 1 1 50
2 1 0 1 1 1 50
2 1 0 1 1 1 50
2 1 0 1 1 1 50
2 1 0 1 1 1 50
2 0 0 1 1 1 50
2 0 0 1 1 1 50
3 1 0 1 1 1 50
3 1 0 1 1 1 50
3 1 0 1 1 1 50
3 1 0 1 1 1 50
3 1 0 1 1 1 50
3 1 0 1 1 1 50
3 1 0 1 1 1 50
3 0 0 1 1 1 50
3 0 0 1 1 1 50
4 1 0 1 1 1 50
4 1 0 1 1 1 50
4 1 0 1 1 1 50
4 1 0 1 1 1 50
4 1 0 1 1 1 50
4 1 0 1 1 1 50
4 1 0 1 1 1 50
4 0 0 1 1 1 50
4 0 0 1 1 1 50
#SOLUTION-AFT
 0  0  0  0 
 0  30  29  0 
 0  47  42  0 
 0  45  12  23 
 31  28  33  26 
 8  14  11  32 
 38  20  36  17 
 41  15  2  7 
 1  6  35  16 
#SOLUTION-FWD
 0  0  0  0 
 0  30  29  0 
 0  47  42  0 
 0  45  12  23 
 24  27  3  34 
 25  39  37  9 
 18  44  46  5 
 43  10  40  13 
 22  4  21  19 
#INFO
cap20: 40  cap40: 7  reefer: 0  HC: 7  capacity: 75.000000 TEU: 72