1 23 0 3 24 1 8
#POD
6 
#LOCATIONS
17 
#CONTAINERS_TOLOAD
0 0 0 4000.00 2.90 40 6 0 17 0
0 0 0 4000.00 2.90 40 6 0 17 0
0 0 0 4000.00 2.90 40 6 0 17 0
0 0 0 4000.00 2.59 40 6 0 17 0
0 0 0 4000.00 2.59 40 6 0 17 0
0 0 0 4000.00 2.59 40 6 0 17 0
0 0 0 4000.00 2.59 40 6 0 17 0
0 0 0 4000.00 2.59 40 6 0 17 0
0 0 0 4000.00 2.59 40 6 0 17 0
0 0 0 4000.00 2.59 40 6 0 17 0
0 0 0 4000.00 2.59 40 6 0 17 0
0 0 0 4000.00 2.59 40 6 0 17 0
0 0 0 4000.00 2.59 40 6 0 17 0
0 0 0 4000.00 2.59 40 6 0 17 0
0 0 0 4000.00 2.59 40 6 0 17 0
0 0 0 4000.00 2.59 40 6 0 17 0
0 0 0 4000.00 2.59 40 6 0 17 0
0 0 0 4000.00 2.59 40 6 0 17 0
0 0 0 4000.00 2.59 40 6 0 17 0
0 0 0 4000.00 2.59 40 6 0 17 0
0 0 0 4000.00 2.59 40 6 0 17 0
0 0 0 4000.00 2.59 40 6 0 17 0
0 0 0 4000.00 2.59 40 6 0 17 0
#CONTAINERS_LOADED 
#STACKS
336000.000000 21.280000 17
336000.000000 21.280000 17
336000.000000 21.280000 17
#CELLS
1 0 0 1 1 1 17
1 0 0 1 1 1 17
1 0 0 1 1 1 17
1 0 0 1 1 1 17
1 0 0 1 1 1 17
1 0 0 1 1 1 17
1 0 0 1 1 1 17
1 0 0 1 1 1 17
2 0 0 1 1 1 17
2 0 0 1 1 1 17
2 0 0 1 1 1 17
2 0 0 1 1 1 17
2 0 0 1 1 1 17
2 0 0 1 1 1 17
2 0 0 1 1 1 17
2 0 0 1 1 1 17
3 0 0 1 1 1 17
3 0 0 1 1 1 17
3 0 0 1 1 1 17
3 0 0 1 1 1 17
3 0 0 1 1 1 17
3 0 0 1 1 1 17
3 0 0 1 1 1 17
3 0 0 1 1 1 17
#SOLUTION-AFT
 9  14  0 
 18  13  10 
 20  8  15 
 7  11  1 
 19  23  3 
 5  16  2 
 22  12  6 
 17  4  21 
#SOLUTION-FWD
 9  14  0 
 18  13  10 
 20  8  15 
 7  11  1 
 19  23  3 
 5  16  2 
 22  12  6 
 17  4  21 
#INFO
cap20: 0  cap40: 23  reefer: 0  HC: 3  capacity: 95.833333 TEU: 48