1 23 0 3 21 1 7
#POD
3 
#LOCATIONS
45 
#CONTAINERS_TOLOAD
0 0 0 17495.00 2.59 20 3 1 45 0
0 0 0 30000.00 2.59 40 3 0 45 0
0 0 0 15581.00 2.59 20 3 1 45 0
0 0 0 30000.00 2.59 40 3 0 45 0
0 0 0 30000.00 2.59 40 3 0 45 0
0 0 0 30000.00 2.59 40 3 0 45 0
0 0 0 30000.00 2.59 40 3 0 45 0
0 0 0 30000.00 2.59 40 3 0 45 0
0 0 0 30000.00 2.59 40 3 0 45 0
0 0 0 30000.00 2.59 40 3 0 45 0
0 0 0 30000.00 2.59 40 3 0 45 0
0 0 0 30000.00 2.59 40 3 0 45 0
0 0 0 30000.00 2.59 40 3 0 45 0
0 0 0 30000.00 2.59 40 3 0 45 0
0 0 0 30000.00 2.59 40 3 0 45 0
0 0 0 30000.00 2.59 40 3 0 45 0
0 0 0 5071.00 2.59 20 3 0 45 0
0 0 0 30000.00 2.59 40 3 0 45 0
0 0 0 30000.00 2.59 40 3 0 45 0
0 0 0 3330.00 2.59 20 3 1 45 0
0 0 0 30000.00 2.59 40 3 0 45 0
0 0 0 30000.00 2.59 40 3 0 45 0
0 0 0 30000.00 2.59 40 3 0 45 0
#CONTAINERS_LOADED 
#STACKS
282000.000000 19.240000 45
282000.000000 19.240000 45
282000.000000 19.240000 45
#CELLS
1 1 1 1 1 1 45
1 1 1 1 1 1 45
1 1 1 1 1 1 45
1 1 1 1 1 1 45
1 1 1 1 1 1 45
1 0 0 1 1 1 45
1 0 0 1 1 1 45
2 1 1 1 1 1 45
2 1 1 1 1 1 45
2 1 1 1 1 1 45
2 1 1 1 1 1 45
2 1 1 1 1 1 45
2 0 0 1 1 1 45
2 0 0 1 1 1 45
3 1 1 1 1 1 45
3 1 1 1 1 1 45
3 1 1 1 1 1 45
3 1 1 1 1 1 45
3 1 1 1 1 1 45
3 0 0 1 1 1 45
3 0 0 1 1 1 45
#SOLUTION-AFT
 11  10  12 
 16  2  23 
 18  13  9 
 6  7  19 
 21  4  14 
 22  15  17 
 5  8  3 
#SOLUTION-FWD
 11  10  12 
 16  2  23 
 18  13  9 
 6  7  19 
 21  4  14 
 22  15  20 
 5  8  1 
#INFO
cap20: 4  cap40: 19  reefer: 3  HC: 0  capacity: 100.000000 TEU: 42