2 18 2 5 45 1 9
#POD
6 10 
#LOCATIONS
42 
#CONTAINERS_TOLOAD
0 0 0 28920.00 2.90 40 6 0 42 0
0 0 0 28790.00 2.59 40 6 0 42 0
0 0 0 28940.00 2.90 40 6 0 42 0
0 0 0 28800.00 2.59 40 6 0 42 0
0 0 0 28930.00 2.59 40 6 0 42 0
0 0 0 28920.00 2.59 40 6 0 42 0
0 0 0 28800.00 2.59 40 6 0 42 0
0 0 0 28800.00 2.59 40 6 0 42 0
0 0 0 28800.00 2.59 40 6 0 42 0
0 0 0 29000.00 2.59 40 6 0 42 0
0 0 0 29195.00 2.59 40 6 0 42 0
0 0 0 28790.00 2.59 40 6 0 42 0
0 0 0 28750.00 2.59 40 6 0 42 0
0 0 0 28830.00 2.59 40 6 0 42 0
0 0 0 28940.00 2.90 40 6 0 42 0
0 0 0 28800.00 2.59 40 6 0 42 0
0 0 0 28800.00 2.59 40 6 0 42 0
0 0 0 28800.00 2.59 40 6 0 42 0
#CONTAINERS_LOADED 
3 5 0 24900.00 2.59 40 10 0 42 0
3 6 0 24900.00 2.59 40 10 0 42 0
#STACKS
270000.000000 11.700000 42
270000.000000 11.700000 42
270000.000000 11.700000 42
270000.000000 11.700000 42
270000.000000 11.700000 42
#CELLS
1 0 0 0 0 0 0
1 0 0 0 0 0 0
1 0 0 0 0 0 0
1 0 0 0 0 0 0
1 0 0 1 1 1 42
1 0 0 1 1 1 42
1 0 0 1 1 1 42
1 0 0 1 1 1 42
1 0 0 0 0 0 0
2 0 0 0 0 0 0
2 0 0 0 0 0 0
2 0 0 0 0 0 0
2 0 0 0 0 0 0
2 0 0 1 1 1 42
2 0 0 1 1 1 42
2 0 0 1 1 1 42
2 0 0 1 1 1 42
2 0 0 0 0 0 0
3 0 0 0 0 0 0
3 0 0 0 0 0 0
3 0 0 0 0 0 0
3 0 0 0 0 0 0
3 0 0 1 1 1 42
3 0 0 1 1 1 42
3 0 0 1 1 1 42
3 0 0 1 1 1 42
3 0 0 0 0 0 0
4 0 0 0 0 0 0
4 0 0 0 0 0 0
4 0 0 0 0 0 0
4 0 0 0 0 0 0
4 0 0 1 1 1 42
4 0 0 1 1 1 42
4 0 0 1 1 1 42
4 0 0 1 1 1 42
4 0 0 0 0 0 0
5 0 0 0 0 0 0
5 0 0 0 0 0 0
5 0 0 0 0 0 0
5 0 0 0 0 0 0
5 0 0 1 1 1 42
5 0 0 1 1 1 42
5 0 0 1 1 1 42
5 0 0 1 1 1 42
5 0 0 0 0 0 0
#SOLUTION-AFT
 0  0  0  0  0 
 13  16  10  18  2 
 1  17  11  14  12 
 15  8  20  6  4 
 3  9  19  5  7 
 0  0  0  0  0 
 0  0  0  0  0 
 0  0  0  0  0 
 0  0  0  0  0 
#SOLUTION-FWD
 0  0  0  0  0 
 13  16  10  18  2 
 1  17  11  14  12 
 15  8  20  6  4 
 3  9  19  5  7 
 0  0  0  0  0 
 0  0  0  0  0 
 0  0  0  0  0 
 0  0  0  0  0 
#INFO
cap20: 0  cap40: 20  reefer: 0  HC: 3  capacity: 100.000000 TEU: 40