1 4 20 4 36 1 9
#POD
3 
#LOCATIONS
82 
#CONTAINERS_TOLOAD
0 0 0 28940.00 2.90 40 3 0 82 0
0 0 0 28940.00 2.90 40 3 0 82 0
0 0 0 28980.00 2.90 40 3 0 82 0
0 0 0 28960.00 2.90 40 3 0 82 0
#CONTAINERS_LOADED 
2 6 0 25900.00 2.59 40 3 0 82 0
1 7 0 18000.00 2.59 40 3 0 82 0
4 7 0 15300.00 2.59 40 3 0 82 0
2 7 0 15000.00 2.59 40 3 0 82 0
3 6 0 22000.00 2.90 40 3 1 82 0
3 3 0 28800.00 2.90 40 3 1 82 0
4 5 0 29000.00 2.90 40 3 1 82 0
2 5 0 28000.00 2.90 40 3 1 82 0
3 5 0 28000.00 2.90 40 3 1 82 0
4 6 0 24000.00 2.59 40 3 0 82 0
1 6 0 15300.00 2.59 40 3 0 82 0
1 5 0 23200.00 2.90 40 3 1 82 0
2 4 0 35600.00 2.90 40 3 1 82 0
2 3 0 30100.00 2.90 40 3 1 82 0
4 3 0 31000.00 2.90 40 3 1 82 0
1 3 0 29000.00 2.90 40 3 1 82 0
3 4 0 28000.00 2.90 40 3 1 82 0
3 7 0 15300.00 2.59 40 3 0 82 0
1 4 0 30000.00 2.90 40 3 1 82 0
4 4 0 29000.00 2.90 40 3 1 82 0
#STACKS
184000.000000 18.140000 82
184000.000000 18.140000 82
184000.000000 18.140000 82
184000.000000 18.140000 82
#CELLS
1 0 0 0 0 0 0
1 0 0 0 0 0 0
1 0 1 1 1 1 82
1 0 1 1 1 1 82
1 0 1 1 1 1 82
1 1 0 1 1 1 82
1 0 0 1 1 1 82
1 0 0 1 1 1 82
1 0 0 0 0 1 82
2 0 0 0 0 0 0
2 0 0 0 0 0 0
2 0 1 1 1 1 82
2 0 1 1 1 1 82
2 0 1 1 1 1 82
2 1 0 1 1 1 82
2 0 0 1 1 1 82
2 0 0 1 1 1 82
2 0 0 0 0 1 82
3 0 0 0 0 0 0
3 0 0 0 0 0 0
3 0 1 1 1 1 82
3 0 1 1 1 1 82
3 0 1 1 1 1 82
3 1 0 1 1 1 82
3 0 0 1 1 1 82
3 0 0 1 1 1 82
3 0 0 0 0 1 82
4 0 0 0 0 0 0
4 0 0 0 0 0 0
4 0 1 1 1 1 82
4 0 1 1 1 1 82
4 0 1 1 1 1 82
4 1 0 1 1 1 82
4 0 0 1 1 1 82
4 0 0 1 1 1 82
4 0 0 0 0 1 82
#SOLUTION-AFT
 0  0  0  0 
 2  4  3  1 
 6  8  22  7 
 15  5  9  14 
 16  12  13  11 
 23  17  21  24 
 20  18  10  19 
 0  0  0  0 
 0  0  0  0 
#SOLUTION-FWD
 0  0  0  0 
 2  4  3  1 
 6  8  22  7 
 15  5  9  14 
 16  12  13  11 
 23  17  21  24 
 20  18  10  19 
 0  0  0  0 
 0  0  0  0 
#INFO
cap20: 0  cap40: 24  reefer: 13  HC: 17  capacity: 85.714286 TEU: 56