1 95 0 8 64 1 8
#POD
4 
#LOCATIONS
42 
#CONTAINERS_TOLOAD
0 0 0 5600.00 2.59 20 4 0 42 0
0 0 0 13000.00 2.59 20 4 0 42 0
0 0 0 5940.00 2.59 20 4 0 42 0
0 0 0 25850.00 2.90 40 4 0 42 0
0 0 0 28060.00 2.90 40 4 0 42 0
0 0 0 16350.00 2.59 20 4 0 42 0
0 0 0 28790.00 2.90 40 4 0 42 0
0 0 0 16410.00 2.59 20 4 0 42 0
0 0 0 7300.00 2.59 20 4 0 42 0
0 0 0 26760.00 2.90 40 4 0 42 0
0 0 0 10220.00 2.59 20 4 0 42 0
0 0 0 16900.00 2.59 20 4 0 42 0
0 0 0 5060.00 2.59 20 4 0 42 0
0 0 0 27850.00 2.90 40 4 0 42 0
0 0 0 28720.00 2.59 20 4 0 42 0
0 0 0 28800.00 2.59 20 4 0 42 0
0 0 0 28540.00 2.59 20 4 0 42 0
0 0 0 6660.00 2.59 20 4 0 42 0
0 0 0 28730.00 2.90 40 4 0 42 0
0 0 0 5960.00 2.59 20 4 0 42 0
0 0 0 16350.00 2.59 20 4 0 42 0
0 0 0 15370.00 2.59 20 4 0 42 0
0 0 0 9680.00 2.59 20 4 0 42 0
0 0 0 3910.00 2.59 20 4 0 42 0
0 0 0 14004.00 2.59 20 4 0 42 0
0 0 0 6340.00 2.59 20 4 0 42 0
0 0 0 9940.00 2.59 20 4 0 42 0
0 0 0 5340.00 2.59 20 4 0 42 0
0 0 0 6880.00 2.59 20 4 0 42 0
0 0 0 7630.00 2.59 20 4 0 42 0
0 0 0 9560.00 2.59 20 4 0 42 0
0 0 0 15846.00 2.59 20 4 0 42 0
0 0 0 10220.00 2.59 20 4 0 42 0
0 0 0 14400.00 2.59 20 4 0 42 0
0 0 0 26720.00 2.90 40 4 0 42 0
0 0 0 8780.00 2.59 20 4 0 42 0
0 0 0 29500.00 2.59 20 4 0 42 0
0 0 0 9480.00 2.59 20 4 0 42 0
0 0 0 9930.00 2.59 20 4 0 42 0
0 0 0 28140.00 2.90 40 4 0 42 0
0 0 0 29200.00 2.59 20 4 0 42 0
0 0 0 25140.00 2.90 40 4 0 42 0
0 0 0 14633.00 2.59 20 4 0 42 0
0 0 0 7780.00 2.59 20 4 0 42 0
0 0 0 5060.00 2.59 20 4 0 42 0
0 0 0 28860.00 2.59 20 4 0 42 0
0 0 0 28600.00 2.59 20 4 0 42 0
0 0 0 6180.00 2.59 20 4 0 42 0
0 0 0 28430.00 2.90 40 4 0 42 0
0 0 0 28860.00 2.59 20 4 0 42 0
0 0 0 12040.00 2.59 20 4 0 42 0
0 0 0 16410.00 2.59 20 4 0 42 0
0 0 0 3760.00 2.59 20 4 0 42 0
0 0 0 9800.00 2.59 20 4 0 42 0
0 0 0 6980.00 2.59 20 4 0 42 0
0 0 0 16650.00 2.59 20 4 0 42 0
0 0 0 7760.00 2.59 20 4 0 42 0
0 0 0 5900.00 2.59 20 4 0 42 0
0 0 0 15600.00 2.59 20 4 0 42 0
0 0 0 6820.00 2.59 20 4 0 42 0
0 0 0 14980.00 2.59 20 4 0 42 0
0 0 0 20916.00 2.90 40 4 0 42 0
0 0 0 16940.00 2.59 20 4 0 42 0
0 0 0 15572.00 2.59 20 4 0 42 0
0 0 0 28700.00 2.59 20 4 0 42 0
0 0 0 5070.00 2.59 20 4 0 42 0
0 0 0 5620.00 2.59 20 4 0 42 0
0 0 0 24640.00 2.90 40 4 0 42 0
0 0 0 29500.00 2.59 20 4 0 42 0
0 0 0 15370.00 2.59 20 4 0 42 0
0 0 0 10400.00 2.59 20 4 0 42 0
0 0 0 5800.00 2.59 20 4 0 42 0
0 0 0 5780.00 2.59 20 4 0 42 0
0 0 0 29310.00 2.90 40 4 0 42 0
0 0 0 5100.00 2.59 20 4 0 42 0
0 0 0 2874.00 2.59 20 4 0 42 0
0 0 0 6440.00 2.59 20 4 0 42 0
0 0 0 29070.00 2.90 40 4 0 42 0
0 0 0 12740.00 2.59 20 4 0 42 0
0 0 0 8560.00 2.59 20 4 0 42 0
0 0 0 8460.00 2.59 20 4 0 42 0
0 0 0 15180.00 2.59 20 4 0 42 0
0 0 0 29300.00 2.90 40 4 0 42 0
0 0 0 5920.00 2.59 20 4 0 42 0
0 0 0 13300.00 2.59 20 4 0 42 0
0 0 0 17540.00 2.59 20 4 0 42 0
0 0 0 28860.00 2.59 20 4 0 42 0
0 0 0 16460.00 2.59 40 4 0 42 0
0 0 0 27520.00 2.90 40 4 0 42 0
0 0 0 5740.00 2.59 20 4 0 42 0
0 0 0 29480.00 2.90 40 4 0 42 0
0 0 0 14040.00 2.59 20 4 0 42 0
0 0 0 16660.00 2.59 40 4 0 42 0
0 0 0 16380.00 2.59 20 4 0 42 0
0 0 0 29020.00 2.59 20 4 0 42 0
#CONTAINERS_LOADED 
#STACKS
250200.000000 18.500000 42
247000.000000 21.100000 42
247000.000000 21.100000 42
247000.000000 21.100000 42
247000.000000 21.100000 42
247000.000000 21.100000 42
247000.000000 21.100000 42
250200.000000 18.500000 42
#CELLS
1 0 0 0 0 0 0
1 0 0 1 1 1 42
1 0 0 1 1 1 42
1 0 0 1 1 1 42
1 0 0 1 1 1 42
1 0 0 1 1 1 42
1 0 0 1 1 1 42
1 0 0 0 0 0 0
2 0 0 1 1 1 42
2 0 0 1 1 1 42
2 0 0 1 1 1 42
2 0 0 1 1 1 42
2 0 0 1 1 1 42
2 0 0 1 1 1 42
2 0 0 1 1 1 42
2 0 0 0 0 1 42
3 0 0 1 1 1 42
3 0 0 1 1 1 42
3 0 0 1 1 1 42
3 0 0 1 1 1 42
3 0 0 1 1 1 42
3 0 0 1 1 1 42
3 0 0 1 1 1 42
3 0 0 0 0 1 42
4 0 0 1 1 1 42
4 0 0 1 1 1 42
4 0 0 1 1 1 42
4 0 0 1 1 1 42
4 0 0 1 1 1 42
4 0 0 1 1 1 42
4 0 0 1 1 1 42
4 0 0 0 0 1 42
5 0 0 1 1 1 42
5 0 0 1 1 1 42
5 0 0 1 1 1 42
5 0 0 1 1 1 42
5 0 0 1 1 1 42
5 0 0 1 1 1 42
5 0 0 1 1 1 42
5 0 0 0 0 1 42
6 0 0 1 1 1 42
6 0 0 1 1 1 42
6 0 0 1 1 1 42
6 0 0 1 1 1 42
6 0 0 1 1 1 42
6 0 0 1 1 1 42
6 0 0 1 1 1 42
6 0 0 0 0 1 42
7 0 0 1 1 1 42
7 0 0 1 1 1 42
7 0 0 1 1 1 42
7 0 0 1 1 1 42
7 0 0 1 1 1 42
7 0 0 1 1 1 42
7 0 0 1 1 1 42
7 0 0 0 0 1 42
8 0 0 0 0 0 0
8 0 0 1 1 1 42
8 0 0 1 1 1 42
8 0 0 1 1 1 42
8 0 0 1 1 1 42
8 0 0 1 1 1 42
8 0 0 1 1 1 42
8 0 0 0 0 0 0
#SOLUTION-AFT
 0  0  78  88  62  0  7  0 
 68  45  1  93  76  83  26  0 
 42  66  23  91  3  74  77  14 
 4  28  27  82  44  51  60  5 
 35  72  33  22  86  2  55  40 
 10  58  16  6  56  85  81  49 
 89  17  87  94  25  34  36  19 
 0  47  50  12  64  41  38  0 
#SOLUTION-FWD
 0  0  78  88  62  0  7  0 
 68  13  67  93  53  83  48  0 
 42  75  54  91  24  74  18  14 
 4  90  39  70  9  71  29  5 
 35  73  11  59  63  79  30  40 
 10  84  15  21  37  92  57  49 
 89  20  46  52  43  61  80  19 
 0  65  95  8  32  69  31  0 
#INFO
cap20: 76  cap40: 19  reefer: 0  HC: 17  capacity: 95.000000 TEU: 120