1 87 0 8 72 1 9
#POD
2 
#LOCATIONS
27 
#CONTAINERS_TOLOAD
0 0 0 2000.00 2.59 20 2 0 27 0
0 0 0 2900.00 2.59 20 2 0 27 0
0 0 0 2900.00 2.59 20 2 0 27 0
0 0 0 7600.00 2.59 40 2 0 27 0
0 0 0 2900.00 2.59 20 2 0 27 0
0 0 0 2900.00 2.59 20 2 0 27 0
0 0 0 2000.00 2.59 20 2 0 27 0
0 0 0 2000.00 2.59 20 2 0 27 0
0 0 0 12200.00 2.59 20 2 1 27 0
0 0 0 2900.00 2.59 20 2 0 27 0
0 0 0 2900.00 2.59 20 2 0 27 0
0 0 0 2900.00 2.59 20 2 0 27 0
0 0 0 2900.00 2.59 20 2 0 27 0
0 0 0 2000.00 2.59 20 2 0 27 0
0 0 0 2000.00 2.59 20 2 0 27 0
0 0 0 9000.00 2.59 40 2 0 27 0
0 0 0 23600.00 2.90 40 2 1 27 0
0 0 0 2900.00 2.59 20 2 0 27 0
0 0 0 2000.00 2.59 20 2 0 27 0
0 0 0 2900.00 2.59 20 2 0 27 0
0 0 0 2000.00 2.59 20 2 0 27 0
0 0 0 2000.00 2.59 20 2 0 27 0
0 0 0 2000.00 2.59 20 2 0 27 0
0 0 0 4500.00 2.90 40 2 0 27 0
0 0 0 24600.00 2.90 40 2 1 27 0
0 0 0 2900.00 2.59 20 2 0 27 0
0 0 0 2900.00 2.59 20 2 0 27 0
0 0 0 2000.00 2.59 20 2 0 27 0
0 0 0 8150.00 2.59 40 2 0 27 0
0 0 0 2000.00 2.59 20 2 0 27 0
0 0 0 2000.00 2.59 20 2 0 27 0
0 0 0 2900.00 2.59 20 2 0 27 0
0 0 0 20550.00 2.59 20 2 1 27 0
0 0 0 2900.00 2.59 20 2 0 27 0
0 0 0 2900.00 2.59 20 2 0 27 0
0 0 0 2900.00 2.59 20 2 0 27 0
0 0 0 2000.00 2.59 20 2 0 27 0
0 0 0 2000.00 2.59 20 2 0 27 0
0 0 0 2900.00 2.59 20 2 0 27 0
0 0 0 2000.00 2.59 20 2 0 27 0
0 0 0 2000.00 2.59 20 2 0 27 0
0 0 0 4500.00 2.90 40 2 0 27 0
0 0 0 2000.00 2.59 20 2 0 27 0
0 0 0 2900.00 2.59 20 2 0 27 0
0 0 0 2900.00 2.59 20 2 0 27 0
0 0 0 2000.00 2.59 20 2 0 27 0
0 0 0 2000.00 2.59 20 2 0 27 0
0 0 0 2000.00 2.59 20 2 0 27 0
0 0 0 2000.00 2.59 20 2 0 27 0
0 0 0 2900.00 2.59 20 2 0 27 0
0 0 0 2900.00 2.59 20 2 0 27 0
0 0 0 2000.00 2.59 20 2 0 27 0
0 0 0 2900.00 2.59 20 2 0 27 0
0 0 0 2000.00 2.59 20 2 0 27 0
0 0 0 2000.00 2.59 20 2 0 27 0
0 0 0 24040.00 2.90 40 2 1 27 0
0 0 0 2000.00 2.59 20 2 0 27 0
0 0 0 2900.00 2.59 20 2 0 27 0
0 0 0 2000.00 2.59 20 2 0 27 0
0 0 0 2000.00 2.59 20 2 0 27 0
0 0 0 2000.00 2.59 20 2 0 27 0
0 0 0 2000.00 2.59 20 2 0 27 0
0 0 0 2900.00 2.59 20 2 0 27 0
0 0 0 2000.00 2.59 20 2 0 27 0
0 0 0 2900.00 2.59 20 2 0 27 0
0 0 0 15802.00 2.59 20 2 1 27 0
0 0 0 2900.00 2.59 20 2 0 27 0
0 0 0 2900.00 2.59 20 2 0 27 0
0 0 0 2900.00 2.59 20 2 0 27 0
0 0 0 2900.00 2.59 20 2 0 27 0
0 0 0 2900.00 2.59 20 2 0 27 0
0 0 0 7900.00 2.59 40 2 0 27 0
0 0 0 2900.00 2.59 20 2 0 27 0
0 0 0 2900.00 2.59 20 2 0 27 0
0 0 0 4500.00 2.90 40 2 0 27 0
0 0 0 8800.00 2.59 40 2 0 27 0
0 0 0 2900.00 2.59 20 2 0 27 0
0 0 0 7916.00 2.59 40 2 0 27 0
0 0 0 7500.00 2.59 40 2 0 27 0
0 0 0 8706.00 2.59 40 2 0 27 0
0 0 0 2900.00 2.59 20 2 0 27 0
0 0 0 2900.00 2.59 20 2 0 27 0
0 0 0 4500.00 2.90 40 2 0 27 0
0 0 0 2900.00 2.59 20 2 0 27 0
0 0 0 8200.00 2.59 40 2 0 27 0
0 0 0 2900.00 2.59 20 2 0 27 0
0 0 0 24100.00 2.59 40 2 0 27 0
#CONTAINERS_LOADED 
#STACKS
384000.000000 18.690000 27
384000.000000 21.280000 27
384000.000000 21.280000 27
384000.000000 21.280000 27
384000.000000 21.280000 27
384000.000000 21.280000 27
384000.000000 21.280000 27
384000.000000 18.690000 27
#CELLS
1 0 0 0 0 0 0
1 0 0 1 1 1 27
1 0 1 1 1 1 27
1 0 1 1 1 1 27
1 0 1 1 1 1 27
1 0 0 1 1 1 27
1 0 0 1 1 1 27
1 0 0 1 1 1 27
1 0 0 0 0 0 0
2 0 0 1 1 1 27
2 0 1 1 1 1 27
2 0 1 1 1 1 27
2 0 1 1 1 1 27
2 0 1 1 1 1 27
2 0 1 1 1 1 27
2 0 0 1 1 1 27
2 0 0 1 1 1 27
2 0 0 0 0 0 0
3 0 0 1 1 1 27
3 0 1 1 1 1 27
3 0 1 1 1 1 27
3 0 1 1 1 1 27
3 0 1 1 1 1 27
3 0 1 1 1 1 27
3 0 0 1 1 1 27
3 0 0 1 1 1 27
3 0 0 0 0 0 0
4 0 0 1 1 1 27
4 0 1 1 1 1 27
4 0 1 1 1 1 27
4 0 1 1 1 1 27
4 0 1 1 1 1 27
4 0 1 1 1 1 27
4 0 0 1 1 1 27
4 0 0 1 1 1 27
4 0 0 0 0 0 0
5 0 0 1 1 1 27
5 0 1 1 1 1 27
5 0 1 1 1 1 27
5 0 1 1 1 1 27
5 0 1 1 1 1 27
5 0 1 1 1 1 27
5 0 0 1 1 1 27
5 0 0 1 1 1 27
5 0 0 0 0 0 0
6 0 0 1 1 1 27
6 0 1 1 1 1 27
6 0 1 1 1 1 27
6 0 1 1 1 1 27
6 0 1 1 1 1 27
6 0 1 1 1 1 27
6 0 0 1 1 1 27
6 0 0 1 1 1 27
6 0 0 0 0 0 0
7 0 0 1 1 1 27
7 0 1 1 1 1 27
7 0 1 1 1 1 27
7 0 1 1 1 1 27
7 0 1 1 1 1 27
7 0 1 1 1 1 27
7 0 0 1 1 1 27
7 0 0 1 1 1 27
7 0 0 0 0 0 0
8 0 0 0 0 0 0
8 0 0 1 1 1 27
8 0 1 1 1 1 27
8 0 1 1 1 1 27
8 0 1 1 1 1 27
8 0 0 1 1 1 27
8 0 0 1 1 1 27
8 0 0 1 1 1 27
8 0 0 0 0 0 0
#SOLUTION-AFT
 0  0  0  0  0  0  0  0 
 0  0  0  0  0  0  76  79 
 87  24  0  0  0  0  16  4 
 23  75  30  26  19  40  7  72 
 9  83  61  3  21  48  14  78 
 66  17  11  70  47  81  8  29 
 33  56  51  27  22  53  50  85 
 1  25  32  71  62  12  2  80 
 0  42  77  82  39  73  69  0 
#SOLUTION-FWD
 0  0  0  0  0  0  0  0 
 0  0  0  0  0  0  76  79 
 87  24  0  0  0  0  16  4 
 49  75  31  84  15  38  64  72 
 57  83  54  35  60  41  37  78 
 46  17  10  65  28  86  59  29 
 43  56  58  6  52  18  13  85 
 55  25  5  20  44  67  34  80 
 0  42  36  63  45  68  74  0 
#INFO
cap20: 70  cap40: 17  reefer: 6  HC: 7  capacity: 83.870968 TEU: 124