1 46 0 10 90 1 9
#POD
7 
#LOCATIONS
83 
#CONTAINERS_TOLOAD
0 0 0 6799.00 2.59 40 7 0 83 0
0 0 0 8699.00 2.59 40 7 0 83 0
0 0 0 9400.00 2.59 40 7 0 83 0
0 0 0 10000.00 2.59 40 7 0 83 0
0 0 0 10000.00 2.59 40 7 0 83 0
0 0 0 9230.00 2.59 40 7 0 83 0
0 0 0 10000.00 2.59 40 7 0 83 0
0 0 0 6420.00 2.59 40 7 0 83 0
0 0 0 7200.00 2.59 40 7 0 83 0
0 0 0 8099.00 2.59 40 7 0 83 0
0 0 0 9900.00 2.59 40 7 0 83 0
0 0 0 10000.00 2.59 40 7 0 83 0
0 0 0 9500.00 2.59 40 7 0 83 0
0 0 0 10000.00 2.59 40 7 0 83 0
0 0 0 9699.00 2.59 40 7 0 83 0
0 0 0 7200.00 2.59 40 7 0 83 0
0 0 0 8500.00 2.59 40 7 0 83 0
0 0 0 7270.00 2.59 40 7 0 83 0
0 0 0 7000.00 2.59 40 7 0 83 0
0 0 0 9880.00 2.59 40 7 0 83 0
0 0 0 10000.00 2.59 40 7 0 83 0
0 0 0 8500.00 2.59 40 7 0 83 0
0 0 0 9699.00 2.59 40 7 0 83 0
0 0 0 10000.00 2.59 40 7 0 83 0
0 0 0 10000.00 2.59 40 7 0 83 0
0 0 0 9500.00 2.59 40 7 0 83 0
0 0 0 8500.00 2.59 40 7 0 83 0
0 0 0 9699.00 2.59 40 7 0 83 0
0 0 0 9300.00 2.59 40 7 0 83 0
0 0 0 7299.00 2.59 40 7 0 83 0
0 0 0 10000.00 2.59 40 7 0 83 0
0 0 0 8300.00 2.59 40 7 0 83 0
0 0 0 6600.00 2.59 40 7 0 83 0
0 0 0 8500.00 2.59 40 7 0 83 0
0 0 0 10000.00 2.59 40 7 0 83 0
0 0 0 6020.00 2.59 40 7 0 83 0
0 0 0 8699.00 2.59 40 7 0 83 0
0 0 0 9900.00 2.59 40 7 0 83 0
0 0 0 10000.00 2.59 40 7 0 83 0
0 0 0 7400.00 2.59 40 7 0 83 0
0 0 0 10000.00 2.59 40 7 0 83 0
0 0 0 7280.00 2.59 40 7 0 83 0
0 0 0 6500.00 2.59 40 7 0 83 0
0 0 0 9699.00 2.59 40 7 0 83 0
0 0 0 9699.00 2.59 40 7 0 83 0
0 0 0 8900.00 2.59 40 7 0 83 0
#CONTAINERS_LOADED 
#STACKS
184000.000000 10.530000 83
184000.000000 10.530000 83
184000.000000 13.120000 83
184000.000000 13.120000 83
184000.000000 13.120000 83
184000.000000 13.120000 83
184000.000000 13.120000 83
184000.000000 13.120000 83
184000.000000 10.530000 83
184000.000000 10.530000 83
#CELLS
1 0 0 0 0 0 0
1 0 0 0 0 0 0
1 0 0 0 0 0 0
1 0 0 0 0 0 0
1 0 0 0 0 0 0
1 0 0 1 1 1 83
1 0 0 1 1 1 83
1 0 0 1 1 1 83
1 0 0 1 1 1 83
2 0 0 0 0 0 0
2 0 0 0 0 0 0
2 0 0 0 0 0 0
2 0 0 0 0 0 0
2 0 0 0 0 0 0
2 0 0 1 1 1 83
2 0 0 1 1 1 83
2 0 0 1 1 1 83
2 0 0 1 1 1 83
3 0 0 0 0 0 0
3 0 0 0 0 0 0
3 0 0 0 0 0 0
3 0 0 0 0 0 0
3 0 0 1 1 1 83
3 0 0 1 1 1 83
3 0 0 1 1 1 83
3 0 0 1 1 1 83
3 0 0 1 1 1 83
4 0 0 0 0 0 0
4 0 0 0 0 0 0
4 0 0 0 0 0 0
4 0 0 0 0 0 0
4 0 0 1 1 1 83
4 0 0 1 1 1 83
4 0 0 1 1 1 83
4 0 0 1 1 1 83
4 0 0 1 1 1 83
5 0 0 0 0 0 0
5 0 0 0 0 0 0
5 0 0 0 0 0 0
5 0 0 0 0 0 0
5 0 0 1 1 1 83
5 0 0 1 1 1 83
5 0 0 1 1 1 83
5 0 0 1 1 1 83
5 0 0 1 1 1 83
6 0 0 0 0 0 0
6 0 0 0 0 0 0
6 0 0 0 0 0 0
6 0 0 0 0 0 0
6 0 0 1 1 1 83
6 0 0 1 1 1 83
6 0 0 1 1 1 83
6 0 0 1 1 1 83
6 0 0 1 1 1 83
7 0 0 0 0 0 0
7 0 0 0 0 0 0
7 0 0 0 0 0 0
7 0 0 0 0 0 0
7 0 0 1 1 1 83
7 0 0 1 1 1 83
7 0 0 1 1 1 83
7 0 0 1 1 1 83
7 0 0 1 1 1 83
8 0 0 0 0 0 0
8 0 0 0 0 0 0
8 0 0 0 0 0 0
8 0 0 0 0 0 0
8 0 0 1 1 1 83
8 0 0 1 1 1 83
8 0 0 1 1 1 83
8 0 0 1 1 1 83
8 0 0 1 1 1 83
9 0 0 0 0 0 0
9 0 0 0 0 0 0
9 0 0 0 0 0 0
9 0 0 0 0 0 0
9 0 0 0 0 0 0
9 0 0 1 1 1 83
9 0 0 1 1 1 83
9 0 0 1 1 1 83
9 0 0 1 1 1 83
10 0 0 0 0 0 0
10 0 0 0 0 0 0
10 0 0 0 0 0 0
10 0 0 0 0 0 0
10 0 0 0 0 0 0
10 0 0 1 1 1 83
10 0 0 1 1 1 83
10 0 0 1 1 1 83
10 0 0 1 1 1 83
#SOLUTION-AFT
 36  18  27  44  31  39  20  6  10  1 
 8  42  34  45  35  41  38  29  32  19 
 43  30  2  15  12  4  11  3  17  16 
 33  40  37  23  14  5  24  26  22  9 
 0  0  46  28  21  7  25  13  0  0 
 0  0  0  0  0  0  0  0  0  0 
 0  0  0  0  0  0  0  0  0  0 
 0  0  0  0  0  0  0  0  0  0 
 0  0  0  0  0  0  0  0  0  0 
#SOLUTION-FWD
 36  18  27  44  31  39  20  6  10  1 
 8  42  34  45  35  41  38  29  32  19 
 43  30  2  15  12  4  11  3  17  16 
 33  40  37  23  14  5  24  26  22  9 
 0  0  46  28  21  7  25  13  0  0 
 0  0  0  0  0  0  0  0  0  0 
 0  0  0  0  0  0  0  0  0  0 
 0  0  0  0  0  0  0  0  0  0 
 0  0  0  0  0  0  0  0  0  0 
#INFO
cap20: 0  cap40: 46  reefer: 0  HC: 0  capacity: 100.000000 TEU: 92