1 47 0 8 64 1 8
#POD
6 
#LOCATIONS
50 
#CONTAINERS_TOLOAD
0 0 0 10720.00 2.59 40 6 0 50 0
0 0 0 16240.00 2.59 40 6 0 50 0
0 0 0 23360.00 2.90 40 6 0 50 0
0 0 0 8200.00 2.59 40 6 0 50 0
0 0 0 23260.00 2.90 40 6 0 50 0
0 0 0 21160.00 2.90 40 6 0 50 0
0 0 0 23440.00 2.90 40 6 0 50 0
0 0 0 7460.00 2.59 40 6 0 50 0
0 0 0 14140.00 2.59 40 6 0 50 0
0 0 0 23940.00 2.90 40 6 0 50 0
0 0 0 23120.00 2.90 40 6 0 50 0
0 0 0 21760.00 2.90 40 6 0 50 0
0 0 0 12820.00 2.59 40 6 0 50 0
0 0 0 14340.00 2.59 40 6 0 50 0
0 0 0 20380.00 2.90 40 6 0 50 0
0 0 0 23260.00 2.90 40 6 0 50 0
0 0 0 10640.00 2.59 40 6 0 50 0
0 0 0 22660.00 2.90 40 6 0 50 0
0 0 0 25540.00 2.90 40 6 0 50 0
0 0 0 22480.00 2.90 40 6 0 50 0
0 0 0 19400.00 2.59 40 6 0 50 0
0 0 0 21960.00 2.90 40 6 0 50 0
0 0 0 21210.00 2.90 40 6 0 50 0
0 0 0 12260.00 2.59 40 6 0 50 0
0 0 0 18200.00 2.59 40 6 0 50 0
0 0 0 20580.00 2.90 40 6 0 50 0
0 0 0 22370.00 2.59 40 6 0 50 0
0 0 0 11620.00 2.59 40 6 0 50 0
0 0 0 17340.00 2.59 40 6 0 50 0
0 0 0 11580.00 2.59 40 6 0 50 0
0 0 0 22180.00 2.90 40 6 0 50 0
0 0 0 8500.00 2.59 40 6 0 50 0
0 0 0 22770.00 2.90 40 6 0 50 0
0 0 0 20120.00 2.59 40 6 0 50 0
0 0 0 24360.00 2.90 40 6 0 50 0
0 0 0 21950.00 2.90 40 6 0 50 0
0 0 0 26520.00 2.90 40 6 0 50 0
0 0 0 22060.00 2.90 40 6 0 50 0
0 0 0 16200.00 2.59 40 6 0 50 0
0 0 0 11220.00 2.59 40 6 0 50 0
0 0 0 12990.00 2.59 40 6 0 50 0
0 0 0 23990.00 2.90 40 6 0 50 0
0 0 0 27150.00 2.90 40 6 0 50 0
0 0 0 22260.00 2.90 40 6 0 50 0
0 0 0 12140.00 2.59 40 6 0 50 0
0 0 0 21300.00 2.90 40 6 0 50 0
0 0 0 11890.00 2.59 40 6 0 50 0
#CONTAINERS_LOADED 
#STACKS
340000.000000 18.500000 50
340000.000000 21.100000 50
340000.000000 21.100000 50
340000.000000 21.100000 50
340000.000000 21.100000 50
340000.000000 21.100000 50
340000.000000 21.100000 50
340000.000000 18.500000 50
#CELLS
1 0 0 0 0 0 0
1 0 0 1 1 1 50
1 0 0 1 1 1 50
1 0 0 1 1 1 50
1 0 0 1 1 1 50
1 0 0 1 1 1 50
1 0 0 1 1 1 50
1 0 0 1 1 1 50
2 0 0 1 1 1 50
2 0 0 1 1 1 50
2 0 0 1 1 1 50
2 0 0 1 1 1 50
2 0 0 1 1 1 50
2 0 0 1 1 1 50
2 0 0 1 1 1 50
2 0 0 0 0 1 50
3 0 0 1 1 1 50
3 0 0 1 1 1 50
3 0 0 1 1 1 50
3 0 0 1 1 1 50
3 0 0 1 1 1 50
3 0 0 1 1 1 50
3 0 0 1 1 1 50
3 0 0 0 0 1 50
4 0 0 1 1 1 50
4 0 0 1 1 1 50
4 0 0 1 1 1 50
4 0 0 1 1 1 50
4 0 0 1 1 1 50
4 0 0 1 1 1 50
4 0 0 1 1 1 50
4 0 0 0 0 1 50
5 0 0 1 1 1 50
5 0 0 1 1 1 50
5 0 0 1 1 1 50
5 0 0 1 1 1 50
5 0 0 1 1 1 50
5 0 0 1 1 1 50
5 0 0 1 1 1 50
5 0 0 0 0 1 50
6 0 0 1 1 1 50
6 0 0 1 1 1 50
6 0 0 1 1 1 50
6 0 0 1 1 1 50
6 0 0 1 1 1 50
6 0 0 1 1 1 50
6 0 0 1 1 1 50
6 0 0 0 0 1 50
7 0 0 1 1 1 50
7 0 0 1 1 1 50
7 0 0 1 1 1 50
7 0 0 1 1 1 50
7 0 0 1 1 1 50
7 0 0 1 1 1 50
7 0 0 1 1 1 50
7 0 0 0 0 1 50
8 0 0 0 0 0 0
8 0 0 1 1 1 50
8 0 0 1 1 1 50
8 0 0 1 1 1 50
8 0 0 1 1 1 50
8 0 0 1 1 1 50
8 0 0 1 1 1 50
8 0 0 1 1 1 50
#SOLUTION-AFT
 0  0  17  0  0  24  0  0 
 0  23  1  29  0  13  44  25 
 0  46  40  10  0  41  20  21 
 8  12  30  42  0  9  18  34 
 4  36  28  35  0  14  33  26 
 32  22  47  19  0  39  11  6 
 15  38  45  37  0  2  16  27 
 0  31  3  43  0  7  5  0 
#SOLUTION-FWD
 0  0  17  0  0  24  0  0 
 0  23  1  29  0  13  44  25 
 0  46  40  10  0  41  20  21 
 8  12  30  42  0  9  18  34 
 4  36  28  35  0  14  33  26 
 32  22  47  19  0  39  11  6 
 15  38  45  37  0  2  16  27 
 0  31  3  43  0  7  5  0 
#INFO
cap20: 0  cap40: 47  reefer: 0  HC: 25  capacity: 75.806452 TEU: 124