2 88 0 10 90 1 9
#POD
3 5 
#LOCATIONS
60 
#CONTAINERS_TOLOAD
0 0 0 14825.00 2.59 20 5 0 60 0
0 0 0 7100.00 2.59 20 3 0 60 0
0 0 0 4200.00 2.59 20 5 0 60 0
0 0 0 7400.00 2.59 20 3 0 60 0
0 0 0 5045.00 2.59 20 3 0 60 0
0 0 0 7500.00 2.59 20 5 0 60 0
0 0 0 5663.00 2.59 20 5 0 60 0
0 0 0 5197.00 2.59 20 5 0 60 0
0 0 0 16200.00 2.59 20 5 0 60 0
0 0 0 5000.00 2.59 20 5 0 60 0
0 0 0 9272.00 2.59 20 5 0 60 0
0 0 0 7880.00 2.59 20 5 0 60 0
0 0 0 14214.00 2.59 20 5 0 60 0
0 0 0 6250.00 2.59 20 5 0 60 0
0 0 0 7680.00 2.59 20 3 0 60 0
0 0 0 6900.00 2.59 20 3 0 60 0
0 0 0 4507.00 2.59 20 5 0 60 0
0 0 0 3270.00 2.59 20 3 0 60 0
0 0 0 8000.00 2.59 20 3 0 60 0
0 0 0 3892.00 2.59 20 3 0 60 0
0 0 0 9240.00 2.59 20 3 0 60 0
0 0 0 3990.00 2.59 20 5 0 60 0
0 0 0 4366.00 2.59 20 3 0 60 0
0 0 0 15150.00 2.59 20 5 0 60 0
0 0 0 10545.00 2.59 40 3 0 60 0
0 0 0 15100.00 2.59 20 5 0 60 0
0 0 0 7054.00 2.59 20 3 0 60 0
0 0 0 5243.00 2.59 20 5 0 60 0
0 0 0 5543.00 2.59 20 3 0 60 0
0 0 0 9000.00 2.59 20 5 0 60 0
0 0 0 6997.00 2.59 20 3 0 60 0
0 0 0 6030.00 2.59 20 3 0 60 0
0 0 0 4416.00 2.59 20 3 0 60 0
0 0 0 15310.00 2.59 20 5 0 60 0
0 0 0 6200.00 2.59 20 5 0 60 0
0 0 0 11000.00 2.59 20 5 0 60 0
0 0 0 7000.00 2.59 20 3 0 60 0
0 0 0 6622.00 2.59 20 5 0 60 0
0 0 0 4255.00 2.59 20 3 0 60 0
0 0 0 14076.00 2.59 20 5 0 60 0
0 0 0 5740.00 2.59 20 3 0 60 0
0 0 0 5372.00 2.59 20 3 0 60 0
0 0 0 6550.00 2.59 20 3 0 60 0
0 0 0 5609.00 2.59 20 3 0 60 0
0 0 0 12150.00 2.59 20 5 0 60 0
0 0 0 7000.00 2.59 20 5 0 60 0
0 0 0 9000.00 2.59 20 5 0 60 0
0 0 0 11500.00 2.59 20 5 0 60 0
0 0 0 10308.00 2.59 20 3 0 60 0
0 0 0 14000.00 2.59 20 5 0 60 0
0 0 0 10325.00 2.59 20 3 0 60 0
0 0 0 6347.00 2.59 20 3 0 60 0
0 0 0 5500.00 2.59 20 3 0 60 0
0 0 0 6900.00 2.59 20 5 0 60 0
0 0 0 7009.00 2.59 20 5 0 60 0
0 0 0 3150.00 2.59 20 3 0 60 0
0 0 0 13520.00 2.90 40 3 0 60 0
0 0 0 10286.00 2.59 40 3 0 60 0
0 0 0 3880.00 2.59 20 5 0 60 0
0 0 0 8800.00 2.59 20 5 0 60 0
0 0 0 5280.00 2.59 20 3 0 60 0
0 0 0 4593.00 2.59 20 3 0 60 0
0 0 0 10435.00 2.59 20 5 0 60 0
0 0 0 3000.00 2.59 20 3 0 60 0
0 0 0 5767.00 2.59 20 3 0 60 0
0 0 0 10484.00 2.59 40 3 0 60 0
0 0 0 4935.00 2.59 20 3 0 60 0
0 0 0 14330.00 2.59 20 5 0 60 0
0 0 0 5300.00 2.59 20 5 0 60 0
0 0 0 12140.00 2.59 20 5 0 60 0
0 0 0 7345.00 2.59 20 3 0 60 0
0 0 0 6419.00 2.59 20 3 0 60 0
0 0 0 6200.00 2.59 20 5 0 60 0
0 0 0 13581.00 2.90 40 3 0 60 0
0 0 0 8150.00 2.59 20 3 0 60 0
0 0 0 5369.00 2.59 20 5 0 60 0
0 0 0 6000.00 2.59 20 3 0 60 0
0 0 0 5799.00 2.59 20 5 0 60 0
0 0 0 15440.00 2.59 20 5 0 60 0
0 0 0 10519.00 2.59 40 3 0 60 0
0 0 0 12442.00 2.59 20 5 0 60 0
0 0 0 6162.00 2.59 20 3 0 60 0
0 0 0 4013.00 2.59 20 3 0 60 0
0 0 0 4500.00 2.59 20 3 0 60 0
0 0 0 5919.00 2.59 20 5 0 60 0
0 0 0 8830.00 2.59 20 3 0 60 0
0 0 0 4912.00 2.59 20 3 0 60 0
0 0 0 5358.00 2.59 20 3 0 60 0
#CONTAINERS_LOADED 
#STACKS
216000.000000 10.890000 60
270000.000000 13.490000 60
270000.000000 13.490000 60
270000.000000 13.490000 60
270000.000000 13.490000 60
270000.000000 13.490000 60
270000.000000 13.490000 60
270000.000000 13.490000 60
270000.000000 13.490000 60
216000.000000 10.890000 60
#CELLS
1 0 0 0 0 0 0
1 0 0 0 0 0 0
1 0 0 0 0 0 0
1 0 0 0 0 0 0
1 0 0 0 0 0 0
1 0 0 1 1 1 60
1 0 0 1 1 1 60
1 0 0 1 1 1 60
1 0 0 1 1 1 60
2 0 0 0 0 0 0
2 0 0 0 0 0 0
2 0 0 0 0 0 0
2 0 0 0 0 0 0
2 0 0 1 1 1 60
2 0 0 1 1 1 60
2 0 0 1 1 1 60
2 0 0 1 1 1 60
2 0 0 1 1 1 60
3 0 0 0 0 0 0
3 0 0 0 0 0 0
3 0 0 0 0 0 0
3 0 0 0 0 0 0
3 0 0 1 1 1 60
3 0 0 1 1 1 60
3 0 0 1 1 1 60
3 0 0 1 1 1 60
3 0 0 1 1 1 60
4 0 0 0 0 0 0
4 0 0 0 0 0 0
4 0 0 0 0 0 0
4 0 0 0 0 0 0
4 0 0 1 1 1 60
4 0 0 1 1 1 60
4 0 0 1 1 1 60
4 0 0 1 1 1 60
4 0 0 1 1 1 60
5 0 0 0 0 0 0
5 0 0 0 0 0 0
5 0 0 0 0 0 0
5 0 0 0 0 0 0
5 0 0 1 1 1 60
5 0 0 1 1 1 60
5 0 0 1 1 1 60
5 0 0 1 1 1 60
5 0 0 1 1 1 60
6 0 0 0 0 0 0
6 0 0 0 0 0 0
6 0 0 0 0 0 0
6 0 0 0 0 0 0
6 0 0 1 1 1 60
6 0 0 1 1 1 60
6 0 0 1 1 1 60
6 0 0 1 1 1 60
6 0 0 1 1 1 60
7 0 0 0 0 0 0
7 0 0 0 0 0 0
7 0 0 0 0 0 0
7 0 0 0 0 0 0
7 0 0 1 1 1 60
7 0 0 1 1 1 60
7 0 0 1 1 1 60
7 0 0 1 1 1 60
7 0 0 1 1 1 60
8 0 0 0 0 0 0
8 0 0 0 0 0 0
8 0 0 0 0 0 0
8 0 0 0 0 0 0
8 0 0 1 1 1 60
8 0 0 1 1 1 60
8 0 0 1 1 1 60
8 0 0 1 1 1 60
8 0 0 1 1 1 60
9 0 0 0 0 0 0
9 0 0 0 0 0 0
9 0 0 0 0 0 0
9 0 0 0 0 0 0
9 0 0 1 1 1 60
9 0 0 1 1 1 60
9 0 0 1 1 1 60
9 0 0 1 1 1 60
9 0 0 1 1 1 60
10 0 0 0 0 0 0
10 0 0 0 0 0 0
10 0 0 0 0 0 0
10 0 0 0 0 0 0
10 0 0 0 0 0 0
10 0 0 1 1 1 60
10 0 0 1 1 1 60
10 0 0 1 1 1 60
10 0 0 1 1 1 60
#SOLUTION-AFT
 59  76  6  0  74  71  58  41  84  64 
 3  78  12  70  31  15  66  65  87  20 
 10  73  47  81  27  75  80  32  5  39 
 69  14  11  13  24  86  25  52  88  33 
 0  54  36  68  79  49  57  43  53  0 
 0  0  0  0  0  0  0  0  0  0 
 0  0  0  0  0  0  0  0  0  0 
 0  0  0  0  0  0  0  0  0  0 
 0  0  0  0  0  0  0  0  0  0 
#SOLUTION-FWD
 22  7  55  0  74  2  58  44  62  56 
 17  85  60  45  37  4  66  77  67  18 
 8  35  30  50  26  19  80  82  61  83 
 28  38  63  40  34  21  25  72  42  23 
 0  46  48  1  9  51  57  16  29  0 
 0  0  0  0  0  0  0  0  0  0 
 0  0  0  0  0  0  0  0  0  0 
 0  0  0  0  0  0  0  0  0  0 
 0  0  0  0  0  0  0  0  0  0 
#INFO
cap20: 82  cap40: 6  reefer: 0  HC: 2  capacity: 97.916667 TEU: 96