1 40 0 10 90 1 9
#POD
5 
#LOCATIONS
43 
#CONTAINERS_TOLOAD
0 0 0 27010.00 2.59 20 5 0 43 0
0 0 0 28900.00 2.59 20 5 0 43 0
0 0 0 27050.00 2.59 20 5 0 43 0
0 0 0 26990.00 2.59 20 5 0 43 0
0 0 0 27000.00 2.59 20 5 0 43 0
0 0 0 28900.00 2.59 20 5 0 43 0
0 0 0 27000.00 2.59 20 5 0 43 0
0 0 0 27000.00 2.59 20 5 0 43 0
0 0 0 28900.00 2.59 20 5 0 43 0
0 0 0 27050.00 2.59 20 5 0 43 0
0 0 0 28900.00 2.59 20 5 0 43 0
0 0 0 27050.00 2.59 20 5 0 43 0
0 0 0 27050.00 2.59 20 5 0 43 0
0 0 0 27050.00 2.59 20 5 0 43 0
0 0 0 27050.00 2.59 20 5 0 43 0
0 0 0 28900.00 2.59 20 5 0 43 0
0 0 0 28900.00 2.59 20 5 0 43 0
0 0 0 27000.00 2.59 20 5 0 43 0
0 0 0 28900.00 2.59 20 5 0 43 0
0 0 0 27050.00 2.59 20 5 0 43 0
0 0 0 28900.00 2.59 20 5 0 43 0
0 0 0 27000.00 2.59 20 5 0 43 0
0 0 0 28900.00 2.59 20 5 0 43 0
0 0 0 28800.00 2.59 20 5 0 43 0
0 0 0 28900.00 2.59 20 5 0 43 0
0 0 0 28900.00 2.59 20 5 0 43 0
0 0 0 27000.00 2.59 20 5 0 43 0
0 0 0 28900.00 2.59 20 5 0 43 0
0 0 0 27000.00 2.59 20 5 0 43 0
0 0 0 27000.00 2.59 20 5 0 43 0
0 0 0 28900.00 2.59 20 5 0 43 0
0 0 0 27050.00 2.59 20 5 0 43 0
0 0 0 28900.00 2.59 20 5 0 43 0
0 0 0 28880.00 2.59 20 5 0 43 0
0 0 0 28900.00 2.59 20 5 0 43 0
0 0 0 27050.00 2.59 20 5 0 43 0
0 0 0 28900.00 2.59 20 5 0 43 0
0 0 0 28790.00 2.59 20 5 0 43 0
0 0 0 28800.00 2.59 20 5 0 43 0
0 0 0 27050.00 2.59 20 5 0 43 0
#CONTAINERS_LOADED 
#STACKS
270000.000000 11.700000 43
270000.000000 11.700000 43
270000.000000 11.700000 43
270000.000000 11.700000 43
270000.000000 11.700000 43
270000.000000 11.700000 43
270000.000000 11.700000 43
270000.000000 11.700000 43
270000.000000 11.700000 43
270000.000000 11.700000 43
#CELLS
1 0 0 0 0 0 0
1 0 0 0 0 0 0
1 0 0 0 0 0 0
1 0 0 0 0 0 0
1 0 0 1 1 1 43
1 0 0 1 1 1 43
1 0 0 1 1 1 43
1 0 0 1 1 1 43
1 0 0 0 0 0 0
2 0 0 0 0 0 0
2 0 0 0 0 0 0
2 0 0 0 0 0 0
2 0 0 0 0 0 0
2 0 0 1 1 1 43
2 0 0 1 1 1 43
2 0 0 1 1 1 43
2 0 0 1 1 1 43
2 0 0 0 0 0 0
3 0 0 0 0 0 0
3 0 0 0 0 0 0
3 0 0 0 0 0 0
3 0 0 0 0 0 0
3 0 0 1 1 1 43
3 0 0 1 1 1 43
3 0 0 1 1 1 43
3 0 0 1 1 1 43
3 0 0 0 0 0 0
4 0 0 0 0 0 0
4 0 0 0 0 0 0
4 0 0 0 0 0 0
4 0 0 0 0 0 0
4 0 0 1 1 1 43
4 0 0 1 1 1 43
4 0 0 1 1 1 43
4 0 0 1 1 1 43
4 0 0 0 0 0 0
5 0 0 0 0 0 0
5 0 0 0 0 0 0
5 0 0 0 0 0 0
5 0 0 0 0 0 0
5 0 0 1 1 1 43
5 0 0 1 1 1 43
5 0 0 1 1 1 43
5 0 0 1 1 1 43
5 0 0 0 0 0 0
6 0 0 0 0 0 0
6 0 0 0 0 0 0
6 0 0 0 0 0 0
6 0 0 0 0 0 0
6 0 0 1 1 1 43
6 0 0 1 1 1 43
6 0 0 1 1 1 43
6 0 0 1 1 1 43
6 0 0 0 0 0 0
7 0 0 0 0 0 0
7 0 0 0 0 0 0
7 0 0 0 0 0 0
7 0 0 0 0 0 0
7 0 0 1 1 1 43
7 0 0 1 1 1 43
7 0 0 1 1 1 43
7 0 0 1 1 1 43
7 0 0 0 0 0 0
8 0 0 0 0 0 0
8 0 0 0 0 0 0
8 0 0 0 0 0 0
8 0 0 0 0 0 0
8 0 0 1 1 1 43
8 0 0 1 1 1 43
8 0 0 1 1 1 43
8 0 0 1 1 1 43
8 0 0 0 0 0 0
9 0 0 0 0 0 0
9 0 0 0 0 0 0
9 0 0 0 0 0 0
9 0 0 0 0 0 0
9 0 0 1 1 1 43
9 0 0 1 1 1 43
9 0 0 1 1 1 43
9 0 0 1 1 1 43
9 0 0 0 0 0 0
10 0 0 0 0 0 0
10 0 0 0 0 0 0
10 0 0 0 0 0 0
10 0 0 0 0 0 0
10 0 0 1 1 1 43
10 0 0 1 1 1 43
10 0 0 1 1 1 43
10 0 0 1 1 1 43
10 0 0 0 0 0 0
#SOLUTION-AFT
 0  0  0  0  0  0  0  0  0  0 
 29  1  15  17  37  0  0  0  0  0 
 30  12  14  2  23  0  0  0  0  0 
 22  40  24  19  6  0  0  0  0  0 
 18  36  39  25  35  0  0  0  0  0 
 0  0  0  0  0  0  0  0  0  0 
 0  0  0  0  0  0  0  0  0  0 
 0  0  0  0  0  0  0  0  0  0 
 0  0  0  0  0  0  0  0  0  0 
#SOLUTION-FWD
 0  0  0  0  0  0  0  0  0  0 
 4  27  3  11  16  0  0  0  0  0 
 8  13  10  26  28  0  0  0  0  0 
 7  32  38  21  33  0  0  0  0  0 
 5  20  34  31  9  0  0  0  0  0 
 0  0  0  0  0  0  0  0  0  0 
 0  0  0  0  0  0  0  0  0  0 
 0  0  0  0  0  0  0  0  0  0 
 0  0  0  0  0  0  0  0  0  0 
#INFO
cap20: 40  cap40: 0  reefer: 0  HC: 0  capacity: 50.000000 TEU: 80