1 3 0 3 24 1 8
#POD
6 
#LOCATIONS
38 
#CONTAINERS_TOLOAD
0 0 0 29880.00 2.90 40 6 0 38 0
0 0 0 5000.00 2.59 40 6 0 38 0
0 0 0 25108.00 2.90 40 6 0 38 0
#CONTAINERS_LOADED 
#STACKS
162000.000000 8.290000 38
162000.000000 8.290000 38
162000.000000 8.290000 38
#CELLS
1 0 0 0 0 0 0
1 0 0 0 0 0 0
1 0 0 0 0 0 0
1 0 0 0 0 0 0
1 0 0 0 0 0 0
1 0 0 1 1 1 38
1 0 0 1 1 1 38
1 0 0 1 1 1 38
2 0 0 0 0 0 0
2 0 0 0 0 0 0
2 0 0 0 0 0 0
2 0 0 0 0 0 0
2 0 0 0 0 0 0
2 0 0 1 1 1 38
2 0 0 1 1 1 38
2 0 0 1 1 1 38
3 0 0 0 0 0 0
3 0 0 0 0 0 0
3 0 0 0 0 0 0
3 0 0 0 0 0 0
3 0 0 0 0 0 0
3 0 0 1 1 1 38
3 0 0 1 1 1 38
3 0 0 1 1 1 38
#SOLUTION-AFT
 0  0  0 
 0  0  3 
 0  2  1 
 0  0  0 
 0  0  0 
 0  0  0 
 0  0  0 
 0  0  0 
#SOLUTION-FWD
 0  0  0 
 0  0  3 
 0  2  1 
 0  0  0 
 0  0  0 
 0  0  0 
 0  0  0 
 0  0  0 
#INFO
cap20: 0  cap40: 3  reefer: 0  HC: 2  capacity: 33.333333 TEU: 18