1 38 0 4 36 1 9
#POD
3 
#LOCATIONS
54 
#CONTAINERS_TOLOAD
0 0 0 10941.00 2.59 40 3 0 54 0
0 0 0 13000.00 2.59 20 3 0 54 0
0 0 0 13438.00 2.59 20 3 0 54 0
0 0 0 12500.00 2.59 20 3 0 54 0
0 0 0 13150.00 2.59 20 3 0 54 0
0 0 0 13515.00 2.59 40 3 0 54 0
0 0 0 13141.00 2.59 40 3 0 54 0
0 0 0 12300.00 2.59 20 3 0 54 0
0 0 0 10920.00 2.59 40 3 0 54 0
0 0 0 10951.00 2.59 40 3 0 54 0
0 0 0 10600.00 2.59 20 3 0 54 0
0 0 0 12000.00 2.59 20 3 0 54 0
0 0 0 12763.00 2.59 40 3 0 54 0
0 0 0 12420.00 2.59 40 3 0 54 0
0 0 0 12880.00 2.59 20 3 0 54 0
0 0 0 12874.00 2.59 40 3 0 54 0
0 0 0 13150.00 2.59 20 3 0 54 0
0 0 0 12000.00 2.59 20 3 0 54 0
0 0 0 12000.00 2.59 20 3 0 54 0
0 0 0 11685.00 2.59 40 3 0 54 0
0 0 0 11700.00 2.59 20 3 0 54 0
0 0 0 29190.00 2.90 40 3 0 54 0
0 0 0 10763.00 2.59 20 3 0 54 0
0 0 0 11870.00 2.59 40 3 0 54 0
0 0 0 26760.00 2.90 40 3 0 54 0
0 0 0 26245.00 2.90 40 3 0 54 0
0 0 0 10697.00 2.59 20 3 0 54 0
0 0 0 10920.00 2.59 40 3 0 54 0
0 0 0 12150.00 2.59 20 3 0 54 0
0 0 0 28270.00 2.90 40 3 0 54 0
0 0 0 12713.00 2.59 20 3 0 54 0
0 0 0 11418.00 2.59 40 3 0 54 0
0 0 0 11000.00 2.59 40 3 0 54 0
0 0 0 13500.00 2.59 40 3 0 54 0
0 0 0 12100.00 2.59 40 3 0 54 0
0 0 0 10500.00 2.59 20 3 0 54 0
0 0 0 12150.00 2.59 20 3 0 54 0
0 0 0 11151.00 2.59 40 3 0 54 0
#CONTAINERS_LOADED 
#STACKS
378000.000000 23.890000 54
378000.000000 23.890000 54
378000.000000 23.890000 54
378000.000000 23.890000 54
#CELLS
1 0 0 1 1 1 54
1 0 0 1 1 1 54
1 0 0 1 1 1 54
1 0 0 1 1 1 54
1 0 0 1 1 1 54
1 0 0 1 1 1 54
1 0 0 1 1 1 54
1 0 0 1 1 1 54
1 0 0 1 1 1 54
2 0 0 1 1 1 54
2 0 0 1 1 1 54
2 0 0 1 1 1 54
2 0 0 1 1 1 54
2 0 0 1 1 1 54
2 0 0 1 1 1 54
2 0 0 1 1 1 54
2 0 0 1 1 1 54
2 0 0 1 1 1 54
3 0 0 1 1 1 54
3 0 0 1 1 1 54
3 0 0 1 1 1 54
3 0 0 1 1 1 54
3 0 0 1 1 1 54
3 0 0 1 1 1 54
3 0 0 1 1 1 54
3 0 0 1 1 1 54
3 0 0 1 1 1 54
4 0 0 1 1 1 54
4 0 0 1 1 1 54
4 0 0 1 1 1 54
4 0 0 1 1 1 54
4 0 0 1 1 1 54
4 0 0 1 1 1 54
4 0 0 1 1 1 54
4 0 0 1 1 1 54
4 0 0 1 1 1 54
#SOLUTION-AFT
 0  0  16  1 
 28  0  7  10 
 9  0  34  33 
 26  0  6  38 
 25  0  37  32 
 36  0  4  20 
 23  13  15  24 
 12  30  17  35 
 19  22  5  14 
#SOLUTION-FWD
 0  0  16  1 
 28  0  7  10 
 9  0  34  33 
 26  0  6  38 
 25  0  29  32 
 11  0  8  20 
 27  13  31  24 
 21  30  2  35 
 18  22  3  14 
#INFO
cap20: 18  cap40: 20  reefer: 0  HC: 4  capacity: 80.555556 TEU: 72