1 2 0 2 14 1 7
#POD
6 
#LOCATIONS
5 
#CONTAINERS_TOLOAD
0 0 0 4000.00 2.90 40 6 0 5 0
0 0 0 14154.00 2.90 40 6 0 5 0
#CONTAINERS_LOADED 
#STACKS
192000.000000 5.690000 5
192000.000000 3.090000 5
#CELLS
1 0 0 0 0 0 0
1 0 0 0 0 0 0
1 0 0 0 0 0 0
1 0 0 0 0 0 0
1 0 0 0 0 0 0
1 0 0 1 1 1 5
1 0 0 1 1 1 5
2 0 0 0 0 0 0
2 0 0 0 0 0 0
2 0 0 0 0 0 0
2 0 0 0 0 0 0
2 0 0 0 0 0 0
2 0 0 0 0 0 0
2 0 0 1 1 1 5
#SOLUTION-AFT
 0  2 
 1  0 
 0  0 
 0  0 
 0  0 
 0  0 
 0  0 
#SOLUTION-FWD
 0  2 
 1  0 
 0  0 
 0  0 
 0  0 
 0  0 
 0  0 
#INFO
cap20: 0  cap40: 2  reefer: 0  HC: 2  capacity: 66.666667 TEU: 6