1 20 0 3 21 1 7
#POD
7 
#LOCATIONS
16 
#CONTAINERS_TOLOAD
0 0 0 4000.00 2.59 40 7 0 16 0
0 0 0 4000.00 2.59 40 7 0 16 0
0 0 0 4000.00 2.59 40 7 0 16 0
0 0 0 4000.00 2.59 40 7 0 16 0
0 0 0 4000.00 2.59 40 7 0 16 0
0 0 0 4000.00 2.59 40 7 0 16 0
0 0 0 4000.00 2.59 40 7 0 16 0
0 0 0 4000.00 2.59 40 7 0 16 0
0 0 0 4000.00 2.59 40 7 0 16 0
0 0 0 4000.00 2.59 40 7 0 16 0
0 0 0 4000.00 2.59 40 7 0 16 0
0 0 0 4000.00 2.59 40 7 0 16 0
0 0 0 4000.00 2.59 40 7 0 16 0
0 0 0 4000.00 2.59 40 7 0 16 0
0 0 0 4000.00 2.59 40 7 0 16 0
0 0 0 4000.00 2.59 40 7 0 16 0
0 0 0 4000.00 2.59 40 7 0 16 0
0 0 0 4000.00 2.59 40 7 0 16 0
0 0 0 23000.00 2.90 40 7 0 16 0
0 0 0 19004.00 2.90 40 7 1 16 0
#CONTAINERS_LOADED 
#STACKS
336000.000000 18.690000 16
336000.000000 18.690000 16
336000.000000 18.690000 16
#CELLS
1 0 1 1 1 1 16
1 0 1 1 1 1 16
1 0 1 1 1 1 16
1 0 1 1 1 1 16
1 0 1 1 1 1 16
1 0 0 1 1 1 16
1 0 0 1 1 1 16
2 0 0 1 1 1 16
2 0 0 1 1 1 16
2 0 0 1 1 1 16
2 0 0 1 1 1 16
2 0 0 1 1 1 16
2 0 0 1 1 1 16
2 0 0 1 1 1 16
3 0 0 1 1 1 16
3 0 0 1 1 1 16
3 0 0 1 1 1 16
3 0 0 1 1 1 16
3 0 0 1 1 1 16
3 0 0 1 1 1 16
3 0 0 1 1 1 16
#SOLUTION-AFT
 0  10  3 
 5  7  18 
 8  14  4 
 13  15  9 
 11  17  2 
 6  16  12 
 20  1  19 
#SOLUTION-FWD
 0  10  3 
 5  7  18 
 8  14  4 
 13  15  9 
 11  17  2 
 6  16  12 
 20  1  19 
#INFO
cap20: 0  cap40: 20  reefer: 1  HC: 2  capacity: 95.238095 TEU: 42