1 18 0 6 54 1 9
#POD
7 
#LOCATIONS
9 
#CONTAINERS_TOLOAD
0 0 0 19600.00 2.59 40 7 0 9 0
0 0 0 19600.00 2.59 40 7 0 9 0
0 0 0 19600.00 2.59 40 7 0 9 0
0 0 0 19600.00 2.59 40 7 0 9 0
0 0 0 19600.00 2.59 40 7 0 9 0
0 0 0 19600.00 2.59 40 7 0 9 0
0 0 0 19860.00 2.59 40 7 0 9 0
0 0 0 19600.00 2.59 40 7 0 9 0
0 0 0 19600.00 2.59 40 7 0 9 0
0 0 0 20500.00 2.59 40 7 0 9 0
0 0 0 19600.00 2.59 40 7 0 9 0
0 0 0 20500.00 2.59 40 7 0 9 0
0 0 0 19600.00 2.59 40 7 0 9 0
0 0 0 20300.00 2.59 40 7 0 9 0
0 0 0 19600.00 2.59 40 7 0 9 0
0 0 0 19600.00 2.59 40 7 0 9 0
0 0 0 19600.00 2.59 40 7 0 9 0
0 0 0 19600.00 2.59 40 7 0 9 0
#CONTAINERS_LOADED 
#STACKS
184000.000000 5.181600 9
184000.000000 7.772400 9
184000.000000 10.363200 9
184000.000000 10.363200 9
184000.000000 7.772400 9
184000.000000 5.181600 9
#CELLS
1 0 0 0 0 0 0
1 0 0 0 0 0 0
1 0 0 0 0 0 0
1 0 0 0 0 0 0
1 0 0 0 0 0 0
1 0 0 0 0 0 0
1 0 0 0 0 0 0
1 0 0 1 1 1 9
1 0 0 1 1 1 9
2 0 0 0 0 0 0
2 0 0 0 0 0 0
2 0 0 0 0 0 0
2 0 0 0 0 0 0
2 0 0 0 0 0 0
2 0 0 0 0 0 0
2 0 0 1 1 1 9
2 0 0 1 1 1 9
2 0 0 1 1 1 9
3 0 0 0 0 0 0
3 0 0 0 0 0 0
3 0 0 0 0 0 0
3 0 0 0 0 0 0
3 0 0 0 0 0 0
3 0 0 1 1 1 9
3 0 0 1 1 1 9
3 0 0 1 1 1 9
3 0 0 1 1 1 9
4 0 0 0 0 0 0
4 0 0 0 0 0 0
4 0 0 0 0 0 0
4 0 0 0 0 0 0
4 0 0 0 0 0 0
4 0 0 1 1 1 9
4 0 0 1 1 1 9
4 0 0 1 1 1 9
4 0 0 1 1 1 9
5 0 0 0 0 0 0
5 0 0 0 0 0 0
5 0 0 0 0 0 0
5 0 0 0 0 0 0
5 0 0 0 0 0 0
5 0 0 0 0 0 0
5 0 0 1 1 1 9
5 0 0 1 1 1 9
5 0 0 1 1 1 9
6 0 0 0 0 0 0
6 0 0 0 0 0 0
6 0 0 0 0 0 0
6 0 0 0 0 0 0
6 0 0 0 0 0 0
6 0 0 0 0 0 0
6 0 0 0 0 0 0
6 0 0 1 1 1 9
6 0 0 1 1 1 9
#SOLUTION-AFT
 15  17  13  7  18  16 
 9  5  1  14  3  8 
 0  6  11  12  4  0 
 0  0  2  10  0  0 
 0  0  0  0  0  0 
 0  0  0  0  0  0 
 0  0  0  0  0  0 
 0  0  0  0  0  0 
 0  0  0  0  0  0 
#SOLUTION-FWD
 15  17  13  7  18  16 
 9  5  1  14  3  8 
 0  6  11  12  4  0 
 0  0  2  10  0  0 
 0  0  0  0  0  0 
 0  0  0  0  0  0 
 0  0  0  0  0  0 
 0  0  0  0  0  0 
 0  0  0  0  0  0 
#INFO
cap20: 0  cap40: 18  reefer: 0  HC: 0  capacity: 100.000000 TEU: 36