1 100 0 10 110 1 11
#POD
6 
#LOCATIONS
85 
#CONTAINERS_TOLOAD
0 0 0 25199.00 2.59 20 6 0 85 0
0 0 0 25000.00 2.59 20 6 0 85 0
0 0 0 7099.00 2.59 20 6 0 85 0
0 0 0 7400.00 2.59 20 6 0 85 0
0 0 0 24500.00 2.59 20 6 0 85 0
0 0 0 3799.00 2.59 20 6 0 85 0
0 0 0 5500.00 2.59 20 6 0 85 0
0 0 0 8400.00 2.59 20 6 0 85 0
0 0 0 5900.00 2.59 20 6 0 85 0
0 0 0 3700.00 2.59 20 6 0 85 0
0 0 0 27500.00 2.59 20 6 0 85 0
0 0 0 4000.00 2.59 20 6 0 85 0
0 0 0 8300.00 2.59 20 6 0 85 0
0 0 0 24800.00 2.59 20 6 0 85 0
0 0 0 26500.00 2.59 20 6 0 85 0
0 0 0 11000.00 2.59 20 6 0 85 0
0 0 0 27199.00 2.59 20 6 0 85 0
0 0 0 26833.00 2.59 20 6 0 85 0
0 0 0 7500.00 2.59 20 6 0 85 0
0 0 0 6599.00 2.59 20 6 0 85 0
0 0 0 13300.00 2.59 20 6 0 85 0
0 0 0 26399.00 2.59 20 6 0 85 0
0 0 0 12900.00 2.59 20 6 0 85 0
0 0 0 26199.00 2.59 20 6 0 85 0
0 0 0 11000.00 2.59 20 6 0 85 0
0 0 0 5200.00 2.59 20 6 0 85 0
0 0 0 25000.00 2.59 20 6 0 85 0
0 0 0 3250.00 2.59 20 6 0 85 0
0 0 0 25000.00 2.59 20 6 0 85 0
0 0 0 13400.00 2.59 20 6 0 85 0
0 0 0 27300.00 2.59 20 6 0 85 0
0 0 0 12099.00 2.59 20 6 0 85 0
0 0 0 27690.00 2.59 20 6 0 85 0
0 0 0 23199.00 2.59 20 6 0 85 0
0 0 0 13400.00 2.59 20 6 0 85 0
0 0 0 9000.00 2.59 20 6 0 85 0
0 0 0 24199.00 2.59 20 6 0 85 0
0 0 0 25199.00 2.59 20 6 0 85 0
0 0 0 13400.00 2.59 20 6 0 85 0
0 0 0 25000.00 2.59 20 6 0 85 0
0 0 0 13000.00 2.59 20 6 0 85 0
0 0 0 11500.00 2.59 20 6 0 85 0
0 0 0 11300.00 2.59 20 6 0 85 0
0 0 0 10099.00 2.59 20 6 0 85 0
0 0 0 25199.00 2.59 20 6 0 85 0
0 0 0 3500.00 2.59 20 6 0 85 0
0 0 0 13500.00 2.59 20 6 0 85 0
0 0 0 26833.00 2.59 20 6 0 85 0
0 0 0 6200.00 2.59 20 6 0 85 0
0 0 0 23800.00 2.59 20 6 0 85 0
0 0 0 11099.00 2.59 20 6 0 85 0
0 0 0 23600.00 2.59 20 6 0 85 0
0 0 0 6299.00 2.59 20 6 0 85 0
0 0 0 7200.00 2.59 20 6 0 85 0
0 0 0 23800.00 2.59 20 6 0 85 0
0 0 0 26000.00 2.59 20 6 0 85 0
0 0 0 5799.00 2.59 20 6 0 85 0
0 0 0 4044.00 2.59 20 6 0 85 0
0 0 0 6099.00 2.59 20 6 0 85 0
0 0 0 25199.00 2.59 20 6 0 85 0
0 0 0 13400.00 2.59 20 6 0 85 0
0 0 0 4799.00 2.59 20 6 0 85 0
0 0 0 11000.00 2.59 20 6 0 85 0
0 0 0 25199.00 2.59 20 6 0 85 0
0 0 0 7200.00 2.59 20 6 0 85 0
0 0 0 10699.00 2.59 20 6 0 85 0
0 0 0 5500.00 2.59 20 6 0 85 0
0 0 0 26500.00 2.59 20 6 0 85 0
0 0 0 23899.00 2.59 20 6 0 85 0
0 0 0 11300.00 2.59 20 6 0 85 0
0 0 0 24399.00 2.59 20 6 0 85 0
0 0 0 4099.00 2.59 20 6 0 85 0
0 0 0 6000.00 2.59 20 6 0 85 0
0 0 0 26199.00 2.59 20 6 0 85 0
0 0 0 12599.00 2.59 20 6 0 85 0
0 0 0 2500.00 2.59 20 6 0 85 0
0 0 0 12099.00 2.59 20 6 0 85 0
0 0 0 12300.00 2.59 20 6 0 85 0
0 0 0 4500.00 2.59 20 6 0 85 0
0 0 0 10800.00 2.59 20 6 0 85 0
0 0 0 26500.00 2.59 20 6 0 85 0
0 0 0 3299.00 2.59 20 6 0 85 0
0 0 0 23600.00 2.59 20 6 0 85 0
0 0 0 3299.00 2.59 20 6 0 85 0
0 0 0 3700.00 2.59 20 6 0 85 0
0 0 0 13000.00 2.59 20 6 0 85 0
0 0 0 23699.00 2.59 20 6 0 85 0
0 0 0 24800.00 2.59 20 6 0 85 0
0 0 0 26000.00 2.59 20 6 0 85 0
0 0 0 26399.00 2.59 20 6 0 85 0
0 0 0 10199.00 2.59 20 6 0 85 0
0 0 0 27100.00 2.59 20 6 0 85 0
0 0 0 3700.00 2.59 20 6 0 85 0
0 0 0 9500.00 2.59 20 6 0 85 0
0 0 0 27899.00 2.59 20 6 0 85 0
0 0 0 24899.00 2.59 20 6 0 85 0
0 0 0 13300.00 2.59 20 6 0 85 0
0 0 0 26399.00 2.59 20 6 0 85 0
0 0 0 27000.00 2.59 20 6 0 85 0
0 0 0 4469.00 2.59 20 6 0 85 0
#CONTAINERS_LOADED 
#STACKS
270000.000000 11.710000 85
270000.000000 14.610000 85
270000.000000 14.610000 85
270000.000000 14.610000 85
270000.000000 17.530000 85
270000.000000 17.530000 85
270000.000000 14.610000 85
270000.000000 14.610000 85
270000.000000 14.610000 85
270000.000000 11.710000 85
#CELLS
1 0 0 0 0 0 0
1 0 0 0 0 0 0
1 0 0 0 0 0 0
1 0 0 0 0 0 0
1 0 0 0 0 0 0
1 0 0 0 0 0 0
1 0 0 1 1 1 85
1 0 0 1 1 1 85
1 0 0 1 1 1 85
1 0 0 1 1 1 85
1 0 0 0 0 0 0
2 0 0 0 0 0 0
2 0 0 0 0 0 0
2 0 0 0 0 0 0
2 0 0 0 0 0 0
2 0 0 0 0 0 0
2 0 0 1 1 1 85
2 0 0 1 1 1 85
2 0 0 1 1 1 85
2 0 0 1 1 1 85
2 0 0 1 1 1 85
2 0 0 0 0 0 0
3 0 0 0 0 0 0
3 0 0 0 0 0 0
3 0 0 0 0 0 0
3 0 0 0 0 0 0
3 0 0 0 0 0 0
3 0 0 1 1 1 85
3 0 0 1 1 1 85
3 0 0 1 1 1 85
3 0 0 1 1 1 85
3 0 0 1 1 1 85
3 0 0 0 0 0 0
4 0 0 0 0 0 0
4 0 0 0 0 0 0
4 0 0 0 0 0 0
4 0 0 0 0 0 0
4 0 0 0 0 0 0
4 0 0 1 1 1 85
4 0 0 1 1 1 85
4 0 0 1 1 1 85
4 0 0 1 1 1 85
4 0 0 1 1 1 85
4 0 0 0 0 0 0
5 0 0 0 0 0 0
5 0 0 0 0 0 0
5 0 0 0 0 0 0
5 0 0 0 0 0 0
5 0 0 1 1 1 85
5 0 0 1 1 1 85
5 0 0 1 1 1 85
5 0 0 1 1 1 85
5 0 0 1 1 1 85
5 0 0 1 1 1 85
5 0 0 0 0 0 0
6 0 0 0 0 0 0
6 0 0 0 0 0 0
6 0 0 0 0 0 0
6 0 0 0 0 0 0
6 0 0 1 1 1 85
6 0 0 1 1 1 85
6 0 0 1 1 1 85
6 0 0 1 1 1 85
6 0 0 1 1 1 85
6 0 0 1 1 1 85
6 0 0 0 0 0 0
7 0 0 0 0 0 0
7 0 0 0 0 0 0
7 0 0 0 0 0 0
7 0 0 0 0 0 0
7 0 0 0 0 0 0
7 0 0 1 1 1 85
7 0 0 1 1 1 85
7 0 0 1 1 1 85
7 0 0 1 1 1 85
7 0 0 1 1 1 85
7 0 0 0 0 0 0
8 0 0 0 0 0 0
8 0 0 0 0 0 0
8 0 0 0 0 0 0
8 0 0 0 0 0 0
8 0 0 0 0 0 0
8 0 0 1 1 1 85
8 0 0 1 1 1 85
8 0 0 1 1 1 85
8 0 0 1 1 1 85
8 0 0 1 1 1 85
8 0 0 0 0 0 0
9 0 0 0 0 0 0
9 0 0 0 0 0 0
9 0 0 0 0 0 0
9 0 0 0 0 0 0
9 0 0 0 0 0 0
9 0 0 1 1 1 85
9 0 0 1 1 1 85
9 0 0 1 1 1 85
9 0 0 1 1 1 85
9 0 0 1 1 1 85
9 0 0 0 0 0 0
10 0 0 0 0 0 0
10 0 0 0 0 0 0
10 0 0 0 0 0 0
10 0 0 0 0 0 0
10 0 0 0 0 0 0
10 0 0 0 0 0 0
10 0 0 1 1 1 85
10 0 0 1 1 1 85
10 0 0 1 1 1 85
10 0 0 1 1 1 85
10 0 0 0 0 0 0
#SOLUTION-AFT
 0  0  0  0  0  0  0  0  0  0 
 76  71  67  36  43  61  80  65  12  85 
 84  14  9  44  77  47  63  19  72  93 
 34  96  49  24  32  39  15  1  100  55 
 83  27  53  74  23  17  81  45  62  69 
 0  29  3  90  21  11  18  56  7  0 
 0  0  0  0  97  95  0  0  0  0 
 0  0  0  0  0  0  0  0  0  0 
 0  0  0  0  0  0  0  0  0  0 
 0  0  0  0  0  0  0  0  0  0 
 0  0  0  0  0  0  0  0  0  0 
#SOLUTION-FWD
 0  0  0  0  0  0  0  0  0  0 
 28  5  57  94  70  78  25  4  6  46 
 82  88  73  91  42  35  16  13  58  10 
 52  40  59  66  75  92  51  8  79  50 
 87  2  20  22  86  99  68  38  26  37 
 0  64  54  98  41  31  48  89  60  0 
 0  0  0  0  30  33  0  0  0  0 
 0  0  0  0  0  0  0  0  0  0 
 0  0  0  0  0  0  0  0  0  0 
 0  0  0  0  0  0  0  0  0  0 
 0  0  0  0  0  0  0  0  0  0 
#INFO
cap20: 100  cap40: 0  reefer: 0  HC: 0  capacity: 100.000000 TEU: 100