1 40 0 4 36 1 9
#POD
3 
#LOCATIONS
26 
#CONTAINERS_TOLOAD
0 0 0 26730.00 2.59 20 3 0 26 0
0 0 0 20880.00 2.59 20 3 0 26 0
0 0 0 26730.00 2.59 20 3 0 26 0
0 0 0 21660.00 2.59 20 3 0 26 0
0 0 0 26700.00 2.59 20 3 0 26 0
0 0 0 22890.00 2.59 20 3 0 26 0
0 0 0 20880.00 2.59 20 3 0 26 0
0 0 0 20880.00 2.59 20 3 0 26 0
0 0 0 26670.00 2.59 20 3 0 26 0
0 0 0 26670.00 2.59 20 3 0 26 0
0 0 0 26680.00 2.59 20 3 0 26 0
0 0 0 26670.00 2.59 20 3 0 26 0
0 0 0 23000.00 2.59 20 3 0 26 0
0 0 0 20880.00 2.59 20 3 0 26 0
0 0 0 20880.00 2.59 20 3 0 26 0
0 0 0 26710.00 2.59 20 3 0 26 0
0 0 0 26685.00 2.59 20 3 0 26 0
0 0 0 20880.00 2.59 20 3 0 26 0
0 0 0 20880.00 2.59 20 3 0 26 0
0 0 0 21900.00 2.59 20 3 0 26 0
0 0 0 26700.00 2.59 20 3 0 26 0
0 0 0 26710.00 2.59 20 3 0 26 0
0 0 0 26670.00 2.59 20 3 0 26 0
0 0 0 20880.00 2.59 20 3 0 26 0
0 0 0 26695.00 2.59 20 3 0 26 0
0 0 0 21830.00 2.59 20 3 0 26 0
0 0 0 26670.00 2.59 20 3 0 26 0
0 0 0 26700.00 2.59 20 3 0 26 0
0 0 0 20880.00 2.59 20 3 0 26 0
0 0 0 26700.00 2.59 20 3 0 26 0
0 0 0 21830.00 2.59 20 3 0 26 0
0 0 0 22890.00 2.59 20 3 0 26 0
0 0 0 26700.00 2.59 20 3 0 26 0
0 0 0 20880.00 2.59 20 3 0 26 0
0 0 0 26720.00 2.59 20 3 0 26 0
0 0 0 20880.00 2.59 20 3 0 26 0
0 0 0 26700.00 2.59 20 3 0 26 0
0 0 0 20880.00 2.59 20 3 0 26 0
0 0 0 22170.00 2.59 20 3 0 26 0
0 0 0 26670.00 2.59 20 3 0 26 0
#CONTAINERS_LOADED 
#STACKS
378000.000000 23.890000 26
378000.000000 23.890000 26
378000.000000 23.890000 26
378000.000000 23.890000 26
#CELLS
1 1 0 1 1 1 26
1 1 0 1 1 1 26
1 1 0 1 1 1 26
1 1 0 1 1 1 26
1 1 0 1 1 1 26
1 1 0 1 1 1 26
1 1 0 1 1 1 26
1 0 0 1 1 1 26
1 0 0 1 1 1 26
2 1 0 1 1 1 26
2 1 0 1 1 1 26
2 1 0 1 1 1 26
2 1 0 1 1 1 26
2 1 0 1 1 1 26
2 1 0 1 1 1 26
2 1 0 1 1 1 26
2 0 0 1 1 1 26
2 0 0 1 1 1 26
3 1 0 1 1 1 26
3 1 0 1 1 1 26
3 1 0 1 1 1 26
3 1 0 1 1 1 26
3 1 0 1 1 1 26
3 1 0 1 1 1 26
3 1 0 1 1 1 26
3 0 0 1 1 1 26
3 0 0 1 1 1 26
4 1 0 1 1 1 26
4 1 0 1 1 1 26
4 1 0 1 1 1 26
4 1 0 1 1 1 26
4 1 0 1 1 1 26
4 1 0 1 1 1 26
4 1 0 1 1 1 26
4 0 0 1 1 1 26
4 0 0 1 1 1 26
#SOLUTION-AFT
 0  0  0  0 
 0  0  0  0 
 0  0  0  0 
 0  0  0  0 
 38  36  39  8 
 2  31  6  18 
 29  33  13  34 
 27  5  22  17 
 10  37  3  25 
#SOLUTION-FWD
 0  0  0  0 
 0  0  0  0 
 0  0  0  0 
 0  0  0  0 
 15  14  20  7 
 24  4  32  19 
 12  26  16  40 
 9  28  35  11 
 23  21  1  30 
#INFO
cap20: 40  cap40: 0  reefer: 0  HC: 0  capacity: 55.555556 TEU: 72