1 21 0 3 24 1 8
#POD
5 
#LOCATIONS
38 
#CONTAINERS_TOLOAD
0 0 0 11316.00 2.90 40 5 0 38 0
0 0 0 9637.00 2.90 40 5 0 38 0
0 0 0 12840.00 2.90 40 5 0 38 0
0 0 0 11000.00 2.90 40 5 0 38 0
0 0 0 10312.00 2.90 40 5 0 38 0
0 0 0 12860.00 2.90 40 5 0 38 0
0 0 0 12840.00 2.90 40 5 0 38 0
0 0 0 9717.00 2.90 40 5 0 38 0
0 0 0 9737.00 2.90 40 5 0 38 0
0 0 0 12850.00 2.90 40 5 0 38 0
0 0 0 12840.00 2.90 40 5 0 38 0
0 0 0 9817.00 2.90 40 5 0 38 0
0 0 0 12840.00 2.90 40 5 0 38 0
0 0 0 12850.00 2.90 40 5 0 38 0
0 0 0 12830.00 2.90 40 5 0 38 0
0 0 0 11885.00 2.90 40 5 0 38 0
0 0 0 11300.00 2.90 40 5 0 38 0
0 0 0 12285.00 2.90 40 5 0 38 0
0 0 0 9697.00 2.90 40 5 0 38 0
0 0 0 12850.00 2.90 40 5 0 38 0
0 0 0 10272.00 2.90 40 5 0 38 0
#CONTAINERS_LOADED 
#STACKS
340000.000000 21.280000 38
340000.000000 21.280000 38
340000.000000 21.280000 38
#CELLS
1 0 0 1 1 1 38
1 0 0 1 1 1 38
1 0 0 1 1 1 38
1 0 0 1 1 1 38
1 0 0 1 1 1 38
1 0 0 1 1 1 38
1 0 0 1 1 1 38
1 0 0 0 0 1 38
2 0 0 1 1 1 38
2 0 0 1 1 1 38
2 0 0 1 1 1 38
2 0 0 1 1 1 38
2 0 0 1 1 1 38
2 0 0 1 1 1 38
2 0 0 1 1 1 38
2 0 0 0 0 1 38
3 0 0 1 1 1 38
3 0 0 1 1 1 38
3 0 0 1 1 1 38
3 0 0 1 1 1 38
3 0 0 1 1 1 38
3 0 0 1 1 1 38
3 0 0 1 1 1 38
3 0 0 0 0 1 38
#SOLUTION-AFT
 0  0  0 
 2  13  4 
 19  7  17 
 8  11  1 
 9  10  16 
 12  20  18 
 21  14  15 
 5  6  3 
#SOLUTION-FWD
 0  0  0 
 2  13  4 
 19  7  17 
 8  11  1 
 9  10  16 
 12  20  18 
 21  14  15 
 5  6  3 
#INFO
cap20: 0  cap40: 21  reefer: 0  HC: 21  capacity: 87.500000 TEU: 48