1 40 0 5 45 1 9
#POD
5 
#LOCATIONS
42 
#CONTAINERS_TOLOAD
0 0 0 27050.00 2.59 20 5 0 42 0
0 0 0 29100.00 2.59 20 5 0 42 0
0 0 0 27050.00 2.59 20 5 0 42 0
0 0 0 27100.00 2.59 20 5 0 42 0
0 0 0 29000.00 2.59 20 5 0 42 0
0 0 0 27050.00 2.59 20 5 0 42 0
0 0 0 29100.00 2.59 20 5 0 42 0
0 0 0 27050.00 2.59 20 5 0 42 0
0 0 0 27150.00 2.59 20 5 0 42 0
0 0 0 28900.00 2.59 20 5 0 42 0
0 0 0 27300.00 2.59 20 5 0 42 0
0 0 0 27400.00 2.59 20 5 0 42 0
0 0 0 29000.00 2.59 20 5 0 42 0
0 0 0 27380.00 2.59 20 5 0 42 0
0 0 0 25210.00 2.59 20 5 0 42 0
0 0 0 27050.00 2.59 20 5 0 42 0
0 0 0 27100.00 2.59 20 5 0 42 0
0 0 0 27220.00 2.59 20 5 0 42 0
0 0 0 27300.00 2.59 20 5 0 42 0
0 0 0 29000.00 2.59 20 5 0 42 0
0 0 0 29000.00 2.59 20 5 0 42 0
0 0 0 14004.00 2.59 20 5 0 42 0
0 0 0 27100.00 2.59 20 5 0 42 0
0 0 0 27050.00 2.59 20 5 0 42 0
0 0 0 15846.00 2.59 20 5 0 42 0
0 0 0 27050.00 2.59 20 5 0 42 0
0 0 0 27050.00 2.59 20 5 0 42 0
0 0 0 27200.00 2.59 20 5 0 42 0
0 0 0 29000.00 2.59 20 5 0 42 0
0 0 0 29000.00 2.59 20 5 0 42 0
0 0 0 27050.00 2.59 20 5 0 42 0
0 0 0 27200.00 2.59 20 5 0 42 0
0 0 0 27250.00 2.59 20 5 0 42 0
0 0 0 27050.00 2.59 20 5 0 42 0
0 0 0 27100.00 2.59 20 5 0 42 0
0 0 0 27250.00 2.59 20 5 0 42 0
0 0 0 27300.00 2.59 20 5 0 42 0
0 0 0 27300.00 2.59 20 5 0 42 0
0 0 0 27200.00 2.59 20 5 0 42 0
0 0 0 27120.00 2.59 20 5 0 42 0
#CONTAINERS_LOADED 
#STACKS
270000.000000 11.700000 42
270000.000000 11.700000 42
270000.000000 11.700000 42
270000.000000 11.700000 42
270000.000000 11.700000 42
#CELLS
1 0 0 0 0 0 0
1 0 0 0 0 0 0
1 0 0 0 0 0 0
1 0 0 0 0 0 0
1 0 0 1 1 1 42
1 0 0 1 1 1 42
1 0 0 1 1 1 42
1 0 0 1 1 1 42
1 0 0 0 0 0 0
2 0 0 0 0 0 0
2 0 0 0 0 0 0
2 0 0 0 0 0 0
2 0 0 0 0 0 0
2 0 0 1 1 1 42
2 0 0 1 1 1 42
2 0 0 1 1 1 42
2 0 0 1 1 1 42
2 0 0 0 0 0 0
3 0 0 0 0 0 0
3 0 0 0 0 0 0
3 0 0 0 0 0 0
3 0 0 0 0 0 0
3 0 0 1 1 1 42
3 0 0 1 1 1 42
3 0 0 1 1 1 42
3 0 0 1 1 1 42
3 0 0 0 0 0 0
4 0 0 0 0 0 0
4 0 0 0 0 0 0
4 0 0 0 0 0 0
4 0 0 0 0 0 0
4 0 0 1 1 1 42
4 0 0 1 1 1 42
4 0 0 1 1 1 42
4 0 0 1 1 1 42
4 0 0 0 0 0 0
5 0 0 0 0 0 0
5 0 0 0 0 0 0
5 0 0 0 0 0 0
5 0 0 0 0 0 0
5 0 0 1 1 1 42
5 0 0 1 1 1 42
5 0 0 1 1 1 42
5 0 0 1 1 1 42
5 0 0 0 0 0 0
#SOLUTION-AFT
 0  0  0  0  0 
 15  1  33  9  13 
 24  35  38  39  5 
 6  17  11  18  30 
 8  40  14  22  2 
 0  0  0  0  0 
 0  0  0  0  0 
 0  0  0  0  0 
 0  0  0  0  0 
#SOLUTION-FWD
 0  0  0  0  0 
 27  16  36  28  10 
 34  31  19  32  29 
 3  4  37  7  20 
 26  23  12  25  21 
 0  0  0  0  0 
 0  0  0  0  0 
 0  0  0  0  0 
 0  0  0  0  0 
#INFO
cap20: 40  cap40: 0  reefer: 0  HC: 0  capacity: 100.000000 TEU: 40