2 54 3 10 90 1 9
#POD
5 6 
#LOCATIONS
15 
#CONTAINERS_TOLOAD
0 0 0 27857.00 2.59 20 5 0 15 0
0 0 0 26500.00 2.59 20 5 0 15 0
0 0 0 27857.00 2.59 20 5 0 15 0
0 0 0 26945.00 2.59 20 5 0 15 0
0 0 0 28790.00 2.59 20 5 0 15 0
0 0 0 28280.00 2.59 20 5 0 15 0
0 0 0 28000.00 2.59 20 5 0 15 0
0 0 0 28730.00 2.59 20 5 0 15 0
0 0 0 28000.00 2.59 20 5 0 15 0
0 0 0 26660.00 2.59 20 5 0 15 0
0 0 0 26980.00 2.59 20 5 0 15 0
0 0 0 28000.00 2.59 20 5 0 15 0
0 0 0 28460.00 2.59 20 5 0 15 0
0 0 0 28160.00 2.59 20 5 0 15 0
0 0 0 26800.00 2.59 20 5 0 15 0
0 0 0 26780.00 2.59 20 5 0 15 0
0 0 0 26700.00 2.59 20 5 0 15 0
0 0 0 28700.00 2.59 20 5 0 15 0
0 0 0 26700.00 2.59 20 5 0 15 0
0 0 0 27880.00 2.59 20 5 0 15 0
0 0 0 26700.00 2.59 20 5 0 15 0
0 0 0 28330.00 2.59 20 5 0 15 0
0 0 0 26500.00 2.59 20 5 0 15 0
0 0 0 26500.00 2.59 20 5 0 15 0
0 0 0 26900.00 2.59 20 5 0 15 0
0 0 0 26900.00 2.59 20 5 0 15 0
0 0 0 26960.00 2.59 20 5 0 15 0
0 0 0 28200.00 2.59 20 5 0 15 0
0 0 0 26900.00 2.59 20 5 0 15 0
0 0 0 26680.00 2.59 20 5 0 15 0
0 0 0 26880.00 2.59 20 5 0 15 0
0 0 0 26500.00 2.59 20 5 0 15 0
0 0 0 27857.00 2.59 20 5 0 15 0
0 0 0 26800.00 2.59 20 5 0 15 0
0 0 0 26700.00 2.59 20 5 0 15 0
0 0 0 28000.00 2.59 20 5 0 15 0
0 0 0 28007.00 2.59 20 5 0 15 0
0 0 0 28410.00 2.59 20 5 0 15 0
0 0 0 28790.00 2.59 20 5 0 15 0
0 0 0 28300.00 2.59 20 5 0 15 0
0 0 0 26930.00 2.59 20 5 0 15 0
0 0 0 27857.00 2.59 20 5 0 15 0
0 0 0 28400.00 2.59 20 5 0 15 0
0 0 0 26600.00 2.59 20 5 0 15 0
0 0 0 28790.00 2.59 20 5 0 15 0
0 0 0 28790.00 2.59 20 5 0 15 0
0 0 0 26500.00 2.59 20 5 0 15 0
0 0 0 26600.00 2.59 20 5 0 15 0
0 0 0 26600.00 2.59 20 5 0 15 0
0 0 0 27857.00 2.59 20 5 0 15 0
0 0 0 26600.00 2.59 20 5 0 15 0
0 0 0 28700.00 2.59 20 5 0 15 0
0 0 0 27867.00 2.59 20 5 0 15 0
0 0 0 26700.00 2.59 20 5 0 15 0
#CONTAINERS_LOADED 
9 8 0 4900.00 2.59 40 6 0 15 0
9 7 0 4900.00 2.59 40 6 0 15 0
10 8 0 7500.00 2.59 40 6 0 15 0
#STACKS
108000.000000 2.900000 15
162000.000000 5.840000 15
216000.000000 8.760000 15
270000.000000 11.700000 15
270000.000000 14.600000 15
270000.000000 14.600000 15
270000.000000 11.700000 15
216000.000000 8.760000 15
162000.000000 5.840000 15
108000.000000 2.900000 15
#CELLS
1 0 0 0 0 0 0
1 0 0 0 0 0 0
1 0 0 0 0 0 0
1 0 0 0 0 0 0
1 0 0 0 0 0 0
1 0 0 0 0 0 0
1 0 0 0 0 0 0
1 0 0 1 1 1 15
1 0 0 0 0 0 0
2 0 0 0 0 0 0
2 0 0 0 0 0 0
2 0 0 0 0 0 0
2 0 0 0 0 0 0
2 0 0 0 0 0 0
2 0 0 0 0 0 0
2 0 0 1 1 1 15
2 0 0 1 1 1 15
2 0 0 0 0 0 0
3 0 0 0 0 0 0
3 0 0 0 0 0 0
3 0 0 0 0 0 0
3 0 0 0 0 0 0
3 0 0 0 0 0 0
3 0 0 1 1 1 15
3 0 0 1 1 1 15
3 0 0 1 1 1 15
3 0 0 0 0 0 0
4 0 0 0 0 0 0
4 0 0 0 0 0 0
4 0 0 0 0 0 0
4 0 0 0 0 0 0
4 0 0 1 1 1 15
4 0 0 1 1 1 15
4 0 0 1 1 1 15
4 0 0 1 1 1 15
4 0 0 0 0 0 0
5 0 0 0 0 0 0
5 0 0 0 0 0 0
5 0 0 0 0 0 0
5 0 0 1 1 1 15
5 0 0 1 1 1 15
5 0 0 1 1 1 15
5 0 0 1 1 1 15
5 0 0 1 1 1 15
5 0 0 0 0 0 0
6 0 0 0 0 0 0
6 0 0 0 0 0 0
6 0 0 0 0 0 0
6 0 0 1 1 1 15
6 0 0 1 1 1 15
6 0 0 1 1 1 15
6 0 0 1 1 1 15
6 0 0 1 1 1 15
6 0 0 0 0 0 0
7 0 0 0 0 0 0
7 0 0 0 0 0 0
7 0 0 0 0 0 0
7 0 0 0 0 0 0
7 0 0 1 1 1 15
7 0 0 1 1 1 15
7 0 0 1 1 1 15
7 0 0 1 1 1 15
7 0 0 0 0 0 0
8 0 0 0 0 0 0
8 0 0 0 0 0 0
8 0 0 0 0 0 0
8 0 0 0 0 0 0
8 0 0 0 0 0 0
8 0 0 1 1 1 15
8 0 0 1 1 1 15
8 0 0 1 1 1 15
8 0 0 0 0 0 0
9 0 0 0 0 0 0
9 0 0 0 0 0 0
9 0 0 0 0 0 0
9 0 0 0 0 0 0
9 0 0 0 0 0 0
9 0 0 0 0 0 0
9 0 0 1 1 1 15
9 0 0 1 1 1 15
9 0 0 0 0 0 0
10 0 0 0 0 0 0
10 0 0 0 0 0 0
10 0 0 0 0 0 0
10 0 0 0 0 0 0
10 0 0 0 0 0 0
10 0 0 0 0 0 0
10 0 0 0 0 0 0
10 0 0 1 1 1 15
10 0 0 0 0 0 0
#SOLUTION-AFT
 0  0  0  0  0  0  0  0  0  0 
 32  23  48  14  44  34  13  20  55  57 
 0  51  42  6  30  26  18  9  56  0 
 0  0  1  22  54  25  39  36  0  0 
 0  0  0  38  19  41  46  0  0  0 
 0  0  0  0  21  11  0  0  0  0 
 0  0  0  0  0  0  0  0  0  0 
 0  0  0  0  0  0  0  0  0  0 
 0  0  0  0  0  0  0  0  0  0 
#SOLUTION-FWD
 0  0  0  0  0  0  0  0  0  0 
 47  24  50  37  49  15  52  53  55  57 
 0  2  33  28  10  31  8  12  56  0 
 0  0  3  40  35  29  45  7  0  0 
 0  0  0  43  17  4  5  0  0  0 
 0  0  0  0  16  27  0  0  0  0 
 0  0  0  0  0  0  0  0  0  0 
 0  0  0  0  0  0  0  0  0  0 
 0  0  0  0  0  0  0  0  0  0 
#INFO
cap20: 54  cap40: 3  reefer: 0  HC: 0  capacity: 100.000000 TEU: 60