1 101 0 10 110 1 11
#POD
3 
#LOCATIONS
57 
#CONTAINERS_TOLOAD
0 0 0 10000.00 2.59 40 3 0 57 0
0 0 0 10099.00 2.90 40 3 0 57 0
0 0 0 8699.00 2.90 40 3 0 57 0
0 0 0 11099.00 2.59 40 3 0 57 0
0 0 0 10900.00 2.59 40 3 0 57 0
0 0 0 10699.00 2.59 40 3 0 57 0
0 0 0 10199.00 2.90 40 3 0 57 0
0 0 0 11000.00 2.59 40 3 0 57 0
0 0 0 9400.00 2.90 40 3 0 57 0
0 0 0 8400.00 2.90 40 3 0 57 0
0 0 0 10199.00 2.59 40 3 0 57 0
0 0 0 11099.00 2.59 40 3 0 57 0
0 0 0 10400.00 2.59 40 3 0 57 0
0 0 0 11500.00 2.59 40 3 0 57 0
0 0 0 9800.00 2.90 40 3 0 57 0
0 0 0 10900.00 2.59 40 3 0 57 0
0 0 0 9900.00 2.90 40 3 0 57 0
0 0 0 11099.00 2.59 40 3 0 57 0
0 0 0 9900.00 2.59 40 3 0 57 0
0 0 0 8900.00 2.90 40 3 0 57 0
0 0 0 10599.00 2.90 40 3 0 57 0
0 0 0 11199.00 2.59 40 3 0 57 0
0 0 0 8900.00 2.90 40 3 0 57 0
0 0 0 8900.00 2.90 40 3 0 57 0
0 0 0 10300.00 2.90 40 3 0 57 0
0 0 0 10099.00 2.59 40 3 0 57 0
0 0 0 9699.00 2.90 40 3 0 57 0
0 0 0 10500.00 2.59 40 3 0 57 0
0 0 0 11099.00 2.59 40 3 0 57 0
0 0 0 8900.00 2.90 40 3 0 57 0
0 0 0 8900.00 2.90 40 3 0 57 0
0 0 0 10699.00 2.59 40 3 0 57 0
0 0 0 10699.00 2.59 40 3 0 57 0
0 0 0 10400.00 2.59 40 3 0 57 0
0 0 0 11300.00 2.59 40 3 0 57 0
0 0 0 11099.00 2.59 40 3 0 57 0
0 0 0 10500.00 2.90 40 3 0 57 0
0 0 0 10599.00 2.59 40 3 0 57 0
0 0 0 9099.00 2.90 40 3 0 57 0
0 0 0 10500.00 2.90 40 3 0 57 0
0 0 0 10699.00 2.59 40 3 0 57 0
0 0 0 10300.00 2.90 40 3 0 57 0
0 0 0 8900.00 2.90 40 3 0 57 0
0 0 0 10000.00 2.59 40 3 0 57 0
0 0 0 11199.00 2.59 40 3 0 57 0
0 0 0 10500.00 2.90 40 3 0 57 0
0 0 0 11300.00 2.59 40 3 0 57 0
0 0 0 10699.00 2.59 40 3 0 57 0
0 0 0 10099.00 2.59 40 3 0 57 0
0 0 0 9900.00 2.90 40 3 0 57 0
0 0 0 10599.00 2.90 40 3 0 57 0
0 0 0 10400.00 2.59 40 3 0 57 0
0 0 0 9900.00 2.90 40 3 0 57 0
0 0 0 10900.00 2.59 40 3 0 57 0
0 0 0 10300.00 2.59 40 3 0 57 0
0 0 0 9900.00 2.90 40 3 0 57 0
0 0 0 10300.00 2.90 40 3 0 57 0
0 0 0 11000.00 2.59 40 3 0 57 0
0 0 0 11000.00 2.59 40 3 0 57 0
0 0 0 9099.00 2.90 40 3 0 57 0
0 0 0 10599.00 2.90 40 3 0 57 0
0 0 0 10500.00 2.59 40 3 0 57 0
0 0 0 9099.00 2.90 40 3 0 57 0
0 0 0 9699.00 2.90 40 3 0 57 0
0 0 0 10199.00 2.59 40 3 0 57 0
0 0 0 10300.00 2.59 40 3 0 57 0
0 0 0 10300.00 2.59 40 3 0 57 0
0 0 0 10599.00 2.90 40 3 0 57 0
0 0 0 8900.00 2.90 40 3 0 57 0
0 0 0 10599.00 2.90 40 3 0 57 0
0 0 0 10699.00 2.59 40 3 0 57 0
0 0 0 11300.00 2.59 40 3 0 57 0
0 0 0 10500.00 2.59 40 3 0 57 0
0 0 0 11500.00 2.59 40 3 0 57 0
0 0 0 11099.00 2.59 40 3 0 57 0
0 0 0 9900.00 2.90 40 3 0 57 0
0 0 0 9099.00 2.90 40 3 0 57 0
0 0 0 11000.00 2.59 40 3 0 57 0
0 0 0 10500.00 2.59 40 3 0 57 0
0 0 0 9400.00 2.90 40 3 0 57 0
0 0 0 10699.00 2.59 40 3 0 57 0
0 0 0 11099.00 2.59 40 3 0 57 0
0 0 0 8900.00 2.90 40 3 0 57 0
0 0 0 10500.00 2.90 40 3 0 57 0
0 0 0 11199.00 2.59 40 3 0 57 0
0 0 0 11099.00 2.59 40 3 0 57 0
0 0 0 10699.00 2.59 40 3 0 57 0
0 0 0 10199.00 2.59 40 3 0 57 0
0 0 0 9099.00 2.90 40 3 0 57 0
0 0 0 10500.00 2.90 40 3 0 57 0
0 0 0 10099.00 2.90 40 3 0 57 0
0 0 0 9800.00 2.90 40 3 0 57 0
0 0 0 8900.00 2.90 40 3 0 57 0
0 0 0 10400.00 2.59 40 3 0 57 0
0 0 0 9099.00 2.90 40 3 0 57 0
0 0 0 10699.00 2.59 40 3 0 57 0
0 0 0 10800.00 2.59 40 3 0 57 0
0 0 0 10400.00 2.90 40 3 0 57 0
0 0 0 10199.00 2.59 40 3 0 57 0
0 0 0 8599.00 2.90 40 3 0 57 0
0 0 0 10699.00 2.59 40 3 0 57 0
#CONTAINERS_LOADED 
#STACKS
270000.000000 23.340000 57
270000.000000 29.160000 57
270000.000000 29.160000 57
270000.000000 29.160000 57
270000.000000 29.160000 57
270000.000000 29.160000 57
270000.000000 29.160000 57
270000.000000 29.160000 57
270000.000000 29.160000 57
270000.000000 23.340000 57
#CELLS
1 0 0 0 0 0 0
1 0 0 0 0 0 0
1 0 0 1 1 1 57
1 0 0 1 1 1 57
1 0 0 1 1 1 57
1 0 0 1 1 1 57
1 0 0 1 1 1 57
1 0 0 1 1 1 57
1 0 0 1 1 1 57
1 0 0 1 1 1 57
1 0 0 0 0 0 0
2 0 0 1 1 1 57
2 0 0 1 1 1 57
2 0 0 1 1 1 57
2 0 0 1 1 1 57
2 0 0 1 1 1 57
2 0 0 1 1 1 57
2 0 0 1 1 1 57
2 0 0 1 1 1 57
2 0 0 1 1 1 57
2 0 0 1 1 1 57
2 0 0 1 1 1 57
3 0 0 1 1 1 57
3 0 0 1 1 1 57
3 0 0 1 1 1 57
3 0 0 1 1 1 57
3 0 0 1 1 1 57
3 0 0 1 1 1 57
3 0 0 1 1 1 57
3 0 0 1 1 1 57
3 0 0 1 1 1 57
3 0 0 1 1 1 57
3 0 0 1 1 1 57
4 0 0 1 1 1 57
4 0 0 1 1 1 57
4 0 0 1 1 1 57
4 0 0 1 1 1 57
4 0 0 1 1 1 57
4 0 0 1 1 1 57
4 0 0 1 1 1 57
4 0 0 1 1 1 57
4 0 0 1 1 1 57
4 0 0 1 1 1 57
4 0 0 1 1 1 57
5 0 0 1 1 1 57
5 0 0 1 1 1 57
5 0 0 1 1 1 57
5 0 0 1 1 1 57
5 0 0 1 1 1 57
5 0 0 1 1 1 57
5 0 0 1 1 1 57
5 0 0 1 1 1 57
5 0 0 1 1 1 57
5 0 0 1 1 1 57
5 0 0 1 1 1 57
6 0 0 1 1 1 57
6 0 0 1 1 1 57
6 0 0 1 1 1 57
6 0 0 1 1 1 57
6 0 0 1 1 1 57
6 0 0 1 1 1 57
6 0 0 1 1 1 57
6 0 0 1 1 1 57
6 0 0 1 1 1 57
6 0 0 1 1 1 57
6 0 0 1 1 1 57
7 0 0 1 1 1 57
7 0 0 1 1 1 57
7 0 0 1 1 1 57
7 0 0 1 1 1 57
7 0 0 1 1 1 57
7 0 0 1 1 1 57
7 0 0 1 1 1 57
7 0 0 1 1 1 57
7 0 0 1 1 1 57
7 0 0 1 1 1 57
7 0 0 1 1 1 57
8 0 0 1 1 1 57
8 0 0 1 1 1 57
8 0 0 1 1 1 57
8 0 0 1 1 1 57
8 0 0 1 1 1 57
8 0 0 1 1 1 57
8 0 0 1 1 1 57
8 0 0 1 1 1 57
8 0 0 1 1 1 57
8 0 0 1 1 1 57
8 0 0 1 1 1 57
9 0 0 1 1 1 57
9 0 0 1 1 1 57
9 0 0 1 1 1 57
9 0 0 1 1 1 57
9 0 0 1 1 1 57
9 0 0 1 1 1 57
9 0 0 1 1 1 57
9 0 0 1 1 1 57
9 0 0 1 1 1 57
9 0 0 1 1 1 57
9 0 0 1 1 1 57
10 0 0 0 0 0 0
10 0 0 0 0 0 0
10 0 0 1 1 1 57
10 0 0 1 1 1 57
10 0 0 1 1 1 57
10 0 0 1 1 1 57
10 0 0 1 1 1 57
10 0 0 1 1 1 57
10 0 0 1 1 1 57
10 0 0 1 1 1 57
10 0 0 0 0 0 0
#SOLUTION-AFT
 0  95  76  91  0  0  67  44  0  0 
 10  89  2  4  7  70  13  49  80  83 
 100  19  6  75  57  61  34  26  9  69 
 3  1  101  82  42  51  52  11  64  93 
 24  33  32  86  25  68  94  88  27  20 
 23  41  97  12  98  21  73  99  15  63 
 30  96  54  18  90  35  79  65  92  77 
 43  87  16  29  84  72  62  66  53  60 
 31  81  5  36  37  47  28  55  17  39 
 0  71  58  22  46  74  38  8  50  0 
 0  48  59  85  40  14  45  78  56  0 
#SOLUTION-FWD
 0  95  76  91  0  0  67  44  0  0 
 10  89  2  4  7  70  13  49  80  83 
 100  19  6  75  57  61  34  26  9  69 
 3  1  101  82  42  51  52  11  64  93 
 24  33  32  86  25  68  94  88  27  20 
 23  41  97  12  98  21  73  99  15  63 
 30  96  54  18  90  35  79  65  92  77 
 43  87  16  29  84  72  62  66  53  60 
 31  81  5  36  37  47  28  55  17  39 
 0  71  58  22  46  74  38  8  50  0 
 0  48  59  85  40  14  45  78  56  0 
#INFO
cap20: 0  cap40: 101  reefer: 0  HC: 46  capacity: 97.115385 TEU: 208