1 23 0 3 24 1 8
#POD
4 
#LOCATIONS
34 
#CONTAINERS_TOLOAD
0 0 0 28080.00 2.59 40 4 0 34 0
0 0 0 18513.00 2.90 40 4 1 34 0
0 0 0 28080.00 2.59 40 4 0 34 0
0 0 0 18940.00 2.90 40 4 0 34 0
0 0 0 19100.00 2.90 40 4 0 34 0
0 0 0 28080.00 2.59 40 4 0 34 0
0 0 0 28080.00 2.59 40 4 0 34 0
0 0 0 19004.00 2.59 40 4 0 34 0
0 0 0 20846.00 2.59 40 4 0 34 0
0 0 0 28080.00 2.59 40 4 0 34 0
0 0 0 28080.00 2.59 40 4 0 34 0
0 0 0 19633.00 2.59 40 4 0 34 0
0 0 0 28080.00 2.59 40 4 0 34 0
0 0 0 28080.00 2.59 40 4 0 34 0
0 0 0 28080.00 2.59 40 4 0 34 0
0 0 0 28300.00 2.59 40 4 0 34 0
0 0 0 28080.00 2.59 40 4 0 34 0
0 0 0 28300.00 2.59 40 4 0 34 0
0 0 0 28080.00 2.59 40 4 0 34 0
0 0 0 28080.00 2.59 40 4 0 34 0
0 0 0 28080.00 2.59 40 4 0 34 0
0 0 0 28080.00 2.59 40 4 0 34 0
0 0 0 28080.00 2.59 40 4 0 34 0
#CONTAINERS_LOADED 
#STACKS
340000.000000 21.280000 34
340000.000000 21.280000 34
340000.000000 21.280000 34
#CELLS
1 0 1 1 1 1 34
1 0 1 1 1 1 34
1 0 1 1 1 1 34
1 0 1 1 1 1 34
1 0 1 1 1 1 34
1 0 1 1 1 1 34
1 0 0 1 1 1 34
1 0 0 0 0 1 34
2 0 0 1 1 1 34
2 0 0 1 1 1 34
2 0 0 1 1 1 34
2 0 0 1 1 1 34
2 0 0 1 1 1 34
2 0 0 1 1 1 34
2 0 0 1 1 1 34
2 0 0 0 0 1 34
3 0 1 1 1 1 34
3 0 1 1 1 1 34
3 0 1 1 1 1 34
3 0 1 1 1 1 34
3 0 1 1 1 1 34
3 0 1 1 1 1 34
3 0 0 1 1 1 34
3 0 0 0 0 1 34
#SOLUTION-AFT
 15  0  22 
 17  4  21 
 19  5  2 
 20  16  23 
 10  18  1 
 11  12  3 
 13  9  6 
 14  8  7 
#SOLUTION-FWD
 15  0  22 
 17  4  21 
 19  5  2 
 20  16  23 
 10  18  1 
 11  12  3 
 13  9  6 
 14  8  7 
#INFO
cap20: 0  cap40: 23  reefer: 1  HC: 3  capacity: 95.833333 TEU: 48