2 5 63 10 100 1 10
#POD
2 6 
#LOCATIONS
33 
#CONTAINERS_TOLOAD
0 0 0 25000.00 2.90 40 2 0 33 0
0 0 0 25000.00 2.90 40 2 0 33 0
0 0 0 25000.00 2.90 40 2 0 33 0
0 0 0 25000.00 2.90 40 2 0 33 0
0 0 0 25000.00 2.90 40 2 0 33 0
#CONTAINERS_LOADED 
6 1 0 31040.00 2.90 40 2 1 33 0
1 5 0 13000.00 2.90 40 6 0 33 0
6 5 0 30800.00 2.90 40 2 1 33 0
5 2 0 19900.00 2.90 40 6 0 33 0
3 5 0 19100.00 2.90 40 6 0 33 0
2 2 0 25600.00 2.90 40 6 0 33 0
2 8 0 11800.00 2.90 40 6 0 33 0
5 8 0 9500.00 2.90 40 6 0 33 0
3 7 0 15700.00 2.90 40 6 0 33 0
2 4 0 20000.00 2.90 40 6 0 33 0
3 4 0 14300.00 2.90 40 6 0 33 0
3 6 0 8700.00 2.90 40 6 0 33 0
2 6 0 13000.00 2.90 40 6 0 33 0
5 7 0 19000.00 2.90 40 6 0 33 0
1 8 0 13100.00 2.90 40 6 0 33 0
1 3 0 25980.00 2.90 40 6 0 33 0
4 6 0 15000.00 2.90 40 6 0 33 0
6 6 0 31040.00 2.90 40 2 1 33 0
5 6 0 17500.00 2.90 40 6 0 33 0
1 2 0 25000.00 2.90 40 6 0 33 0
8 3 0 30795.00 2.90 40 2 1 33 0
9 1 0 29940.00 2.59 40 2 0 33 0
8 5 0 30800.00 2.90 40 2 1 33 0
7 3 0 31340.00 2.90 40 2 1 33 0
2 7 0 13000.00 2.90 40 6 0 33 0
7 6 0 30940.00 2.90 40 2 1 33 0
6 2 0 31040.00 2.90 40 2 1 33 0
8 1 0 30820.00 2.90 40 2 1 33 0
9 3 0 31370.00 2.90 40 2 1 33 0
2 3 0 27000.00 2.90 40 6 0 33 0
4 7 0 15200.00 2.90 40 6 0 33 0
5 1 0 20000.00 2.90 40 6 0 33 0
5 3 0 10819.00 2.90 40 6 0 33 0
5 4 0 12680.00 2.90 40 6 0 33 0
6 4 0 30800.00 2.90 40 2 1 33 0
7 1 0 31040.00 2.90 40 2 1 33 0
3 3 0 14300.00 2.90 40 6 0 33 0
4 5 0 20000.00 2.90 40 6 0 33 0
2 1 0 29000.00 2.90 40 6 0 33 0
8 4 0 31220.00 2.90 40 2 1 33 0
5 5 0 12118.00 2.90 40 6 0 33 0
7 4 0 31220.00 2.90 40 2 1 33 0
3 2 0 27000.00 2.90 40 6 0 33 0
3 1 0 27800.00 2.90 40 6 0 33 0
9 4 0 31220.00 2.90 40 2 1 33 0
9 6 0 30820.00 2.90 40 2 1 33 0
7 2 0 31040.00 2.90 40 2 1 33 0
1 4 0 13000.00 2.90 40 6 0 33 0
6 3 0 30700.00 2.90 40 2 1 33 0
8 2 0 30720.00 2.90 40 2 1 33 0
4 3 0 22300.00 2.90 40 6 0 33 0
4 4 0 19800.00 2.90 40 6 0 33 0
4 8 0 13600.00 2.90 40 6 0 33 0
1 7 0 13000.00 2.90 40 6 0 33 0
4 1 0 26920.00 2.90 40 6 0 33 0
7 5 0 31040.00 2.90 40 2 1 33 0
8 6 0 30820.00 2.90 40 2 1 33 0
2 5 0 13000.00 2.59 40 6 0 33 0
1 6 0 13040.00 2.90 40 6 0 33 0
9 5 0 31070.00 2.90 40 2 1 33 0
9 2 0 30870.00 2.90 40 2 1 33 0
3 8 0 11697.00 2.90 40 6 0 33 0
4 2 0 10900.00 2.90 40 6 0 33 0
#STACKS
350000.000000 20.520000 33
400000.000000 23.350000 33
400000.000000 23.350000 33
400000.000000 23.350000 33
400000.000000 23.350000 33
400000.000000 23.350000 33
400000.000000 23.350000 33
400000.000000 23.350000 33
400000.000000 23.350000 33
350000.000000 20.520000 33
#CELLS
1 0 0 0 0 0 0
1 0 0 1 1 1 33
1 0 0 1 1 1 33
1 0 0 1 1 1 33
1 0 0 1 1 1 33
1 0 0 1 1 1 33
1 0 0 1 1 1 33
1 0 0 1 1 1 33
1 0 0 0 0 0 0
1 0 0 0 0 0 0
2 0 0 1 1 1 33
2 0 1 1 1 1 33
2 0 1 1 1 1 33
2 0 1 1 1 1 33
2 0 1 1 1 1 33
2 0 1 1 1 1 33
2 0 0 1 1 1 33
2 0 0 1 1 1 33
2 0 0 1 1 1 33
2 0 0 0 0 0 0
3 0 1 1 1 1 33
3 0 1 1 1 1 33
3 0 1 1 1 1 33
3 0 1 1 1 1 33
3 0 1 1 1 1 33
3 0 1 1 1 1 33
3 0 0 1 1 1 33
3 0 0 1 1 1 33
3 0 0 1 1 1 33
3 0 0 0 0 0 0
4 0 1 1 1 1 33
4 0 1 1 1 1 33
4 0 1 1 1 1 33
4 0 1 1 1 1 33
4 0 1 1 1 1 33
4 0 1 1 1 1 33
4 0 0 1 1 1 33
4 0 0 1 1 1 33
4 0 0 1 1 1 33
4 0 0 0 0 0 0
5 0 1 1 1 1 33
5 0 1 1 1 1 33
5 0 1 1 1 1 33
5 0 1 1 1 1 33
5 0 1 1 1 1 33
5 0 1 1 1 1 33
5 0 0 1 1 1 33
5 0 0 1 1 1 33
5 0 0 1 1 1 33
5 0 0 0 0 0 0
6 0 1 1 1 1 33
6 0 1 1 1 1 33
6 0 1 1 1 1 33
6 0 1 1 1 1 33
6 0 1 1 1 1 33
6 0 1 1 1 1 33
6 0 0 1 1 1 33
6 0 0 1 1 1 33
6 0 0 1 1 1 33
6 0 0 0 0 0 0
7 0 1 1 1 1 33
7 0 1 1 1 1 33
7 0 1 1 1 1 33
7 0 1 1 1 1 33
7 0 1 1 1 1 33
7 0 1 1 1 1 33
7 0 0 1 1 1 33
7 0 0 1 1 1 33
7 0 0 1 1 1 33
7 0 0 0 0 0 0
8 0 1 1 1 1 33
8 0 1 1 1 1 33
8 0 1 1 1 1 33
8 0 1 1 1 1 33
8 0 1 1 1 1 33
8 0 1 1 1 1 33
8 0 0 1 1 1 33
8 0 0 1 1 1 33
8 0 0 1 1 1 33
8 0 0 0 0 0 0
9 0 0 1 1 1 33
9 0 1 1 1 1 33
9 0 1 1 1 1 33
9 0 1 1 1 1 33
9 0 1 1 1 1 33
9 0 1 1 1 1 33
9 0 0 1 1 1 33
9 0 0 1 1 1 33
9 0 0 1 1 1 33
9 0 0 0 0 0 0
10 0 0 0 0 0 0
10 0 0 1 1 1 33
10 0 0 1 1 1 33
10 0 0 1 1 1 33
10 0 0 1 1 1 33
10 0 0 1 1 1 33
10 0 0 1 1 1 33
10 0 0 1 1 1 33
10 0 0 0 0 0 0
10 0 0 0 0 0 0
#SOLUTION-AFT
 0  0  0  0  0  0  0  0  0  0 
 0  0  0  0  0  0  0  0  0  0 
 20  12  67  58  13  0  0  0  0  0 
 59  30  14  36  19  0  0  0  0  0 
 64  18  17  22  24  23  31  62  51  2 
 7  63  10  43  46  8  61  28  65  5 
 53  15  16  57  39  40  47  45  50  1 
 21  35  42  56  38  54  29  26  34  4 
 25  11  48  68  9  32  52  55  66  3 
 0  44  49  60  37  6  41  33  27  0 
#SOLUTION-FWD
 0  0  0  0  0  0  0  0  0  0 
 0  0  0  0  0  0  0  0  0  0 
 20  12  67  58  13  0  0  0  0  0 
 59  30  14  36  19  0  0  0  0  0 
 64  18  17  22  24  23  31  62  51  2 
 7  63  10  43  46  8  61  28  65  5 
 53  15  16  57  39  40  47  45  50  1 
 21  35  42  56  38  54  29  26  34  4 
 25  11  48  68  9  32  52  55  66  3 
 0  44  49  60  37  6  41  33  27  0 
#INFO
cap20: 0  cap40: 68  reefer: 23  HC: 66  capacity: 79.069767 TEU: 172