1 35 0 4 36 1 9
#POD
6 
#LOCATIONS
34 
#CONTAINERS_TOLOAD
0 0 0 11200.00 2.90 40 6 0 34 0
0 0 0 11600.00 2.90 40 6 0 34 0
0 0 0 9900.00 2.59 40 6 0 34 0
0 0 0 11300.00 2.90 40 6 0 34 0
0 0 0 25100.00 2.90 40 6 0 34 0
0 0 0 8800.00 2.59 40 6 0 34 0
0 0 0 12800.00 2.59 40 6 0 34 0
0 0 0 18500.00 2.59 40 6 0 34 0
0 0 0 11100.00 2.90 40 6 0 34 0
0 0 0 7600.00 2.59 40 6 0 34 0
0 0 0 20800.00 2.59 40 6 0 34 0
0 0 0 10000.00 2.59 40 6 0 34 0
0 0 0 7900.00 2.59 40 6 0 34 0
0 0 0 7800.00 2.59 40 6 0 34 0
0 0 0 8100.00 2.59 40 6 0 34 0
0 0 0 6500.00 2.59 40 6 0 34 0
0 0 0 17300.00 2.59 40 6 0 34 0
0 0 0 20000.00 2.59 40 6 0 34 0
0 0 0 8000.00 2.59 40 6 0 34 0
0 0 0 19800.00 2.59 40 6 0 34 0
0 0 0 10700.00 2.59 40 6 0 34 0
0 0 0 9900.00 2.59 40 6 0 34 0
0 0 0 8000.00 2.59 40 6 0 34 0
0 0 0 15600.00 2.59 40 6 0 34 0
0 0 0 8700.00 2.59 40 6 0 34 0
0 0 0 7700.00 2.59 40 6 0 34 0
0 0 0 11500.00 2.90 40 6 0 34 0
0 0 0 18300.00 2.59 40 6 0 34 0
0 0 0 11200.00 2.90 40 6 0 34 0
0 0 0 6900.00 2.59 40 6 0 34 0
0 0 0 23920.00 2.90 40 6 0 34 0
0 0 0 7000.00 2.59 40 6 0 34 0
0 0 0 14000.00 2.59 40 6 0 34 0
0 0 0 12000.00 2.59 40 6 0 34 0
0 0 0 8800.00 2.59 40 6 0 34 0
#CONTAINERS_LOADED 
#STACKS
378000.000000 23.870000 34
378000.000000 23.870000 34
378000.000000 23.870000 34
378000.000000 23.870000 34
#CELLS
1 0 0 0 0 1 34
1 0 0 0 0 1 34
1 0 0 0 0 1 34
1 0 0 0 0 1 34
1 0 0 0 0 1 34
1 0 0 0 0 1 34
1 0 0 0 0 1 34
1 0 0 0 0 1 34
1 0 0 0 0 1 34
2 0 0 0 0 1 34
2 0 0 0 0 1 34
2 0 0 0 0 1 34
2 0 0 0 0 1 34
2 0 0 0 0 1 34
2 0 0 0 0 1 34
2 0 0 0 0 1 34
2 0 0 0 0 1 34
2 0 0 0 0 1 34
3 0 0 0 0 1 34
3 0 0 0 0 1 34
3 0 0 0 0 1 34
3 0 0 0 0 1 34
3 0 0 0 0 1 34
3 0 0 0 0 1 34
3 0 0 0 0 1 34
3 0 0 0 0 1 34
3 0 0 0 0 1 34
4 0 0 0 0 1 34
4 0 0 0 0 1 34
4 0 0 0 0 1 34
4 0 0 0 0 1 34
4 0 0 0 0 1 34
4 0 0 0 0 1 34
4 0 0 0 0 1 34
4 0 0 0 0 1 34
4 0 0 0 0 1 34
#SOLUTION-AFT
 34  6  10  0 
 7  35  26  16 
 33  22  14  30 
 24  3  13  32 
 17  12  23  9 
 28  21  19  29 
 8  18  15  1 
 20  11  25  4 
 31  5  2  27 
#SOLUTION-FWD
 34  6  10  0 
 7  35  26  16 
 33  22  14  30 
 24  3  13  32 
 17  12  23  9 
 28  21  19  29 
 8  18  15  1 
 20  11  25  4 
 31  5  2  27 
#INFO
cap20: 0  cap40: 35  reefer: 0  HC: 8  capacity: 97.222222 TEU: 72