1 19 0 5 45 1 9
#POD
6 
#LOCATIONS
50 
#CONTAINERS_TOLOAD
0 0 0 9150.00 2.90 40 6 0 50 0
0 0 0 9500.00 2.90 40 6 0 50 0
0 0 0 9560.00 2.90 40 6 0 50 0
0 0 0 9440.00 2.90 40 6 0 50 0
0 0 0 9004.00 2.90 40 6 0 50 0
0 0 0 9100.00 2.90 40 6 0 50 0
0 0 0 9500.00 2.90 40 6 0 50 0
0 0 0 11060.00 2.90 40 6 0 50 0
0 0 0 10320.00 2.90 40 6 0 50 0
0 0 0 12900.00 2.90 40 6 0 50 0
0 0 0 9400.00 2.90 40 6 0 50 0
0 0 0 9440.00 2.90 40 6 0 50 0
0 0 0 9050.00 2.90 40 6 0 50 0
0 0 0 10320.00 2.90 40 6 0 50 0
0 0 0 9200.00 2.90 40 6 0 50 0
0 0 0 9440.00 2.90 40 6 0 50 0
0 0 0 9240.00 2.90 40 6 0 50 0
0 0 0 9050.00 2.90 40 6 0 50 0
0 0 0 9420.00 2.90 40 6 0 50 0
#CONTAINERS_LOADED 
#STACKS
270000.000000 23.450000 50
270000.000000 23.450000 50
270000.000000 23.450000 50
270000.000000 23.450000 50
270000.000000 23.450000 50
#CELLS
1 0 1 0 0 1 50
1 0 1 0 0 1 50
1 0 1 0 0 1 50
1 0 1 0 0 1 50
1 0 1 0 0 1 50
1 0 1 0 0 1 50
1 0 0 0 0 1 50
1 0 0 0 0 1 50
1 0 0 0 0 1 50
2 0 1 0 0 1 50
2 0 1 0 0 1 50
2 0 1 0 0 1 50
2 0 1 0 0 1 50
2 0 1 0 0 1 50
2 0 1 0 0 1 50
2 0 0 0 0 1 50
2 0 0 0 0 1 50
2 0 0 0 0 1 50
3 0 1 0 0 1 50
3 0 1 0 0 1 50
3 0 1 0 0 1 50
3 0 1 0 0 1 50
3 0 1 0 0 1 50
3 0 1 0 0 1 50
3 0 0 0 0 1 50
3 0 0 0 0 1 50
3 0 0 0 0 1 50
4 0 1 0 0 1 50
4 0 1 0 0 1 50
4 0 1 0 0 1 50
4 0 1 0 0 1 50
4 0 1 0 0 1 50
4 0 1 0 0 1 50
4 0 0 0 0 1 50
4 0 0 0 0 1 50
4 0 0 0 0 1 50
5 0 1 0 0 1 50
5 0 1 0 0 1 50
5 0 1 0 0 1 50
5 0 1 0 0 1 50
5 0 1 0 0 1 50
5 0 1 0 0 1 50
5 0 0 0 0 1 50
5 0 0 0 0 1 50
5 0 0 0 0 1 50
#SOLUTION-AFT
 0  0  0  0  0 
 0  0  0  19  5 
 0  0  0  16  18 
 0  0  0  12  13 
 0  0  0  4  6 
 0  0  0  7  1 
 0  0  9  2  15 
 0  0  8  3  17 
 0  0  10  14  11 
#SOLUTION-FWD
 0  0  0  0  0 
 0  0  0  19  5 
 0  0  0  16  18 
 0  0  0  12  13 
 0  0  0  4  6 
 0  0  0  7  1 
 0  0  9  2  15 
 0  0  8  3  17 
 0  0  10  14  11 
#INFO
cap20: 0  cap40: 19  reefer: 0  HC: 19  capacity: 42.222222 TEU: 90