1 74 0 10 110 1 11
#POD
2 
#LOCATIONS
21 
#CONTAINERS_TOLOAD
0 0 0 25199.00 2.59 20 2 0 21 0
0 0 0 11199.00 2.59 20 2 0 21 0
0 0 0 25199.00 2.59 20 2 0 21 0
0 0 0 13199.00 2.59 20 2 0 21 0
0 0 0 25199.00 2.59 20 2 0 21 0
0 0 0 24199.00 2.59 20 2 0 21 0
0 0 0 16199.00 2.59 20 2 0 21 0
0 0 0 15699.00 2.59 20 2 0 21 0
0 0 0 12199.00 2.59 20 2 0 21 0
0 0 0 14199.00 2.59 20 2 0 21 0
0 0 0 12400.00 2.59 20 2 0 21 0
0 0 0 17199.00 2.59 20 2 0 21 0
0 0 0 14699.00 2.59 20 2 0 21 0
0 0 0 25199.00 2.59 20 2 0 21 0
0 0 0 8500.00 2.59 20 2 0 21 0
0 0 0 23199.00 2.59 20 2 0 21 0
0 0 0 11000.00 2.59 20 2 0 21 0
0 0 0 12199.00 2.59 20 2 0 21 0
0 0 0 23241.00 2.59 20 2 0 21 0
0 0 0 14699.00 2.59 20 2 0 21 0
0 0 0 23199.00 2.59 20 2 0 21 0
0 0 0 17199.00 2.59 20 2 0 21 0
0 0 0 17199.00 2.59 20 2 0 21 0
0 0 0 17199.00 2.59 20 2 0 21 0
0 0 0 13699.00 2.59 20 2 0 21 0
0 0 0 23822.00 2.59 20 2 0 21 0
0 0 0 24199.00 2.59 20 2 0 21 0
0 0 0 15199.00 2.59 20 2 0 21 0
0 0 0 16699.00 2.59 20 2 0 21 0
0 0 0 25199.00 2.59 20 2 0 21 0
0 0 0 16699.00 2.59 20 2 0 21 0
0 0 0 17199.00 2.59 20 2 0 21 0
0 0 0 23297.00 2.59 20 2 0 21 0
0 0 0 15199.00 2.59 20 2 0 21 0
0 0 0 24199.00 2.59 20 2 0 21 0
0 0 0 14199.00 2.59 20 2 0 21 0
0 0 0 17199.00 2.59 20 2 0 21 0
0 0 0 14199.00 2.59 20 2 0 21 0
0 0 0 24199.00 2.59 20 2 0 21 0
0 0 0 25110.00 2.59 20 2 0 21 0
0 0 0 12199.00 2.59 20 2 0 21 0
0 0 0 16699.00 2.59 20 2 0 21 0
0 0 0 17199.00 2.59 20 2 0 21 0
0 0 0 12199.00 2.59 20 2 0 21 0
0 0 0 17140.00 2.59 20 2 0 21 0
0 0 0 17199.00 2.59 20 2 0 21 0
0 0 0 24000.00 2.59 20 2 0 21 0
0 0 0 12199.00 2.59 20 2 0 21 0
0 0 0 11400.00 2.59 20 2 0 21 0
0 0 0 16199.00 2.59 20 2 0 21 0
0 0 0 16199.00 2.59 20 2 0 21 0
0 0 0 24199.00 2.59 20 2 0 21 0
0 0 0 14099.00 2.59 20 2 0 21 0
0 0 0 13330.00 2.59 20 2 0 21 0
0 0 0 26073.00 2.59 20 2 0 21 0
0 0 0 12199.00 2.59 20 2 0 21 0
0 0 0 16199.00 2.59 20 2 0 21 0
0 0 0 17199.00 2.59 20 2 0 21 0
0 0 0 16199.00 2.59 20 2 0 21 0
0 0 0 12199.00 2.59 20 2 0 21 0
0 0 0 12199.00 2.59 20 2 0 21 0
0 0 0 12199.00 2.59 20 2 0 21 0
0 0 0 25240.00 2.59 20 2 0 21 0
0 0 0 12199.00 2.59 20 2 0 21 0
0 0 0 11000.00 2.59 20 2 0 21 0
0 0 0 15699.00 2.59 20 2 0 21 0
0 0 0 14199.00 2.59 20 2 0 21 0
0 0 0 13900.00 2.59 20 2 0 21 0
0 0 0 15199.00 2.59 20 2 0 21 0
0 0 0 23360.00 2.59 20 2 0 21 0
0 0 0 16699.00 2.59 20 2 0 21 0
0 0 0 9000.00 2.59 20 2 0 21 0
0 0 0 16199.00 2.59 20 2 0 21 0
0 0 0 23550.00 2.59 20 2 0 21 0
#CONTAINERS_LOADED 
#STACKS
270000.000000 5.890000 21
270000.000000 8.790000 21
270000.000000 11.710000 21
270000.000000 14.610000 21
270000.000000 17.530000 21
270000.000000 17.530000 21
270000.000000 14.610000 21
270000.000000 11.710000 21
270000.000000 8.790000 21
270000.000000 5.890000 21
#CELLS
1 0 0 0 0 0 0
1 0 0 0 0 0 0
1 0 0 0 0 0 0
1 0 0 0 0 0 0
1 0 0 0 0 0 0
1 0 0 0 0 0 0
1 0 0 0 0 0 0
1 0 0 0 0 0 0
1 0 0 1 1 1 21
1 0 0 1 1 1 21
1 0 0 0 0 0 0
2 0 0 0 0 0 0
2 0 0 0 0 0 0
2 0 0 0 0 0 0
2 0 0 0 0 0 0
2 0 0 0 0 0 0
2 0 0 0 0 0 0
2 0 0 0 0 0 0
2 1 0 1 1 1 21
2 0 0 1 1 1 21
2 0 0 1 1 1 21
2 0 0 0 0 0 0
3 0 0 0 0 0 0
3 0 0 0 0 0 0
3 0 0 0 0 0 0
3 0 0 0 0 0 0
3 0 0 0 0 0 0
3 0 0 0 0 0 0
3 1 0 1 1 1 21
3 1 0 1 1 1 21
3 0 0 1 1 1 21
3 0 0 1 1 1 21
3 0 0 0 0 0 0
4 0 0 0 0 0 0
4 0 0 0 0 0 0
4 0 0 0 0 0 0
4 0 0 0 0 0 0
4 0 0 0 0 0 0
4 1 0 1 1 1 21
4 1 0 1 1 1 21
4 1 0 1 1 1 21
4 0 0 1 1 1 21
4 0 0 1 1 1 21
4 0 0 0 0 0 0
5 0 0 0 0 0 0
5 0 0 0 0 0 0
5 0 0 0 0 0 0
5 0 0 0 0 0 0
5 1 0 1 1 1 21
5 1 0 1 1 1 21
5 1 0 1 1 1 21
5 1 0 1 1 1 21
5 0 0 1 1 1 21
5 0 0 1 1 1 21
5 0 0 0 0 0 0
6 0 0 0 0 0 0
6 0 0 0 0 0 0
6 0 0 0 0 0 0
6 0 0 0 0 0 0
6 1 0 1 1 1 21
6 1 0 1 1 1 21
6 1 0 1 1 1 21
6 1 0 1 1 1 21
6 0 0 1 1 1 21
6 0 0 1 1 1 21
6 0 0 0 0 0 0
7 0 0 0 0 0 0
7 0 0 0 0 0 0
7 0 0 0 0 0 0
7 0 0 0 0 0 0
7 0 0 0 0 0 0
7 1 0 1 1 1 21
7 1 0 1 1 1 21
7 1 0 1 1 1 21
7 0 0 1 1 1 21
7 0 0 1 1 1 21
7 0 0 0 0 0 0
8 0 0 0 0 0 0
8 0 0 0 0 0 0
8 0 0 0 0 0 0
8 0 0 0 0 0 0
8 0 0 0 0 0 0
8 0 0 0 0 0 0
8 1 0 1 1 1 21
8 1 0 1 1 1 21
8 0 0 1 1 1 21
8 0 0 1 1 1 21
8 0 0 0 0 0 0
9 0 0 0 0 0 0
9 0 0 0 0 0 0
9 0 0 0 0 0 0
9 0 0 0 0 0 0
9 0 0 0 0 0 0
9 0 0 0 0 0 0
9 0 0 0 0 0 0
9 1 0 1 1 1 21
9 0 0 1 1 1 21
9 0 0 1 1 1 21
9 0 0 0 0 0 0
10 0 0 0 0 0 0
10 0 0 0 0 0 0
10 0 0 0 0 0 0
10 0 0 0 0 0 0
10 0 0 0 0 0 0
10 0 0 0 0 0 0
10 0 0 0 0 0 0
10 0 0 0 0 0 0
10 0 0 1 1 1 21
10 0 0 1 1 1 21
10 0 0 0 0 0 0
#SOLUTION-AFT
 0  0  0  0  0  0  0  0  0  0 
 0  49  62  68  50  58  38  0  60  65 
 0  19  64  53  51  37  13  72  18  21 
 0  33  74  27  73  46  69  4  9  0 
 0  0  47  40  31  1  28  39  0  0 
 0  0  0  14  45  3  59  0  0  0 
 0  0  0  0  32  55  0  0  0  0 
 0  0  0  0  0  0  0  0  0  0 
 0  0  0  0  0  0  0  0  0  0 
 0  0  0  0  0  0  0  0  0  0 
 0  0  0  0  0  0  0  0  0  0 
#SOLUTION-FWD
 0  0  0  0  0  0  0  0  0  0 
 0  2  61  25  7  22  67  0  44  17 
 0  41  11  10  57  24  20  15  56  16 
 0  70  26  36  42  23  34  54  48  0 
 0  0  52  6  29  43  8  35  0  0 
 0  0  0  30  71  5  66  0  0  0 
 0  0  0  0  12  63  0  0  0  0 
 0  0  0  0  0  0  0  0  0  0 
 0  0  0  0  0  0  0  0  0  0 
 0  0  0  0  0  0  0  0  0  0 
 0  0  0  0  0  0  0  0  0  0 
#INFO
cap20: 74  cap40: 0  reefer: 0  HC: 0  capacity: 92.500000 TEU: 80