1 33 0 3 21 1 7
#POD
4 
#LOCATIONS
9 
#CONTAINERS_TOLOAD
0 0 0 9000.00 2.59 20 4 0 9 0
0 0 0 9000.00 2.59 20 4 0 9 0
0 0 0 9000.00 2.59 20 4 0 9 0
0 0 0 9000.00 2.59 20 4 0 9 0
0 0 0 9000.00 2.59 20 4 0 9 0
0 0 0 9000.00 2.59 20 4 0 9 0
0 0 0 9000.00 2.59 20 4 0 9 0
0 0 0 9000.00 2.59 20 4 0 9 0
0 0 0 9000.00 2.59 20 4 0 9 0
0 0 0 4000.00 2.90 40 4 0 9 0
0 0 0 9000.00 2.59 20 4 0 9 0
0 0 0 15000.00 2.90 40 4 0 9 0
0 0 0 9000.00 2.59 20 4 0 9 0
0 0 0 9000.00 2.59 20 4 0 9 0
0 0 0 9000.00 2.59 20 4 0 9 0
0 0 0 9000.00 2.59 20 4 0 9 0
0 0 0 9300.00 2.59 20 4 0 9 0
0 0 0 9000.00 2.59 20 4 0 9 0
0 0 0 9400.00 2.59 20 4 0 9 0
0 0 0 9000.00 2.59 20 4 0 9 0
0 0 0 15000.00 2.90 40 4 0 9 0
0 0 0 4000.00 2.90 40 4 0 9 0
0 0 0 9000.00 2.59 20 4 0 9 0
0 0 0 9000.00 2.59 20 4 0 9 0
0 0 0 9000.00 2.59 20 4 0 9 0
0 0 0 9300.00 2.59 20 4 0 9 0
0 0 0 9000.00 2.59 20 4 0 9 0
0 0 0 9000.00 2.59 20 4 0 9 0
0 0 0 9000.00 2.59 20 4 0 9 0
0 0 0 9500.00 2.59 20 4 0 9 0
0 0 0 9000.00 2.59 20 4 0 9 0
0 0 0 15000.00 2.90 40 4 0 9 0
0 0 0 9000.00 2.59 20 4 0 9 0
#CONTAINERS_LOADED 
#STACKS
254000.000000 16.650000 9
268000.000000 19.240000 9
254000.000000 16.650000 9
#CELLS
1 0 0 0 0 0 0
1 0 1 1 1 1 9
1 1 1 1 1 1 9
1 1 1 1 1 1 9
1 1 1 1 1 1 9
1 0 0 1 1 1 9
1 0 0 1 1 1 9
2 0 1 1 1 1 9
2 0 1 1 1 1 9
2 1 1 1 1 1 9
2 1 1 1 1 1 9
2 1 1 1 1 1 9
2 0 0 1 1 1 9
2 0 0 1 1 1 9
3 0 0 0 0 0 0
3 0 1 1 1 1 9
3 1 1 1 1 1 9
3 1 1 1 1 1 9
3 1 1 1 1 1 9
3 0 0 1 1 1 9
3 0 0 1 1 1 9
#SOLUTION-AFT
 12  21  10 
 28  32  22 
 8  11  3 
 2  15  16 
 5  6  1 
 29  17  4 
 0  19  0 
#SOLUTION-FWD
 12  21  10 
 31  32  22 
 18  13  27 
 20  23  9 
 33  14  24 
 25  26  7 
 0  30  0 
#INFO
cap20: 28  cap40: 5  reefer: 0  HC: 5  capacity: 100.000000 TEU: 38