1 2 0 4 32 1 8
#POD
6 
#LOCATIONS
7 
#CONTAINERS_TOLOAD
0 0 0 22068.00 2.90 40 6 0 7 0
0 0 0 22216.00 2.90 40 6 0 7 0
#CONTAINERS_LOADED 
#STACKS
54000.000000 3.090000 7
108000.000000 5.690000 7
108000.000000 5.690000 7
54000.000000 3.090000 7
#CELLS
1 0 0 0 0 0 0
1 0 0 0 0 0 0
1 0 0 0 0 0 0
1 0 0 0 0 0 0
1 0 0 0 0 0 0
1 0 0 0 0 0 0
1 0 0 0 0 0 0
1 0 0 1 1 1 7
2 0 0 0 0 0 0
2 0 0 0 0 0 0
2 0 0 0 0 0 0
2 0 0 0 0 0 0
2 0 0 0 0 0 0
2 0 0 0 0 0 0
2 0 0 1 1 1 7
2 0 0 1 1 1 7
3 0 0 0 0 0 0
3 0 0 0 0 0 0
3 0 0 0 0 0 0
3 0 0 0 0 0 0
3 0 0 0 0 0 0
3 0 0 0 0 0 0
3 0 0 1 1 1 7
3 0 0 1 1 1 7
4 0 0 0 0 0 0
4 0 0 0 0 0 0
4 0 0 0 0 0 0
4 0 0 0 0 0 0
4 0 0 0 0 0 0
4 0 0 0 0 0 0
4 0 0 0 0 0 0
4 0 0 1 1 1 7
#SOLUTION-AFT
 0  0  0  1 
 0  0  2  0 
 0  0  0  0 
 0  0  0  0 
 0  0  0  0 
 0  0  0  0 
 0  0  0  0 
 0  0  0  0 
#SOLUTION-FWD
 0  0  0  1 
 0  0  2  0 
 0  0  0  0 
 0  0  0  0 
 0  0  0  0 
 0  0  0  0 
 0  0  0  0 
 0  0  0  0 
#INFO
cap20: 0  cap40: 2  reefer: 0  HC: 2  capacity: 33.333333 TEU: 12