3 68 0 8 72 1 9
#POD
2 11 12 
#LOCATIONS
39 
#CONTAINERS_TOLOAD
0 0 0 9533.00 2.59 40 2 0 39 0
0 0 0 10060.00 2.59 40 2 0 39 0
0 0 0 22500.00 2.59 20 11 0 39 0
0 0 0 19872.00 2.59 20 11 0 39 0
0 0 0 16200.00 2.59 20 11 0 39 0
0 0 0 9560.00 2.59 40 2 0 39 0
0 0 0 27180.00 2.59 20 12 0 39 0
0 0 0 11000.00 2.59 40 2 0 39 0
0 0 0 24320.00 2.59 20 11 0 39 0
0 0 0 24260.00 2.59 20 11 0 39 0
0 0 0 11600.00 2.59 40 2 0 39 0
0 0 0 27200.00 2.59 20 12 0 39 0
0 0 0 27440.00 2.59 20 12 0 39 0
0 0 0 12800.00 2.59 40 2 0 39 0
0 0 0 12100.00 2.59 40 2 0 39 0
0 0 0 12000.00 2.59 40 2 0 39 0
0 0 0 21280.00 2.59 20 11 0 39 0
0 0 0 19840.00 2.59 20 11 0 39 0
0 0 0 12260.00 2.59 40 2 0 39 0
0 0 0 24260.00 2.59 20 11 0 39 0
0 0 0 11600.00 2.59 40 2 0 39 0
0 0 0 24080.00 2.59 20 11 0 39 0
0 0 0 24055.00 2.59 20 11 0 39 0
0 0 0 23880.00 2.90 40 11 0 39 0
0 0 0 24800.00 2.59 20 11 0 39 0
0 0 0 24000.00 2.59 40 11 0 39 0
0 0 0 4500.00 2.90 40 2 0 39 0
0 0 0 11540.00 2.59 40 2 0 39 0
0 0 0 27770.00 2.59 20 12 0 39 0
0 0 0 27300.00 2.59 20 12 0 39 0
0 0 0 9000.00 2.59 40 2 0 39 0
0 0 0 2000.00 2.59 20 2 0 39 0
0 0 0 13200.00 2.59 40 2 0 39 0
0 0 0 10000.00 2.59 40 2 0 39 0
0 0 0 10300.00 2.59 40 2 0 39 0
0 0 0 23833.00 2.59 20 11 0 39 0
0 0 0 11600.00 2.59 40 2 0 39 0
0 0 0 16380.00 2.59 20 11 0 39 0
0 0 0 9400.00 2.59 40 2 0 39 0
0 0 0 23880.00 2.90 40 11 0 39 0
0 0 0 4500.00 2.90 40 2 0 39 0
0 0 0 9000.00 2.59 40 2 0 39 0
0 0 0 11500.00 2.59 40 2 0 39 0
0 0 0 28940.00 2.59 20 12 0 39 0
0 0 0 24200.00 2.59 20 11 0 39 0
0 0 0 19872.00 2.59 20 11 0 39 0
0 0 0 28550.00 2.59 20 12 0 39 0
0 0 0 19998.00 2.59 20 11 0 39 0
0 0 0 21280.00 2.59 20 11 0 39 0
0 0 0 19872.00 2.59 20 11 0 39 0
0 0 0 4500.00 2.90 40 2 0 39 0
0 0 0 11113.00 2.59 40 2 0 39 0
0 0 0 27445.00 2.59 20 12 0 39 0
0 0 0 9692.00 2.59 40 2 0 39 0
0 0 0 4500.00 2.90 40 2 0 39 0
0 0 0 27170.00 2.59 20 12 0 39 0
0 0 0 4500.00 2.90 40 2 0 39 0
0 0 0 20280.00 2.59 20 11 0 39 0
0 0 0 28100.00 2.59 20 12 0 39 0
0 0 0 4500.00 2.90 40 2 0 39 0
0 0 0 22100.00 2.59 40 2 0 39 0
0 0 0 19900.00 2.59 40 2 0 39 0
0 0 0 19900.00 2.59 40 2 0 39 0
0 0 0 19900.00 2.59 40 2 0 39 0
0 0 0 19900.00 2.59 40 2 0 39 0
0 0 0 22100.00 2.59 40 2 0 39 0
0 0 0 19900.00 2.59 40 2 0 39 0
0 0 0 19900.00 2.59 40 2 0 39 0
#CONTAINERS_LOADED 
#STACKS
384000.000000 18.690000 39
384000.000000 21.280000 39
384000.000000 21.280000 39
384000.000000 21.280000 39
384000.000000 21.280000 39
384000.000000 21.280000 39
384000.000000 21.280000 39
384000.000000 18.690000 39
#CELLS
1 0 0 0 0 0 0
1 0 0 1 1 1 39
1 0 0 1 1 1 39
1 0 0 1 1 1 39
1 0 0 1 1 1 39
1 0 0 1 1 1 39
1 0 0 1 1 1 39
1 0 0 1 1 1 39
1 0 0 0 0 0 0
2 0 0 1 1 1 39
2 0 0 1 1 1 39
2 0 0 1 1 1 39
2 0 0 1 1 1 39
2 0 0 1 1 1 39
2 0 0 1 1 1 39
2 0 0 1 1 1 39
2 0 0 1 1 1 39
2 0 0 0 0 0 0
3 0 0 1 1 1 39
3 0 0 1 1 1 39
3 0 0 1 1 1 39
3 0 0 1 1 1 39
3 0 0 1 1 1 39
3 0 0 1 1 1 39
3 0 0 1 1 1 39
3 0 0 1 1 1 39
3 0 0 0 0 0 0
4 0 0 1 1 1 39
4 0 0 1 1 1 39
4 0 0 1 1 1 39
4 0 0 1 1 1 39
4 0 0 1 1 1 39
4 0 0 1 1 1 39
4 0 0 1 1 1 39
4 0 0 1 1 1 39
4 0 0 0 0 0 0
5 0 0 1 1 1 39
5 0 0 1 1 1 39
5 0 0 1 1 1 39
5 0 0 1 1 1 39
5 0 0 1 1 1 39
5 0 0 1 1 1 39
5 0 0 1 1 1 39
5 0 0 1 1 1 39
5 0 0 0 0 0 0
6 0 0 1 1 1 39
6 0 0 1 1 1 39
6 0 0 1 1 1 39
6 0 0 1 1 1 39
6 0 0 1 1 1 39
6 0 0 1 1 1 39
6 0 0 1 1 1 39
6 0 0 1 1 1 39
6 0 0 0 0 0 0
7 0 0 1 1 1 39
7 0 0 1 1 1 39
7 0 0 1 1 1 39
7 0 0 1 1 1 39
7 0 0 1 1 1 39
7 0 0 1 1 1 39
7 0 0 1 1 1 39
7 0 0 1 1 1 39
7 0 0 0 0 0 0
8 0 0 0 0 0 0
8 0 0 1 1 1 39
8 0 0 1 1 1 39
8 0 0 1 1 1 39
8 0 0 1 1 1 39
8 0 0 1 1 1 39
8 0 0 1 1 1 39
8 0 0 1 1 1 39
8 0 0 0 0 0 0
#SOLUTION-AFT
 0  0  0  0  0  0  0  0 
 0  0  0  0  0  0  0  0 
 61  62  63  64  65  66  67  68 
 56  31  51  52  41  60  24  5 
 12  42  27  43  16  57  3  50 
 13  39  55  28  15  35  23  46 
 29  1  34  11  19  8  45  58 
 47  6  2  21  14  40  10  17 
 0  54  0  37  33  26  25  0 
#SOLUTION-FWD
 0  0  0  0  0  0  0  0 
 0  0  0  0  0  0  0  0 
 61  62  63  64  65  66  67  68 
 7  31  51  52  41  60  24  38 
 30  42  27  43  16  57  0  18 
 53  39  55  28  15  35  36  4 
 59  1  34  11  19  8  22  48 
 44  6  2  21  14  40  20  49 
 0  54  32  37  33  26  9  0 
#INFO
cap20: 30  cap40: 38  reefer: 0  HC: 8  capacity: 85.483871 TEU: 124