1 79 0 10 90 1 9
#POD
7 
#LOCATIONS
23 
#CONTAINERS_TOLOAD
0 0 0 2200.00 2.59 20 7 0 23 0
0 0 0 2200.00 2.59 20 7 0 23 0
0 0 0 2200.00 2.59 20 7 0 23 0
0 0 0 2200.00 2.59 20 7 0 23 0
0 0 0 2200.00 2.59 20 7 0 23 0
0 0 0 2200.00 2.59 20 7 0 23 0
0 0 0 2200.00 2.59 20 7 0 23 0
0 0 0 2200.00 2.59 20 7 0 23 0
0 0 0 2200.00 2.59 20 7 0 23 0
0 0 0 2200.00 2.59 20 7 0 23 0
0 0 0 2200.00 2.59 20 7 0 23 0
0 0 0 2200.00 2.59 20 7 0 23 0
0 0 0 2200.00 2.59 20 7 0 23 0
0 0 0 2200.00 2.59 20 7 0 23 0
0 0 0 2200.00 2.59 20 7 0 23 0
0 0 0 2200.00 2.59 20 7 0 23 0
0 0 0 2200.00 2.59 20 7 0 23 0
0 0 0 2200.00 2.59 20 7 0 23 0
0 0 0 2200.00 2.59 20 7 0 23 0
0 0 0 2200.00 2.59 20 7 0 23 0
0 0 0 2200.00 2.59 20 7 0 23 0
0 0 0 2200.00 2.59 20 7 0 23 0
0 0 0 2200.00 2.59 20 7 0 23 0
0 0 0 2200.00 2.59 20 7 0 23 0
0 0 0 2200.00 2.59 20 7 0 23 0
0 0 0 2200.00 2.59 20 7 0 23 0
0 0 0 2200.00 2.59 20 7 0 23 0
0 0 0 2200.00 2.59 20 7 0 23 0
0 0 0 2200.00 2.59 20 7 0 23 0
0 0 0 2200.00 2.59 20 7 0 23 0
0 0 0 2200.00 2.59 20 7 0 23 0
0 0 0 2200.00 2.59 20 7 0 23 0
0 0 0 2200.00 2.59 20 7 0 23 0
0 0 0 2200.00 2.59 20 7 0 23 0
0 0 0 2200.00 2.59 20 7 0 23 0
0 0 0 3700.00 2.59 40 7 0 23 0
0 0 0 2200.00 2.59 20 7 0 23 0
0 0 0 3700.00 2.59 40 7 0 23 0
0 0 0 2200.00 2.59 20 7 0 23 0
0 0 0 3700.00 2.59 40 7 0 23 0
0 0 0 3700.00 2.59 40 7 0 23 0
0 0 0 3700.00 2.59 40 7 0 23 0
0 0 0 3700.00 2.59 40 7 0 23 0
0 0 0 3700.00 2.59 40 7 0 23 0
0 0 0 2200.00 2.59 20 7 0 23 0
0 0 0 3700.00 2.59 40 7 0 23 0
0 0 0 3700.00 2.59 40 7 0 23 0
0 0 0 3700.00 2.59 40 7 0 23 0
0 0 0 3700.00 2.59 40 7 0 23 0
0 0 0 3700.00 2.59 40 7 0 23 0
0 0 0 2200.00 2.59 20 7 0 23 0
0 0 0 2200.00 2.59 20 7 0 23 0
0 0 0 3700.00 2.59 40 7 0 23 0
0 0 0 2200.00 2.59 20 7 0 23 0
0 0 0 3700.00 2.59 40 7 0 23 0
0 0 0 3700.00 2.59 40 7 0 23 0
0 0 0 2200.00 2.59 20 7 0 23 0
0 0 0 3700.00 2.59 40 7 0 23 0
0 0 0 3700.00 2.59 40 7 0 23 0
0 0 0 3700.00 2.59 40 7 0 23 0
0 0 0 3700.00 2.59 40 7 0 23 0
0 0 0 2200.00 2.59 20 7 0 23 0
0 0 0 2200.00 2.59 20 7 0 23 0
0 0 0 2200.00 2.59 20 7 0 23 0
0 0 0 3700.00 2.59 40 7 0 23 0
0 0 0 2200.00 2.59 20 7 0 23 0
0 0 0 3700.00 2.59 40 7 0 23 0
0 0 0 2200.00 2.59 20 7 0 23 0
0 0 0 3700.00 2.59 40 7 0 23 0
0 0 0 2200.00 2.59 20 7 0 23 0
0 0 0 2200.00 2.59 20 7 0 23 0
0 0 0 3700.00 2.59 40 7 0 23 0
0 0 0 2200.00 2.59 20 7 0 23 0
0 0 0 3700.00 2.59 40 7 0 23 0
0 0 0 3700.00 2.59 40 7 0 23 0
0 0 0 3700.00 2.59 40 7 0 23 0
0 0 0 3700.00 2.59 40 7 0 23 0
0 0 0 3700.00 2.59 40 7 0 23 0
0 0 0 3700.00 2.59 40 7 0 23 0
#CONTAINERS_LOADED 
#STACKS
216000.000000 8.760000 23
270000.000000 11.700000 23
270000.000000 17.520000 23
270000.000000 20.450000 23
270000.000000 20.450000 23
270000.000000 20.450000 23
270000.000000 20.450000 23
270000.000000 17.520000 23
270000.000000 11.700000 23
216000.000000 8.760000 23
#CELLS
1 0 0 0 0 0 0
1 0 0 0 0 0 0
1 0 0 0 0 0 0
1 0 0 0 0 0 0
1 0 0 0 0 0 0
1 0 0 1 1 1 23
1 0 0 1 1 1 23
1 0 0 1 1 1 23
1 0 0 0 0 0 0
2 0 0 0 0 0 0
2 0 0 0 0 0 0
2 0 0 0 0 0 0
2 0 0 0 0 0 0
2 0 0 1 1 1 23
2 0 0 1 1 1 23
2 0 0 1 1 1 23
2 0 0 1 1 1 23
2 0 0 0 0 0 0
3 0 0 0 0 0 0
3 0 0 0 0 0 0
3 0 0 1 1 1 23
3 0 0 1 1 1 23
3 0 0 1 1 1 23
3 0 0 1 1 1 23
3 0 0 1 1 1 23
3 0 0 1 1 1 23
3 0 0 0 0 0 0
4 0 0 0 0 0 0
4 0 0 1 1 1 23
4 0 0 1 1 1 23
4 0 0 1 1 1 23
4 0 0 1 1 1 23
4 0 0 1 1 1 23
4 0 0 1 1 1 23
4 0 0 1 1 1 23
4 0 0 0 0 0 0
5 0 0 0 0 0 0
5 0 0 1 1 1 23
5 0 0 1 1 1 23
5 0 0 1 1 1 23
5 0 0 1 1 1 23
5 0 0 1 1 1 23
5 0 0 1 1 1 23
5 0 0 1 1 1 23
5 0 0 0 0 0 0
6 0 0 0 0 0 0
6 0 0 1 1 1 23
6 0 0 1 1 1 23
6 0 0 1 1 1 23
6 0 0 1 1 1 23
6 0 0 1 1 1 23
6 0 0 1 1 1 23
6 0 0 1 1 1 23
6 0 0 0 0 0 0
7 0 0 0 0 0 0
7 0 0 1 1 1 23
7 0 0 1 1 1 23
7 0 0 1 1 1 23
7 0 0 1 1 1 23
7 0 0 1 1 1 23
7 0 0 1 1 1 23
7 0 0 1 1 1 23
7 0 0 0 0 0 0
8 0 0 0 0 0 0
8 0 0 0 0 0 0
8 0 0 1 1 1 23
8 0 0 1 1 1 23
8 0 0 1 1 1 23
8 0 0 1 1 1 23
8 0 0 1 1 1 23
8 0 0 1 1 1 23
8 0 0 0 0 0 0
9 0 0 0 0 0 0
9 0 0 0 0 0 0
9 0 0 0 0 0 0
9 0 0 0 0 0 0
9 0 0 1 1 1 23
9 0 0 1 1 1 23
9 0 0 1 1 1 23
9 0 0 1 1 1 23
9 0 0 0 0 0 0
10 0 0 0 0 0 0
10 0 0 0 0 0 0
10 0 0 0 0 0 0
10 0 0 0 0 0 0
10 0 0 0 0 0 0
10 0 0 1 1 1 23
10 0 0 1 1 1 23
10 0 0 1 1 1 23
10 0 0 0 0 0 0
#SOLUTION-AFT
 0  0  0  0  0  0  0  0  0  0 
 69  77  49  65  53  78  9  64  10  28 
 56  44  76  50  59  48  1  14  5  11 
 41  72  42  60  58  4  17  45  66  21 
 0  40  74  79  55  35  52  7  26  0 
 0  0  75  67  43  24  22  34  0  0 
 0  0  47  61  46  54  18  68  0  0 
 0  0  0  38  36  63  2  0  0  0 
 0  0  0  0  0  0  0  0  0  0 
#SOLUTION-FWD
 0  0  0  0  0  0  0  0  0  0 
 69  77  49  65  53  78  57  6  12  51 
 56  44  76  50  59  48  25  71  23  30 
 41  72  42  60  58  32  73  27  20  70 
 0  40  74  79  55  31  62  33  15  0 
 0  0  75  67  43  13  16  39  0  0 
 0  0  47  61  46  19  29  37  0  0 
 0  0  0  38  36  3  8  0  0  0 
 0  0  0  0  0  0  0  0  0  0 
#INFO
cap20: 50  cap40: 29  reefer: 0  HC: 0  capacity: 100.000000 TEU: 108