1 78 0 10 90 1 9
#POD
6 
#LOCATIONS
45 
#CONTAINERS_TOLOAD
0 0 0 4000.00 2.90 40 6 0 45 0
0 0 0 4000.00 2.90 40 6 0 45 0
0 0 0 4000.00 2.90 40 6 0 45 0
0 0 0 4000.00 2.90 40 6 0 45 0
0 0 0 4000.00 2.90 40 6 0 45 0
0 0 0 4000.00 2.90 40 6 0 45 0
0 0 0 4000.00 2.90 40 6 0 45 0
0 0 0 26320.00 2.59 40 6 0 45 0
0 0 0 4000.00 2.90 40 6 0 45 0
0 0 0 4000.00 2.90 40 6 0 45 0
0 0 0 4000.00 2.90 40 6 0 45 0
0 0 0 4000.00 2.90 40 6 0 45 0
0 0 0 4000.00 2.90 40 6 0 45 0
0 0 0 4000.00 2.90 40 6 0 45 0
0 0 0 4000.00 2.90 40 6 0 45 0
0 0 0 4000.00 2.90 40 6 0 45 0
0 0 0 4000.00 2.90 40 6 0 45 0
0 0 0 4000.00 2.90 40 6 0 45 0
0 0 0 4000.00 2.90 40 6 0 45 0
0 0 0 27000.00 2.59 40 6 0 45 0
0 0 0 4000.00 2.90 40 6 0 45 0
0 0 0 4000.00 2.90 40 6 0 45 0
0 0 0 4000.00 2.90 40 6 0 45 0
0 0 0 4000.00 2.90 40 6 0 45 0
0 0 0 4000.00 2.90 40 6 0 45 0
0 0 0 4000.00 2.90 40 6 0 45 0
0 0 0 4000.00 2.90 40 6 0 45 0
0 0 0 4000.00 2.90 40 6 0 45 0
0 0 0 4000.00 2.90 40 6 0 45 0
0 0 0 4000.00 2.90 40 6 0 45 0
0 0 0 4000.00 2.90 40 6 0 45 0
0 0 0 4000.00 2.90 40 6 0 45 0
0 0 0 4000.00 2.90 40 6 0 45 0
0 0 0 4000.00 2.90 40 6 0 45 0
0 0 0 4000.00 2.90 40 6 0 45 0
0 0 0 4000.00 2.90 40 6 0 45 0
0 0 0 4000.00 2.90 40 6 0 45 0
0 0 0 4000.00 2.90 40 6 0 45 0
0 0 0 4000.00 2.90 40 6 0 45 0
0 0 0 4000.00 2.90 40 6 0 45 0
0 0 0 4000.00 2.90 40 6 0 45 0
0 0 0 4000.00 2.90 40 6 0 45 0
0 0 0 4000.00 2.90 40 6 0 45 0
0 0 0 26320.00 2.59 40 6 0 45 0
0 0 0 4000.00 2.90 40 6 0 45 0
0 0 0 4000.00 2.90 40 6 0 45 0
0 0 0 4000.00 2.90 40 6 0 45 0
0 0 0 4000.00 2.90 40 6 0 45 0
0 0 0 4000.00 2.90 40 6 0 45 0
0 0 0 4000.00 2.90 40 6 0 45 0
0 0 0 4000.00 2.90 40 6 0 45 0
0 0 0 4000.00 2.90 40 6 0 45 0
0 0 0 4000.00 2.90 40 6 0 45 0
0 0 0 4000.00 2.90 40 6 0 45 0
0 0 0 4000.00 2.90 40 6 0 45 0
0 0 0 4000.00 2.90 40 6 0 45 0
0 0 0 4000.00 2.90 40 6 0 45 0
0 0 0 4000.00 2.90 40 6 0 45 0
0 0 0 4000.00 2.90 40 6 0 45 0
0 0 0 4000.00 2.90 40 6 0 45 0
0 0 0 4000.00 2.90 40 6 0 45 0
0 0 0 4000.00 2.90 40 6 0 45 0
0 0 0 4000.00 2.90 40 6 0 45 0
0 0 0 14700.00 2.59 40 6 0 45 0
0 0 0 4000.00 2.90 40 6 0 45 0
0 0 0 4000.00 2.90 40 6 0 45 0
0 0 0 4000.00 2.90 40 6 0 45 0
0 0 0 4000.00 2.90 40 6 0 45 0
0 0 0 4000.00 2.90 40 6 0 45 0
0 0 0 4000.00 2.90 40 6 0 45 0
0 0 0 4000.00 2.90 40 6 0 45 0
0 0 0 4000.00 2.90 40 6 0 45 0
0 0 0 4000.00 2.90 40 6 0 45 0
0 0 0 4000.00 2.90 40 6 0 45 0
0 0 0 4000.00 2.90 40 6 0 45 0
0 0 0 4000.00 2.90 40 6 0 45 0
0 0 0 4000.00 2.90 40 6 0 45 0
0 0 0 4000.00 2.90 40 6 0 45 0
#CONTAINERS_LOADED 
#STACKS
460000.000000 21.280000 45
460000.000000 23.870000 45
460000.000000 23.870000 45
460000.000000 23.870000 45
460000.000000 23.870000 45
460000.000000 23.870000 45
460000.000000 23.870000 45
460000.000000 23.870000 45
460000.000000 23.870000 45
460000.000000 21.280000 45
#CELLS
1 0 0 0 0 0 0
1 0 0 1 1 1 45
1 0 0 1 1 1 45
1 0 0 1 1 1 45
1 0 0 1 1 1 45
1 0 0 0 0 1 45
1 0 0 0 0 1 45
1 0 0 0 0 1 45
1 0 0 0 0 1 45
2 0 0 1 1 1 45
2 0 0 1 1 1 45
2 0 0 1 1 1 45
2 0 0 1 1 1 45
2 0 0 1 1 1 45
2 0 0 0 0 1 45
2 0 0 0 0 1 45
2 0 0 0 0 1 45
2 0 0 0 0 1 45
3 0 0 1 1 1 45
3 0 0 1 1 1 45
3 0 0 1 1 1 45
3 0 0 1 1 1 45
3 0 0 1 1 1 45
3 0 0 0 0 1 45
3 0 0 0 0 1 45
3 0 0 0 0 1 45
3 0 0 0 0 1 45
4 0 0 1 1 1 45
4 0 0 1 1 1 45
4 0 0 1 1 1 45
4 0 0 1 1 1 45
4 0 0 1 1 1 45
4 0 0 0 0 1 45
4 0 0 0 0 1 45
4 0 0 0 0 1 45
4 0 0 0 0 1 45
5 0 0 1 1 1 45
5 0 0 1 1 1 45
5 0 0 1 1 1 45
5 0 0 1 1 1 45
5 0 0 1 1 1 45
5 0 0 0 0 1 45
5 0 0 0 0 1 45
5 0 0 0 0 1 45
5 0 0 0 0 1 45
6 0 0 1 1 1 45
6 0 0 1 1 1 45
6 0 0 1 1 1 45
6 0 0 1 1 1 45
6 0 0 1 1 1 45
6 0 0 0 0 1 45
6 0 0 0 0 1 45
6 0 0 0 0 1 45
6 0 0 0 0 1 45
7 0 0 1 1 1 45
7 0 0 1 1 1 45
7 0 0 1 1 1 45
7 0 0 1 1 1 45
7 0 0 1 1 1 45
7 0 0 0 0 1 45
7 0 0 0 0 1 45
7 0 0 0 0 1 45
7 0 0 0 0 1 45
8 0 0 1 1 1 45
8 0 0 1 1 1 45
8 0 0 1 1 1 45
8 0 0 1 1 1 45
8 0 0 1 1 1 45
8 0 0 0 0 1 45
8 0 0 0 0 1 45
8 0 0 0 0 1 45
8 0 0 0 0 1 45
9 0 0 1 1 1 45
9 0 0 1 1 1 45
9 0 0 1 1 1 45
9 0 0 1 1 1 45
9 0 0 1 1 1 45
9 0 0 0 0 1 45
9 0 0 0 0 1 45
9 0 0 0 0 1 45
9 0 0 0 0 1 45
10 0 0 0 0 0 0
10 0 0 1 1 1 45
10 0 0 1 1 1 45
10 0 0 1 1 1 45
10 0 0 1 1 1 45
10 0 0 0 0 1 45
10 0 0 0 0 1 45
10 0 0 0 0 1 45
10 0 0 0 0 1 45
#SOLUTION-AFT
 0  0  0  0  0  0  0  0  0  0 
 57  24  78  19  22  75  4  29  49  28 
 36  33  34  62  18  40  5  65  70  60 
 46  53  48  52  13  66  9  67  58  42 
 47  37  63  56  6  77  10  50  74  32 
 73  31  41  17  23  38  11  69  27  61 
 71  45  72  14  15  59  7  43  68  55 
 64  35  44  16  12  39  21  54  76  30 
 0  8  20  3  1  25  2  26  51  0 
#SOLUTION-FWD
 0  0  0  0  0  0  0  0  0  0 
 57  24  78  19  22  75  4  29  49  28 
 36  33  34  62  18  40  5  65  70  60 
 46  53  48  52  13  66  9  67  58  42 
 47  37  63  56  6  77  10  50  74  32 
 73  31  41  17  23  38  11  69  27  61 
 71  45  72  14  15  59  7  43  68  55 
 64  35  44  16  12  39  21  54  76  30 
 0  8  20  3  1  25  2  26  51  0 
#INFO
cap20: 0  cap40: 78  reefer: 0  HC: 74  capacity: 88.636364 TEU: 176