1 21 0 3 24 1 8
#POD
5 
#LOCATIONS
50 
#CONTAINERS_TOLOAD
0 0 0 12900.00 2.90 40 5 0 50 0
0 0 0 12890.00 2.90 40 5 0 50 0
0 0 0 12880.00 2.90 40 5 0 50 0
0 0 0 12900.00 2.90 40 5 0 50 0
0 0 0 12880.00 2.90 40 5 0 50 0
0 0 0 12880.00 2.90 40 5 0 50 0
0 0 0 12880.00 2.90 40 5 0 50 0
0 0 0 12890.00 2.90 40 5 0 50 0
0 0 0 12910.00 2.90 40 5 0 50 0
0 0 0 12880.00 2.90 40 5 0 50 0
0 0 0 12880.00 2.90 40 5 0 50 0
0 0 0 12880.00 2.90 40 5 0 50 0
0 0 0 12880.00 2.90 40 5 0 50 0
0 0 0 12880.00 2.90 40 5 0 50 0
0 0 0 12900.00 2.90 40 5 0 50 0
0 0 0 12880.00 2.90 40 5 0 50 0
0 0 0 12900.00 2.90 40 5 0 50 0
0 0 0 12900.00 2.90 40 5 0 50 0
0 0 0 12880.00 2.90 40 5 0 50 0
0 0 0 12880.00 2.90 40 5 0 50 0
0 0 0 12880.00 2.90 40 5 0 50 0
#CONTAINERS_LOADED 
#STACKS
340000.000000 21.280000 50
340000.000000 21.280000 50
340000.000000 21.280000 50
#CELLS
1 0 0 1 1 1 50
1 0 0 1 1 1 50
1 0 1 1 1 1 50
1 0 1 1 1 1 50
1 0 1 1 1 1 50
1 0 1 1 1 1 50
1 0 0 1 1 1 50
1 0 0 0 0 1 50
2 0 0 1 1 1 50
2 0 0 1 1 1 50
2 0 0 1 1 1 50
2 0 0 1 1 1 50
2 0 0 1 1 1 50
2 0 0 1 1 1 50
2 0 0 1 1 1 50
2 0 0 0 0 1 50
3 0 0 1 1 1 50
3 0 0 1 1 1 50
3 0 1 1 1 1 50
3 0 1 1 1 1 50
3 0 1 1 1 1 50
3 0 1 1 1 1 50
3 0 0 1 1 1 50
3 0 0 0 0 1 50
#SOLUTION-AFT
 0  0  0 
 14  2  3 
 7  15  12 
 5  4  11 
 6  18  21 
 19  17  16 
 20  1  13 
 10  9  8 
#SOLUTION-FWD
 0  0  0 
 14  2  3 
 7  15  12 
 5  4  11 
 6  18  21 
 19  17  16 
 20  1  13 
 10  9  8 
#INFO
cap20: 0  cap40: 21  reefer: 0  HC: 21  capacity: 87.500000 TEU: 48