1 65 0 10 90 1 9
#POD
6 
#LOCATIONS
83 
#CONTAINERS_TOLOAD
0 0 0 26300.00 2.59 40 6 0 83 0
0 0 0 26240.00 2.59 40 6 0 83 0
0 0 0 19004.00 2.90 40 6 1 83 0
0 0 0 13670.00 2.59 20 6 0 83 0
0 0 0 29768.00 2.90 40 6 1 83 0
0 0 0 26240.00 2.59 40 6 0 83 0
0 0 0 8135.00 2.59 20 6 0 83 0
0 0 0 20846.00 2.90 40 6 1 83 0
0 0 0 26240.00 2.59 40 6 0 83 0
0 0 0 16133.00 2.59 20 6 0 83 0
0 0 0 26240.00 2.59 40 6 0 83 0
0 0 0 29750.00 2.90 40 6 1 83 0
0 0 0 29940.00 2.59 40 6 0 83 0
0 0 0 19633.00 2.90 40 6 1 83 0
0 0 0 9230.00 2.59 20 6 0 83 0
0 0 0 30000.00 2.59 40 6 0 83 0
0 0 0 29940.00 2.59 40 6 0 83 0
0 0 0 29940.00 2.59 40 6 0 83 0
0 0 0 29670.00 2.90 40 6 1 83 0
0 0 0 26240.00 2.59 40 6 0 83 0
0 0 0 21650.00 2.90 40 6 1 83 0
0 0 0 29940.00 2.59 40 6 0 83 0
0 0 0 20916.00 2.90 40 6 1 83 0
0 0 0 29670.00 2.90 40 6 1 83 0
0 0 0 26240.00 2.59 40 6 0 83 0
0 0 0 20572.00 2.59 40 6 0 83 0
0 0 0 29670.00 2.90 40 6 1 83 0
0 0 0 26240.00 2.59 40 6 0 83 0
0 0 0 29800.00 2.90 40 6 1 83 0
0 0 0 26240.00 2.59 40 6 0 83 0
0 0 0 20147.00 2.90 40 6 1 83 0
0 0 0 26240.00 2.59 40 6 0 83 0
0 0 0 26240.00 2.59 40 6 0 83 0
0 0 0 21935.00 2.59 40 6 0 83 0
0 0 0 12990.00 2.59 20 6 1 83 0
0 0 0 26400.00 2.59 40 6 0 83 0
0 0 0 22300.00 2.59 20 6 1 83 0
0 0 0 28430.00 2.59 40 6 0 83 0
0 0 0 26240.00 2.59 40 6 0 83 0
0 0 0 26240.00 2.59 40 6 0 83 0
0 0 0 29940.00 2.59 40 6 0 83 0
0 0 0 29940.00 2.59 40 6 0 83 0
0 0 0 26240.00 2.59 40 6 0 83 0
0 0 0 26240.00 2.59 40 6 0 83 0
0 0 0 29450.00 2.59 40 6 0 83 0
0 0 0 8819.00 2.59 20 6 0 83 0
0 0 0 21696.00 2.90 40 6 1 83 0
0 0 0 26240.00 2.59 40 6 0 83 0
0 0 0 14990.00 2.59 20 6 1 83 0
0 0 0 29956.00 2.90 40 6 1 83 0
0 0 0 14702.00 2.59 20 6 1 83 0
0 0 0 26240.00 2.59 40 6 0 83 0
0 0 0 21446.00 2.90 40 6 1 83 0
0 0 0 29600.00 2.59 40 6 0 83 0
0 0 0 19570.00 2.59 40 6 0 83 0
0 0 0 29940.00 2.59 40 6 0 83 0
0 0 0 21814.00 2.90 40 6 1 83 0
0 0 0 26400.00 2.59 40 6 0 83 0
0 0 0 29940.00 2.59 40 6 0 83 0
0 0 0 29981.00 2.90 40 6 1 83 0
0 0 0 26240.00 2.59 40 6 0 83 0
0 0 0 12430.00 2.59 20 6 0 83 0
0 0 0 29940.00 2.59 40 6 0 83 0
0 0 0 26240.00 2.59 40 6 0 83 0
0 0 0 21043.00 2.59 40 6 0 83 0
#CONTAINERS_LOADED 
#STACKS
184000.000000 15.550000 83
184000.000000 15.550000 83
184000.000000 18.140000 83
184000.000000 18.140000 83
184000.000000 18.140000 83
184000.000000 18.140000 83
184000.000000 18.140000 83
184000.000000 18.140000 83
184000.000000 15.550000 83
184000.000000 15.550000 83
#CELLS
1 0 0 0 0 0 0
1 0 0 0 0 0 0
1 0 0 0 0 0 0
1 0 1 1 1 1 83
1 0 1 1 1 1 83
1 0 0 1 1 1 83
1 0 0 1 1 1 83
1 0 0 1 1 1 83
1 0 0 1 1 1 83
2 0 0 0 0 0 0
2 0 0 0 0 0 0
2 0 0 0 0 0 0
2 0 1 1 1 1 83
2 0 1 1 1 1 83
2 0 1 1 1 1 83
2 0 0 1 1 1 83
2 0 0 1 1 1 83
2 0 0 1 1 1 83
3 0 0 0 0 0 0
3 0 0 0 0 0 0
3 0 1 1 1 1 83
3 0 1 1 1 1 83
3 0 1 1 1 1 83
3 1 0 1 1 1 83
3 0 0 1 1 1 83
3 0 0 1 1 1 83
3 0 0 0 0 1 83
4 0 0 0 0 0 0
4 0 0 0 0 0 0
4 0 1 1 1 1 83
4 0 1 1 1 1 83
4 0 1 1 1 1 83
4 1 0 1 1 1 83
4 0 0 1 1 1 83
4 0 0 1 1 1 83
4 0 0 0 0 1 83
5 0 0 0 0 0 0
5 0 0 0 0 0 0
5 0 1 1 1 1 83
5 0 1 1 1 1 83
5 0 1 1 1 1 83
5 1 0 1 1 1 83
5 0 0 1 1 1 83
5 0 0 1 1 1 83
5 0 0 0 0 1 83
6 0 0 0 0 0 0
6 0 0 0 0 0 0
6 0 1 1 1 1 83
6 0 1 1 1 1 83
6 0 1 1 1 1 83
6 1 0 1 1 1 83
6 0 0 1 1 1 83
6 0 0 1 1 1 83
6 0 0 0 0 1 83
7 0 0 0 0 0 0
7 0 0 0 0 0 0
7 0 1 1 1 1 83
7 0 1 1 1 1 83
7 0 1 1 1 1 83
7 1 0 1 1 1 83
7 0 0 1 1 1 83
7 0 0 1 1 1 83
7 0 0 0 0 1 83
8 0 0 0 0 0 0
8 0 0 0 0 0 0
8 0 1 1 1 1 83
8 0 1 1 1 1 83
8 0 1 1 1 1 83
8 1 0 1 1 1 83
8 0 0 1 1 1 83
8 0 0 1 1 1 83
8 0 0 0 0 1 83
9 0 0 0 0 0 0
9 0 0 0 0 0 0
9 0 0 0 0 0 0
9 0 1 1 1 1 83
9 0 1 1 1 1 83
9 0 1 1 1 1 83
9 0 0 1 1 1 83
9 0 0 1 1 1 83
9 0 0 1 1 1 83
10 0 0 0 0 0 0
10 0 0 0 0 0 0
10 0 0 0 0 0 0
10 0 1 1 1 1 83
10 0 1 1 1 1 83
10 0 1 1 1 1 83
10 0 0 1 1 1 83
10 0 0 1 1 1 83
10 0 0 1 1 1 83
#SOLUTION-AFT
 11  64  0  0  0  0  0  1  0  33 
 28  52  48  41  63  65  42  58  30  32 
 25  39  61  18  16  34  56  36  44  7 
 6  43  40  22  26  57  59  38  24  35 
 20  2  12  13  3  8  14  45  19  51 
 9  37  5  50  47  31  21  54  27  49 
 0  0  29  60  23  55  53  17  0  0 
 0  0  0  0  0  0  0  0  0  0 
 0  0  0  0  0  0  0  0  0  0 
#SOLUTION-FWD
 11  64  0  0  0  0  0  1  0  33 
 28  52  48  41  63  65  42  58  30  32 
 25  39  61  18  16  34  56  36  44  46 
 6  43  40  22  26  57  59  38  24  15 
 20  2  12  13  3  8  14  45  19  62 
 9  10  5  50  47  31  21  54  27  4 
 0  0  29  60  23  55  53  17  0  0 
 0  0  0  0  0  0  0  0  0  0 
 0  0  0  0  0  0  0  0  0  0 
#INFO
cap20: 10  cap40: 55  reefer: 21  HC: 17  capacity: 90.909091 TEU: 132