1 99 0 8 64 1 8
#POD
4 
#LOCATIONS
23 
#CONTAINERS_TOLOAD
0 0 0 23034.00 2.59 20 4 0 23 0
0 0 0 15321.00 2.59 20 4 0 23 0
0 0 0 7940.00 2.59 40 4 0 23 0
0 0 0 23960.00 2.59 20 4 0 23 0
0 0 0 11965.00 2.59 40 4 0 23 0
0 0 0 23394.00 2.59 20 4 0 23 0
0 0 0 22777.00 2.59 20 4 0 23 0
0 0 0 16772.00 2.59 20 4 0 23 0
0 0 0 16772.00 2.59 20 4 0 23 0
0 0 0 22220.00 2.59 20 4 0 23 0
0 0 0 13490.00 2.59 20 4 0 23 0
0 0 0 23190.00 2.59 20 4 0 23 0
0 0 0 16772.00 2.59 20 4 0 23 0
0 0 0 22500.00 2.59 20 4 0 23 0
0 0 0 16772.00 2.59 20 4 0 23 0
0 0 0 22486.00 2.59 20 4 0 23 0
0 0 0 12634.00 2.59 20 4 0 23 0
0 0 0 22649.00 2.59 20 4 0 23 0
0 0 0 14560.00 2.59 20 4 0 23 0
0 0 0 22240.00 2.59 20 4 0 23 0
0 0 0 16772.00 2.59 20 4 0 23 0
0 0 0 23040.00 2.59 20 4 0 23 0
0 0 0 16772.00 2.59 20 4 0 23 0
0 0 0 8460.00 2.59 40 4 0 23 0
0 0 0 11905.00 2.59 40 4 0 23 0
0 0 0 14509.00 2.59 20 4 0 23 0
0 0 0 16696.00 2.59 20 4 0 23 0
0 0 0 8492.00 2.59 40 4 0 23 0
0 0 0 12860.00 2.59 20 4 0 23 0
0 0 0 23058.00 2.59 20 4 0 23 0
0 0 0 16772.00 2.59 20 4 0 23 0
0 0 0 23300.00 2.59 20 4 0 23 0
0 0 0 23630.00 2.59 20 4 0 23 0
0 0 0 22644.00 2.59 20 4 0 23 0
0 0 0 23820.00 2.59 20 4 0 23 0
0 0 0 22500.00 2.59 20 4 0 23 0
0 0 0 23369.00 2.59 20 4 0 23 0
0 0 0 22540.00 2.59 20 4 0 23 0
0 0 0 23184.00 2.59 20 4 0 23 0
0 0 0 16772.00 2.59 20 4 0 23 0
0 0 0 12820.00 2.59 20 4 0 23 0
0 0 0 23543.00 2.59 20 4 0 23 0
0 0 0 16979.00 2.59 20 4 0 23 0
0 0 0 7627.00 2.59 40 4 0 23 0
0 0 0 16435.00 2.59 20 4 0 23 0
0 0 0 22882.00 2.59 20 4 0 23 0
0 0 0 14920.00 2.59 20 4 0 23 0
0 0 0 15940.00 2.59 20 4 0 23 0
0 0 0 23441.00 2.59 20 4 0 23 0
0 0 0 16772.00 2.59 20 4 0 23 0
0 0 0 22350.00 2.59 20 4 0 23 0
0 0 0 16560.00 2.59 20 4 0 23 0
0 0 0 23404.00 2.59 20 4 0 23 0
0 0 0 14800.00 2.59 20 4 0 23 0
0 0 0 11789.00 2.59 40 4 0 23 0
0 0 0 22240.00 2.59 20 4 0 23 0
0 0 0 22320.00 2.59 20 4 0 23 0
0 0 0 23158.00 2.59 20 4 0 23 0
0 0 0 10740.00 2.59 40 4 0 23 0
0 0 0 16772.00 2.59 20 4 0 23 0
0 0 0 22407.00 2.59 20 4 0 23 0
0 0 0 22882.00 2.59 20 4 0 23 0
0 0 0 23134.00 2.59 20 4 0 23 0
0 0 0 16772.00 2.59 20 4 0 23 0
0 0 0 22282.00 2.59 20 4 0 23 0
0 0 0 23204.00 2.59 20 4 0 23 0
0 0 0 16220.00 2.59 20 4 0 23 0
0 0 0 12400.00 2.59 40 4 0 23 0
0 0 0 16772.00 2.59 20 4 0 23 0
0 0 0 9560.00 2.59 40 4 0 23 0
0 0 0 12627.00 2.59 20 4 0 23 0
0 0 0 16890.00 2.59 20 4 0 23 0
0 0 0 8220.00 2.59 40 4 0 23 0
0 0 0 13830.00 2.59 20 4 0 23 0
0 0 0 16772.00 2.59 20 4 0 23 0
0 0 0 11000.00 2.59 40 4 0 23 0
0 0 0 16980.00 2.59 20 4 0 23 0
0 0 0 14800.00 2.59 20 4 0 23 0
0 0 0 12780.00 2.59 20 4 0 23 0
0 0 0 23508.00 2.59 20 4 0 23 0
0 0 0 24160.00 2.59 20 4 0 23 0
0 0 0 9136.00 2.59 40 4 0 23 0
0 0 0 23020.00 2.59 20 4 0 23 0
0 0 0 16130.00 2.59 20 4 0 23 0
0 0 0 23264.00 2.59 20 4 0 23 0
0 0 0 22240.00 2.59 20 4 0 23 0
0 0 0 9560.00 2.59 40 4 0 23 0
0 0 0 22600.00 2.59 20 4 0 23 0
0 0 0 12789.00 2.59 20 4 0 23 0
0 0 0 16772.00 2.59 20 4 0 23 0
0 0 0 16772.00 2.59 20 4 0 23 0
0 0 0 16772.00 2.59 20 4 0 23 0
0 0 0 13380.00 2.59 20 4 0 23 0
0 0 0 16220.00 2.59 20 4 0 23 0
0 0 0 16772.00 2.59 20 4 0 23 0
0 0 0 11000.00 2.59 40 4 0 23 0
0 0 0 23190.00 2.59 20 4 0 23 0
0 0 0 22360.00 2.59 20 4 0 23 0
0 0 0 22635.00 2.59 20 4 0 23 0
#CONTAINERS_LOADED 
#STACKS
340000.000000 16.100000 23
340000.000000 18.690000 23
340000.000000 21.280000 23
340000.000000 21.280000 23
340000.000000 21.280000 23
340000.000000 21.280000 23
340000.000000 18.690000 23
340000.000000 16.100000 23
#CELLS
1 0 0 0 0 0 0
1 0 0 0 0 0 0
1 0 0 1 1 1 23
1 0 0 1 1 1 23
1 0 0 1 1 1 23
1 0 0 1 1 1 23
1 0 0 1 1 1 23
1 0 0 1 1 1 23
2 0 0 0 0 0 0
2 0 1 1 1 1 23
2 0 1 1 1 1 23
2 0 1 1 1 1 23
2 0 1 1 1 1 23
2 0 1 1 1 1 23
2 0 0 1 1 1 23
2 0 0 1 1 1 23
3 0 1 1 1 1 23
3 0 1 1 1 1 23
3 0 1 1 1 1 23
3 0 1 1 1 1 23
3 0 1 1 1 1 23
3 0 1 1 1 1 23
3 0 0 1 1 1 23
3 0 0 0 0 1 23
4 0 0 1 1 1 23
4 0 1 1 1 1 23
4 0 1 1 1 1 23
4 0 1 1 1 1 23
4 0 1 1 1 1 23
4 0 1 1 1 1 23
4 0 0 1 1 1 23
4 0 0 0 0 1 23
5 0 0 1 1 1 23
5 0 1 1 1 1 23
5 0 1 1 1 1 23
5 0 1 1 1 1 23
5 0 1 1 1 1 23
5 0 1 1 1 1 23
5 0 0 1 1 1 23
5 0 0 0 0 1 23
6 0 1 1 1 1 23
6 0 1 1 1 1 23
6 0 1 1 1 1 23
6 0 1 1 1 1 23
6 0 1 1 1 1 23
6 0 1 1 1 1 23
6 0 0 1 1 1 23
6 0 0 0 0 1 23
7 0 0 0 0 0 0
7 0 1 1 1 1 23
7 0 1 1 1 1 23
7 0 1 1 1 1 23
7 0 1 1 1 1 23
7 0 1 1 1 1 23
7 0 0 1 1 1 23
7 0 0 1 1 1 23
8 0 0 0 0 0 0
8 0 0 0 0 0 0
8 0 0 1 1 1 23
8 0 0 1 1 1 23
8 0 0 1 1 1 23
8 0 0 1 1 1 23
8 0 0 1 1 1 23
8 0 0 1 1 1 23
#SOLUTION-AFT
 71  45  70  59  0  87  44  93 
 79  52  95  96  66  77  3  74 
 41  15  90  76  32  99  73  19 
 20  13  91  55  37  7  24  78 
 86  40  72  25  49  62  28  2 
 65  50  61  5  42  83  82  84 
 0  60  14  68  35  30  75  0 
 0  0  36  39  4  63  0  0 
#SOLUTION-FWD
 17  94  70  59  0  87  44  11 
 89  27  92  96  97  88  3  26 
 29  31  9  76  85  34  73  54 
 10  64  8  55  6  18  24  47 
 56  69  43  25  53  46  28  48 
 57  21  98  5  80  1  82  67 
 0  23  16  68  33  22  51  0 
 0  0  38  12  81  58  0  0 
#INFO
cap20: 84  cap40: 15  reefer: 0  HC: 0  capacity: 98.275862 TEU: 116