1 14 0 3 24 1 8
#POD
6 
#LOCATIONS
69 
#CONTAINERS_TOLOAD
0 0 0 4000.00 2.90 40 6 0 69 0
0 0 0 4000.00 2.59 40 6 0 69 0
0 0 0 4000.00 2.59 40 6 0 69 0
0 0 0 4000.00 2.59 40 6 0 69 0
0 0 0 28680.00 2.59 40 6 0 69 0
0 0 0 4000.00 2.59 40 6 0 69 0
0 0 0 4000.00 2.59 40 6 0 69 0
0 0 0 4000.00 2.90 40 6 0 69 0
0 0 0 4000.00 2.59 40 6 0 69 0
0 0 0 4000.00 2.59 40 6 0 69 0
0 0 0 4000.00 2.59 40 6 0 69 0
0 0 0 28550.00 2.59 40 6 0 69 0
0 0 0 26800.00 2.59 40 6 0 69 0
0 0 0 28680.00 2.59 40 6 0 69 0
#CONTAINERS_LOADED 
#STACKS
240000.000000 13.510000 69
240000.000000 13.510000 69
240000.000000 13.510000 69
#CELLS
1 0 0 0 0 0 0
1 0 0 0 0 0 0
1 0 0 0 0 0 0
1 0 0 1 1 1 69
1 0 0 1 1 1 69
1 0 0 1 1 1 69
1 0 0 1 1 1 69
1 0 0 1 1 1 69
2 0 0 0 0 0 0
2 0 0 0 0 0 0
2 0 0 0 0 0 0
2 0 0 1 1 1 69
2 0 0 1 1 1 69
2 0 0 1 1 1 69
2 0 0 1 1 1 69
2 0 0 1 1 1 69
3 0 0 0 0 0 0
3 0 0 0 0 0 0
3 0 0 0 0 0 0
3 0 0 1 1 1 69
3 0 0 1 1 1 69
3 0 0 1 1 1 69
3 0 0 1 1 1 69
3 0 0 1 1 1 69
#SOLUTION-AFT
 11  7  0 
 13  10  4 
 12  3  9 
 5  6  8 
 14  2  1 
 0  0  0 
 0  0  0 
 0  0  0 
#SOLUTION-FWD
 11  7  0 
 13  10  4 
 12  3  9 
 5  6  8 
 14  2  1 
 0  0  0 
 0  0  0 
 0  0  0 
#INFO
cap20: 0  cap40: 14  reefer: 0  HC: 2  capacity: 93.333333 TEU: 30