1 80 0 10 90 1 9
#POD
3 
#LOCATIONS
64 
#CONTAINERS_TOLOAD
0 0 0 24000.00 2.59 20 3 0 64 0
0 0 0 26800.00 2.59 20 3 0 64 0
0 0 0 24000.00 2.59 20 3 0 64 0
0 0 0 23980.00 2.59 20 3 0 64 0
0 0 0 17920.00 2.59 20 3 0 64 0
0 0 0 26670.00 2.59 20 3 0 64 0
0 0 0 19220.00 2.59 20 3 0 64 0
0 0 0 26800.00 2.59 20 3 0 64 0
0 0 0 24000.00 2.59 20 3 0 64 0
0 0 0 26800.00 2.59 20 3 0 64 0
0 0 0 26800.00 2.59 20 3 0 64 0
0 0 0 26800.00 2.59 20 3 0 64 0
0 0 0 26800.00 2.59 20 3 0 64 0
0 0 0 26800.00 2.59 20 3 0 64 0
0 0 0 24230.00 2.59 20 3 0 64 0
0 0 0 18690.00 2.59 20 3 0 64 0
0 0 0 20770.00 2.59 20 3 0 64 0
0 0 0 19850.00 2.59 20 3 0 64 0
0 0 0 26800.00 2.59 20 3 0 64 0
0 0 0 23890.00 2.59 20 3 0 64 0
0 0 0 24000.00 2.59 20 3 0 64 0
0 0 0 24000.00 2.59 20 3 0 64 0
0 0 0 20770.00 2.59 20 3 0 64 0
0 0 0 20880.00 2.59 20 3 0 64 0
0 0 0 26800.00 2.59 20 3 0 64 0
0 0 0 26800.00 2.59 20 3 0 64 0
0 0 0 20880.00 2.59 20 3 0 64 0
0 0 0 26800.00 2.59 20 3 0 64 0
0 0 0 26670.00 2.59 20 3 0 64 0
0 0 0 26800.00 2.59 20 3 0 64 0
0 0 0 26670.00 2.59 20 3 0 64 0
0 0 0 24000.00 2.59 20 3 0 64 0
0 0 0 24000.00 2.59 20 3 0 64 0
0 0 0 26800.00 2.59 20 3 0 64 0
0 0 0 26800.00 2.59 20 3 0 64 0
0 0 0 26800.00 2.59 20 3 0 64 0
0 0 0 26670.00 2.59 20 3 0 64 0
0 0 0 26670.00 2.59 20 3 0 64 0
0 0 0 26800.00 2.59 20 3 0 64 0
0 0 0 26800.00 2.59 20 3 0 64 0
0 0 0 24300.00 2.59 20 3 0 64 0
0 0 0 26740.00 2.59 20 3 0 64 0
0 0 0 26800.00 2.59 20 3 0 64 0
0 0 0 26800.00 2.59 20 3 0 64 0
0 0 0 26800.00 2.59 20 3 0 64 0
0 0 0 26800.00 2.59 20 3 0 64 0
0 0 0 26800.00 2.59 20 3 0 64 0
0 0 0 20880.00 2.59 20 3 0 64 0
0 0 0 26800.00 2.59 20 3 0 64 0
0 0 0 26800.00 2.59 20 3 0 64 0
0 0 0 23760.00 2.59 20 3 0 64 0
0 0 0 26740.00 2.59 20 3 0 64 0
0 0 0 26670.00 2.59 20 3 0 64 0
0 0 0 26800.00 2.59 20 3 0 64 0
0 0 0 19460.00 2.59 20 3 0 64 0
0 0 0 26790.00 2.59 20 3 0 64 0
0 0 0 26790.00 2.59 20 3 0 64 0
0 0 0 26780.00 2.59 20 3 0 64 0
0 0 0 26800.00 2.59 20 3 0 64 0
0 0 0 20480.00 2.59 20 3 0 64 0
0 0 0 26780.00 2.59 20 3 0 64 0
0 0 0 26800.00 2.59 20 3 0 64 0
0 0 0 26780.00 2.59 20 3 0 64 0
0 0 0 26790.00 2.59 20 3 0 64 0
0 0 0 24000.00 2.59 20 3 0 64 0
0 0 0 26800.00 2.59 20 3 0 64 0
0 0 0 23890.00 2.59 20 3 0 64 0
0 0 0 26780.00 2.59 20 3 0 64 0
0 0 0 26800.00 2.59 20 3 0 64 0
0 0 0 26780.00 2.59 20 3 0 64 0
0 0 0 26800.00 2.59 20 3 0 64 0
0 0 0 20000.00 2.59 20 3 0 64 0
0 0 0 26800.00 2.59 20 3 0 64 0
0 0 0 20880.00 2.59 20 3 0 64 0
0 0 0 26780.00 2.59 20 3 0 64 0
0 0 0 26780.00 2.59 20 3 0 64 0
0 0 0 26780.00 2.59 20 3 0 64 0
0 0 0 26800.00 2.59 20 3 0 64 0
0 0 0 26800.00 2.59 20 3 0 64 0
0 0 0 26800.00 2.59 20 3 0 64 0
#CONTAINERS_LOADED 
#STACKS
216000.000000 10.890000 64
216000.000000 10.890000 64
216000.000000 10.890000 64
216000.000000 10.890000 64
216000.000000 10.890000 64
216000.000000 10.890000 64
216000.000000 10.890000 64
216000.000000 10.890000 64
216000.000000 10.890000 64
216000.000000 10.890000 64
#CELLS
1 0 0 0 0 0 0
1 0 0 0 0 0 0
1 0 0 0 0 0 0
1 0 0 0 0 0 0
1 0 0 0 0 0 0
1 0 0 1 1 1 64
1 0 0 1 1 1 64
1 0 0 1 1 1 64
1 0 0 1 1 1 64
2 0 0 0 0 0 0
2 0 0 0 0 0 0
2 0 0 0 0 0 0
2 0 0 0 0 0 0
2 0 0 0 0 0 0
2 0 0 1 1 1 64
2 0 0 1 1 1 64
2 0 0 1 1 1 64
2 0 0 1 1 1 64
3 0 0 0 0 0 0
3 0 0 0 0 0 0
3 0 0 0 0 0 0
3 0 0 0 0 0 0
3 0 0 0 0 0 0
3 0 0 1 1 1 64
3 0 0 1 1 1 64
3 0 0 1 1 1 64
3 0 0 1 1 1 64
4 0 0 0 0 0 0
4 0 0 0 0 0 0
4 0 0 0 0 0 0
4 0 0 0 0 0 0
4 0 0 0 0 0 0
4 0 0 1 1 1 64
4 0 0 1 1 1 64
4 0 0 1 1 1 64
4 0 0 1 1 1 64
5 0 0 0 0 0 0
5 0 0 0 0 0 0
5 0 0 0 0 0 0
5 0 0 0 0 0 0
5 0 0 0 0 0 0
5 0 0 1 1 1 64
5 0 0 1 1 1 64
5 0 0 1 1 1 64
5 0 0 1 1 1 64
6 0 0 0 0 0 0
6 0 0 0 0 0 0
6 0 0 0 0 0 0
6 0 0 0 0 0 0
6 0 0 0 0 0 0
6 0 0 1 1 1 64
6 0 0 1 1 1 64
6 0 0 1 1 1 64
6 0 0 1 1 1 64
7 0 0 0 0 0 0
7 0 0 0 0 0 0
7 0 0 0 0 0 0
7 0 0 0 0 0 0
7 0 0 0 0 0 0
7 0 0 1 1 1 64
7 0 0 1 1 1 64
7 0 0 1 1 1 64
7 0 0 1 1 1 64
8 0 0 0 0 0 0
8 0 0 0 0 0 0
8 0 0 0 0 0 0
8 0 0 0 0 0 0
8 0 0 0 0 0 0
8 0 0 1 1 1 64
8 0 0 1 1 1 64
8 0 0 1 1 1 64
8 0 0 1 1 1 64
9 0 0 0 0 0 0
9 0 0 0 0 0 0
9 0 0 0 0 0 0
9 0 0 0 0 0 0
9 0 0 0 0 0 0
9 0 0 1 1 1 64
9 0 0 1 1 1 64
9 0 0 1 1 1 64
9 0 0 1 1 1 64
10 0 0 0 0 0 0
10 0 0 0 0 0 0
10 0 0 0 0 0 0
10 0 0 0 0 0 0
10 0 0 0 0 0 0
10 0 0 1 1 1 64
10 0 0 1 1 1 64
10 0 0 1 1 1 64
10 0 0 1 1 1 64
#SOLUTION-AFT
 5  56  22  65  15  40  48  72  51  38 
 7  35  33  32  37  19  74  17  20  6 
 63  80  50  25  28  26  62  52  69  58 
 75  66  45  43  49  8  34  36  12  70 
 0  0  0  0  0  0  0  0  0  0 
 0  0  0  0  0  0  0  0  0  0 
 0  0  0  0  0  0  0  0  0  0 
 0  0  0  0  0  0  0  0  0  0 
 0  0  0  0  0  0  0  0  0  0 
#SOLUTION-FWD
 16  64  18  1  41  59  27  60  67  29 
 55  57  21  3  31  39  24  23  4  53 
 61  44  30  13  11  47  9  42  79  76 
 77  54  14  10  2  46  71  73  78  68 
 0  0  0  0  0  0  0  0  0  0 
 0  0  0  0  0  0  0  0  0  0 
 0  0  0  0  0  0  0  0  0  0 
 0  0  0  0  0  0  0  0  0  0 
 0  0  0  0  0  0  0  0  0  0 
#INFO
cap20: 80  cap40: 0  reefer: 0  HC: 0  capacity: 100.000000 TEU: 80