1 114 0 10 110 1 11
#POD
8 
#LOCATIONS
45 
#CONTAINERS_TOLOAD
0 0 0 8881.00 2.59 40 8 0 45 0
0 0 0 9900.00 2.59 40 8 0 45 0
0 0 0 10199.00 2.59 40 8 0 45 0
0 0 0 10500.00 2.59 40 8 0 45 0
0 0 0 9800.00 2.59 40 8 0 45 0
0 0 0 13800.00 2.90 40 8 0 45 0
0 0 0 9199.00 2.59 40 8 0 45 0
0 0 0 11236.00 2.59 40 8 0 45 0
0 0 0 8900.00 2.59 20 8 0 45 0
0 0 0 17500.00 2.59 40 8 0 45 0
0 0 0 12199.00 2.59 40 8 0 45 0
0 0 0 11599.00 2.59 40 8 0 45 0
0 0 0 6500.00 2.59 20 8 0 45 0
0 0 0 12199.00 2.59 40 8 0 45 0
0 0 0 11199.00 2.59 20 8 0 45 0
0 0 0 9199.00 2.59 20 8 0 45 0
0 0 0 5700.00 2.59 20 8 0 45 0
0 0 0 14000.00 2.90 40 8 0 45 0
0 0 0 8699.00 2.59 40 8 0 45 0
0 0 0 12400.00 2.59 40 8 0 45 0
0 0 0 9300.00 2.59 40 8 0 45 0
0 0 0 16100.00 2.59 40 8 0 45 0
0 0 0 9500.00 2.59 40 8 0 45 0
0 0 0 11599.00 2.90 40 8 0 45 0
0 0 0 13900.00 2.90 40 8 0 45 0
0 0 0 11300.00 2.59 20 8 0 45 0
0 0 0 12080.00 2.59 20 8 0 45 0
0 0 0 21500.00 2.59 40 8 0 45 0
0 0 0 12199.00 2.90 40 8 0 45 0
0 0 0 13900.00 2.90 40 8 0 45 0
0 0 0 24899.00 2.59 40 8 0 45 0
0 0 0 9000.00 2.59 40 8 0 45 0
0 0 0 13099.00 2.59 40 8 0 45 0
0 0 0 9000.00 2.59 40 8 0 45 0
0 0 0 8699.00 2.59 40 8 0 45 0
0 0 0 9699.00 2.59 40 8 0 45 0
0 0 0 14099.00 2.90 40 8 0 45 0
0 0 0 8500.00 2.59 20 8 0 45 0
0 0 0 8699.00 2.59 20 8 0 45 0
0 0 0 17800.00 2.90 40 8 0 45 0
0 0 0 5799.00 2.59 20 8 0 45 0
0 0 0 9199.00 2.59 40 8 0 45 0
0 0 0 12800.00 2.90 40 8 0 45 0
0 0 0 11300.00 2.59 20 8 0 45 0
0 0 0 17000.00 2.90 40 8 0 45 0
0 0 0 15300.00 2.59 40 8 0 45 0
0 0 0 8156.00 2.59 20 8 1 45 0
0 0 0 8000.00 2.59 20 8 0 45 0
0 0 0 17300.00 2.59 40 8 0 45 0
0 0 0 8900.00 2.59 40 8 0 45 0
0 0 0 11599.00 2.90 40 8 0 45 0
0 0 0 10300.00 2.59 20 8 0 45 0
0 0 0 8099.00 2.59 20 8 0 45 0
0 0 0 17199.00 2.59 40 8 0 45 0
0 0 0 17000.00 2.90 40 8 0 45 0
0 0 0 9400.00 2.59 20 8 0 45 0
0 0 0 8881.00 2.59 40 8 0 45 0
0 0 0 10900.00 2.59 40 8 0 45 0
0 0 0 11500.00 2.59 20 8 0 45 0
0 0 0 6700.00 2.59 40 8 0 45 0
0 0 0 11099.00 2.90 40 8 0 45 0
0 0 0 8800.00 2.59 40 8 0 45 0
0 0 0 6000.00 2.59 20 8 0 45 0
0 0 0 11599.00 2.59 40 8 0 45 0
0 0 0 14599.00 2.90 40 8 0 45 0
0 0 0 10800.00 2.59 20 8 0 45 0
0 0 0 11699.00 2.59 20 8 0 45 0
0 0 0 21600.00 2.59 40 8 0 45 0
0 0 0 8699.00 2.59 40 8 0 45 0
0 0 0 18100.00 2.90 40 8 0 45 0
0 0 0 9400.00 2.59 40 8 0 45 0
0 0 0 11599.00 2.59 40 8 0 45 0
0 0 0 9699.00 2.59 40 8 0 45 0
0 0 0 12199.00 2.59 40 8 0 45 0
0 0 0 22899.00 2.90 40 8 0 45 0
0 0 0 9900.00 2.59 40 8 0 45 0
0 0 0 20100.00 2.59 40 8 0 45 0
0 0 0 14000.00 2.90 40 8 0 45 0
0 0 0 21500.00 2.59 40 8 0 45 0
0 0 0 11300.00 2.59 40 8 0 45 0
0 0 0 16000.00 2.90 40 8 0 45 0
0 0 0 14300.00 2.59 40 8 0 45 0
0 0 0 6799.00 2.59 40 8 0 45 0
0 0 0 10400.00 2.59 40 8 0 45 0
0 0 0 7900.00 2.59 40 8 0 45 0
0 0 0 19800.00 2.90 40 8 0 45 0
0 0 0 15900.00 2.59 40 8 0 45 0
0 0 0 7277.00 2.59 20 8 0 45 0
0 0 0 11300.00 2.59 20 8 0 45 0
0 0 0 13900.00 2.90 40 8 0 45 0
0 0 0 17199.00 2.59 40 8 0 45 0
0 0 0 9699.00 2.90 40 8 0 45 0
0 0 0 15400.00 2.90 40 8 0 45 0
0 0 0 14000.00 2.90 40 8 0 45 0
0 0 0 6700.00 2.59 40 8 0 45 0
0 0 0 8699.00 2.59 40 8 0 45 0
0 0 0 11000.00 2.59 20 8 0 45 0
0 0 0 15500.00 2.59 40 8 0 45 0
0 0 0 9099.00 2.59 20 8 0 45 0
0 0 0 8199.00 2.59 40 8 0 45 0
0 0 0 26500.00 2.59 40 8 0 45 0
0 0 0 9699.00 2.90 40 8 0 45 0
0 0 0 15199.00 2.90 40 8 0 45 0
0 0 0 13699.00 2.90 40 8 0 45 0
0 0 0 11599.00 2.59 40 8 0 45 0
0 0 0 19100.00 2.90 40 8 0 45 0
0 0 0 15800.00 2.90 40 8 0 45 0
0 0 0 13900.00 2.90 40 8 0 45 0
0 0 0 13099.00 2.90 40 8 0 45 0
0 0 0 5000.00 2.59 20 8 0 45 0
0 0 0 15400.00 2.90 40 8 0 45 0
0 0 0 7200.00 2.59 20 8 0 45 0
0 0 0 14900.00 2.90 40 8 0 45 0
0 0 0 14099.00 2.59 40 8 0 45 0
#CONTAINERS_LOADED 
#STACKS
270000.000000 23.340000 45
270000.000000 26.240000 45
270000.000000 29.160000 45
270000.000000 29.160000 45
270000.000000 29.160000 45
270000.000000 29.160000 45
270000.000000 29.160000 45
270000.000000 29.160000 45
270000.000000 26.240000 45
270000.000000 23.340000 45
#CELLS
1 0 0 0 0 0 0
1 0 0 0 0 0 0
1 1 0 1 1 1 45
1 1 0 1 1 1 45
1 1 0 1 1 1 45
1 1 0 1 1 1 45
1 1 0 1 1 1 45
1 0 0 1 1 1 45
1 0 0 1 1 1 45
1 0 0 1 1 1 45
1 0 0 0 0 0 0
2 0 0 0 0 0 0
2 1 0 1 1 1 45
2 1 0 1 1 1 45
2 1 0 1 1 1 45
2 1 0 1 1 1 45
2 1 0 1 1 1 45
2 1 0 1 1 1 45
2 1 0 1 1 1 45
2 0 0 1 1 1 45
2 0 0 1 1 1 45
2 0 0 1 1 1 45
3 1 0 1 1 1 45
3 1 0 1 1 1 45
3 1 0 1 1 1 45
3 1 0 1 1 1 45
3 1 0 1 1 1 45
3 1 0 1 1 1 45
3 1 0 1 1 1 45
3 1 0 1 1 1 45
3 0 0 1 1 1 45
3 0 0 1 1 1 45
3 0 0 1 1 1 45
4 1 0 1 1 1 45
4 1 0 1 1 1 45
4 1 0 1 1 1 45
4 1 0 1 1 1 45
4 1 0 1 1 1 45
4 1 0 1 1 1 45
4 1 0 1 1 1 45
4 1 0 1 1 1 45
4 0 0 1 1 1 45
4 0 0 1 1 1 45
4 0 0 1 1 1 45
5 1 0 1 1 1 45
5 1 0 1 1 1 45
5 1 0 1 1 1 45
5 1 0 1 1 1 45
5 1 0 1 1 1 45
5 1 0 1 1 1 45
5 1 0 1 1 1 45
5 1 0 1 1 1 45
5 0 0 1 1 1 45
5 0 0 1 1 1 45
5 0 0 1 1 1 45
6 1 0 1 1 1 45
6 1 0 1 1 1 45
6 1 0 1 1 1 45
6 1 0 1 1 1 45
6 1 0 1 1 1 45
6 1 0 1 1 1 45
6 1 0 1 1 1 45
6 1 0 1 1 1 45
6 0 0 1 1 1 45
6 0 0 1 1 1 45
6 0 0 1 1 1 45
7 1 0 1 1 1 45
7 1 0 1 1 1 45
7 1 0 1 1 1 45
7 1 0 1 1 1 45
7 1 0 1 1 1 45
7 1 0 1 1 1 45
7 1 0 1 1 1 45
7 1 0 1 1 1 45
7 0 0 1 1 1 45
7 0 0 1 1 1 45
7 0 0 1 1 1 45
8 1 0 1 1 1 45
8 1 0 1 1 1 45
8 1 0 1 1 1 45
8 1 0 1 1 1 45
8 1 0 1 1 1 45
8 1 0 1 1 1 45
8 1 0 1 1 1 45
8 1 0 1 1 1 45
8 0 0 1 1 1 45
8 0 0 1 1 1 45
8 0 0 1 1 1 45
9 0 0 0 0 0 0
9 1 0 1 1 1 45
9 1 0 1 1 1 45
9 1 0 1 1 1 45
9 1 0 1 1 1 45
9 1 0 1 1 1 45
9 1 0 1 1 1 45
9 1 0 1 1 1 45
9 0 0 1 1 1 45
9 0 0 1 1 1 45
9 0 0 1 1 1 45
10 0 0 0 0 0 0
10 0 0 0 0 0 0
10 1 0 1 1 1 45
10 1 0 1 1 1 45
10 1 0 1 1 1 45
10 1 0 1 1 1 45
10 1 0 1 1 1 45
10 0 0 1 1 1 45
10 0 0 1 1 1 45
10 0 0 1 1 1 45
10 0 0 0 0 0 0
#SOLUTION-AFT
 0  95  100  21  84  80  10  62  0  0 
 102  60  69  71  4  12  40  1  51  109 
 92  83  35  23  58  72  70  57  24  104 
 17  85  19  36  8  64  77  50  94  6 
 63  61  96  73  106  105  99  32  18  108 
 112  33  29  5  86  14  56  34  37  25 
 48  114  93  76  28  74  52  42  65  90 
 53  82  87  2  79  11  97  7  113  30 
 39  46  22  3  68  20  44  107  103  78 
 0  98  54  45  31  43  59  81  111  0 
 0  0  91  55  101  75  67  49  0  0 
#SOLUTION-FWD
 0  95  100  21  84  80  10  62  0  0 
 102  60  69  71  4  12  40  1  51  109 
 92  83  35  23  58  72  70  57  24  104 
 110  85  19  36  8  64  77  50  94  6 
 41  61  96  73  106  105  9  32  18  108 
 13  33  29  5  86  14  16  34  37  25 
 88  114  93  76  28  74  66  42  65  90 
 47  82  87  2  79  11  15  7  113  30 
 38  46  22  3  68  20  89  107  103  78 
 0  98  54  45  31  43  26  81  111  0 
 0  0  91  55  101  75  27  49  0  0 
#INFO
cap20: 26  cap40: 88  reefer: 1  HC: 32  capacity: 99.019608 TEU: 204