1 36 0 6 54 1 9
#POD
7 
#LOCATIONS
9 
#CONTAINERS_TOLOAD
0 0 0 9159.00 2.59 20 7 0 9 0
0 0 0 22950.00 2.59 20 7 0 9 0
0 0 0 23200.00 2.59 20 7 0 9 0
0 0 0 8744.00 2.59 20 7 0 9 0
0 0 0 23200.00 2.59 20 7 0 9 0
0 0 0 10500.00 2.59 20 7 0 9 0
0 0 0 20702.00 2.59 20 7 0 9 0
0 0 0 7807.00 2.59 20 7 0 9 0
0 0 0 7420.00 2.59 20 7 0 9 0
0 0 0 8978.00 2.59 20 7 0 9 0
0 0 0 23085.00 2.59 20 7 0 9 0
0 0 0 23274.00 2.59 20 7 0 9 0
0 0 0 19803.00 2.59 20 7 0 9 0
0 0 0 8414.00 2.59 20 7 0 9 0
0 0 0 11888.00 2.59 20 7 0 9 0
0 0 0 23000.00 2.59 20 7 0 9 0
0 0 0 11430.00 2.59 20 7 0 9 0
0 0 0 10511.00 2.59 20 7 0 9 0
0 0 0 20800.00 2.59 20 7 0 9 0
0 0 0 22200.00 2.59 20 7 0 9 0
0 0 0 21267.00 2.59 20 7 0 9 0
0 0 0 21324.00 2.59 20 7 0 9 0
0 0 0 18980.00 2.59 20 7 0 9 0
0 0 0 7237.00 2.59 20 7 0 9 0
0 0 0 11055.00 2.59 20 7 0 9 0
0 0 0 8724.00 2.59 20 7 0 9 0
0 0 0 7763.00 2.59 20 7 0 9 0
0 0 0 19317.00 2.59 20 7 0 9 0
0 0 0 22530.00 2.59 20 7 0 9 0
0 0 0 9633.00 2.59 20 7 0 9 0
0 0 0 20754.00 2.59 20 7 0 9 0
0 0 0 12026.00 2.59 20 7 0 9 0
0 0 0 10854.00 2.59 20 7 0 9 0
0 0 0 11864.00 2.59 20 7 0 9 0
0 0 0 22500.00 2.59 20 7 0 9 0
0 0 0 22950.00 2.59 20 7 0 9 0
#CONTAINERS_LOADED 
#STACKS
184000.000000 5.181600 9
184000.000000 7.772400 9
184000.000000 10.363200 9
184000.000000 10.363200 9
184000.000000 7.772400 9
184000.000000 5.181600 9
#CELLS
1 0 0 0 0 0 0
1 0 0 0 0 0 0
1 0 0 0 0 0 0
1 0 0 0 0 0 0
1 0 0 0 0 0 0
1 0 0 0 0 0 0
1 0 0 0 0 0 0
1 0 0 1 1 1 9
1 0 0 1 1 1 9
2 0 0 0 0 0 0
2 0 0 0 0 0 0
2 0 0 0 0 0 0
2 0 0 0 0 0 0
2 0 0 0 0 0 0
2 0 0 0 0 0 0
2 0 0 1 1 1 9
2 0 0 1 1 1 9
2 0 0 1 1 1 9
3 0 0 0 0 0 0
3 0 0 0 0 0 0
3 0 0 0 0 0 0
3 0 0 0 0 0 0
3 0 0 0 0 0 0
3 0 0 1 1 1 9
3 0 0 1 1 1 9
3 0 0 1 1 1 9
3 0 0 1 1 1 9
4 0 0 0 0 0 0
4 0 0 0 0 0 0
4 0 0 0 0 0 0
4 0 0 0 0 0 0
4 0 0 0 0 0 0
4 0 0 1 1 1 9
4 0 0 1 1 1 9
4 0 0 1 1 1 9
4 0 0 1 1 1 9
5 0 0 0 0 0 0
5 0 0 0 0 0 0
5 0 0 0 0 0 0
5 0 0 0 0 0 0
5 0 0 0 0 0 0
5 0 0 0 0 0 0
5 0 0 1 1 1 9
5 0 0 1 1 1 9
5 0 0 1 1 1 9
6 0 0 0 0 0 0
6 0 0 0 0 0 0
6 0 0 0 0 0 0
6 0 0 0 0 0 0
6 0 0 0 0 0 0
6 0 0 0 0 0 0
6 0 0 0 0 0 0
6 0 0 1 1 1 9
6 0 0 1 1 1 9
#SOLUTION-AFT
 9  26  6  29  13  15 
 8  4  33  2  7  32 
 0  1  22  11  19  0 
 0  0  20  12  0  0 
 0  0  0  0  0  0 
 0  0  0  0  0  0 
 0  0  0  0  0  0 
 0  0  0  0  0  0 
 0  0  0  0  0  0 
#SOLUTION-FWD
 24  14  18  35  28  34 
 27  10  25  16  31  23 
 0  30  17  3  21  0 
 0  0  36  5  0  0 
 0  0  0  0  0  0 
 0  0  0  0  0  0 
 0  0  0  0  0  0 
 0  0  0  0  0  0 
 0  0  0  0  0  0 
#INFO
cap20: 36  cap40: 0  reefer: 0  HC: 0  capacity: 100.000000 TEU: 36