1 55 0 5 45 1 9
#POD
5 
#LOCATIONS
17 
#CONTAINERS_TOLOAD
0 0 0 19300.00 2.59 20 5 0 17 0
0 0 0 16000.00 2.59 40 5 0 17 0
0 0 0 5000.00 2.59 20 5 0 17 0
0 0 0 11000.00 2.90 40 5 0 17 0
0 0 0 27899.00 2.59 20 5 0 17 0
0 0 0 27400.00 2.59 20 5 0 17 0
0 0 0 26699.00 2.59 40 5 0 17 0
0 0 0 17000.00 2.59 40 5 0 17 0
0 0 0 22800.00 2.59 20 5 0 17 0
0 0 0 19798.00 2.59 20 5 0 17 0
0 0 0 12199.00 2.90 40 5 0 17 0
0 0 0 19199.00 2.90 40 5 0 17 0
0 0 0 26000.00 2.59 20 5 0 17 0
0 0 0 11500.00 2.59 20 5 0 17 0
0 0 0 11699.00 2.59 40 5 0 17 0
0 0 0 10400.00 2.59 20 5 0 17 0
0 0 0 12000.00 2.90 40 5 0 17 0
0 0 0 14000.00 2.59 40 5 0 17 0
0 0 0 19300.00 2.59 20 5 0 17 0
0 0 0 10831.00 2.90 40 5 0 17 0
0 0 0 12500.00 2.90 40 5 0 17 0
0 0 0 11000.00 2.59 40 5 0 17 0
0 0 0 16000.00 2.90 40 5 0 17 0
0 0 0 26000.00 2.59 20 5 0 17 0
0 0 0 25899.00 2.59 20 5 0 17 0
0 0 0 12000.00 2.90 40 5 0 17 0
0 0 0 19399.00 2.59 20 5 0 17 0
0 0 0 24000.00 2.59 20 5 0 17 0
0 0 0 10000.00 2.90 40 5 0 17 0
0 0 0 11000.00 2.90 40 5 0 17 0
0 0 0 13400.00 2.59 40 5 0 17 0
0 0 0 23300.00 2.59 20 5 0 17 0
0 0 0 10500.00 2.90 40 5 0 17 0
0 0 0 5099.00 2.59 20 5 0 17 0
0 0 0 7000.00 2.59 20 5 0 17 0
0 0 0 11000.00 2.90 40 5 0 17 0
0 0 0 3899.00 2.59 20 5 0 17 0
0 0 0 10000.00 2.59 40 5 0 17 0
0 0 0 9000.00 2.59 40 5 0 17 0
0 0 0 13400.00 2.90 40 5 0 17 0
0 0 0 12099.00 2.59 40 5 0 17 0
0 0 0 26000.00 2.59 20 5 0 17 0
0 0 0 16800.00 2.59 20 5 0 17 0
0 0 0 16000.00 2.59 40 5 0 17 0
0 0 0 4000.00 2.59 20 5 0 17 0
0 0 0 12000.00 2.90 40 5 0 17 0
0 0 0 10800.00 2.59 20 5 0 17 0
0 0 0 5000.00 2.59 20 5 0 17 0
0 0 0 6000.00 2.59 20 5 0 17 0
0 0 0 12199.00 2.90 40 5 0 17 0
0 0 0 6000.00 2.59 20 5 0 17 0
0 0 0 11800.00 2.90 40 5 0 17 0
0 0 0 23260.00 2.59 20 5 0 17 0
0 0 0 4000.00 2.59 20 5 0 17 0
0 0 0 9500.00 2.59 20 5 0 17 0
#CONTAINERS_LOADED 
#STACKS
384000.000000 21.590000 17
432000.000000 24.180000 17
432000.000000 24.180000 17
432000.000000 24.180000 17
384000.000000 21.590000 17
#CELLS
1 0 0 0 0 0 0
1 0 0 1 1 1 17
1 0 0 1 1 1 17
1 0 0 1 1 1 17
1 0 0 1 1 1 17
1 0 0 1 1 1 17
1 0 0 1 1 1 17
1 0 0 1 1 1 17
1 0 0 1 1 1 17
2 0 0 1 1 1 17
2 0 0 1 1 1 17
2 0 0 1 1 1 17
2 0 0 1 1 1 17
2 0 0 1 1 1 17
2 0 0 1 1 1 17
2 0 0 1 1 1 17
2 0 0 1 1 1 17
2 0 0 1 1 1 17
3 0 0 1 1 1 17
3 0 0 1 1 1 17
3 0 0 1 1 1 17
3 0 0 1 1 1 17
3 0 0 1 1 1 17
3 0 0 1 1 1 17
3 0 0 1 1 1 17
3 0 0 1 1 1 17
3 0 0 1 1 1 17
4 0 0 1 1 1 17
4 0 0 1 1 1 17
4 0 0 1 1 1 17
4 0 0 1 1 1 17
4 0 0 1 1 1 17
4 0 0 1 1 1 17
4 0 0 1 1 1 17
4 0 0 1 1 1 17
4 0 0 1 1 1 17
5 0 0 0 0 0 0
5 0 0 1 1 1 17
5 0 0 1 1 1 17
5 0 0 1 1 1 17
5 0 0 1 1 1 17
5 0 0 1 1 1 17
5 0 0 1 1 1 17
5 0 0 1 1 1 17
5 0 0 1 1 1 17
#SOLUTION-AFT
 40  41  50  0  0 
 1  31  21  36  39 
 27  18  37  30  38 
 53  44  3  4  29 
 28  23  34  52  33 
 25  2  49  46  20 
 13  8  55  26  22 
 5  12  16  17  15 
 0  7  43  11  0 
#SOLUTION-FWD
 40  41  50  0  0 
 19  31  21  36  39 
 10  18  54  30  38 
 9  44  45  4  29 
 32  23  48  52  33 
 42  2  51  46  20 
 24  8  35  26  22 
 6  12  47  17  15 
 0  7  14  11  0 
#INFO
cap20: 28  cap40: 27  reefer: 0  HC: 16  capacity: 95.348837 TEU: 86