1 55 0 8 64 1 8
#POD
4 
#LOCATIONS
43 
#CONTAINERS_TOLOAD
0 0 0 9719.00 2.90 40 4 0 43 0
0 0 0 12472.00 2.59 40 4 0 43 0
0 0 0 9912.00 2.90 40 4 0 43 0
0 0 0 9950.00 2.90 40 4 0 43 0
0 0 0 9689.00 2.90 40 4 0 43 0
0 0 0 9689.00 2.90 40 4 0 43 0
0 0 0 11330.00 2.90 40 4 0 43 0
0 0 0 13380.00 2.90 40 4 0 43 0
0 0 0 11721.00 2.90 40 4 0 43 0
0 0 0 14380.00 2.90 40 4 0 43 0
0 0 0 13710.00 2.90 40 4 0 43 0
0 0 0 9693.00 2.90 40 4 0 43 0
0 0 0 14380.00 2.90 40 4 0 43 0
0 0 0 13380.00 2.90 40 4 0 43 0
0 0 0 10260.00 2.90 40 4 0 43 0
0 0 0 11987.00 2.59 40 4 0 43 0
0 0 0 23940.00 2.90 40 4 0 43 0
0 0 0 25480.00 2.90 40 4 0 43 0
0 0 0 14196.00 2.90 40 4 0 43 0
0 0 0 13640.00 2.59 40 4 0 43 0
0 0 0 14480.00 2.90 40 4 0 43 0
0 0 0 9726.00 2.90 40 4 0 43 0
0 0 0 8249.00 2.90 40 4 0 43 0
0 0 0 13653.00 2.90 40 4 0 43 0
0 0 0 13440.00 2.90 40 4 0 43 0
0 0 0 14350.00 2.90 40 4 0 43 0
0 0 0 12059.00 2.90 40 4 0 43 0
0 0 0 11793.00 2.90 40 4 0 43 0
0 0 0 14625.00 2.59 40 4 0 43 0
0 0 0 10322.00 2.90 40 4 0 43 0
0 0 0 14440.00 2.90 40 4 0 43 0
0 0 0 14330.00 2.90 40 4 0 43 0
0 0 0 14380.00 2.90 40 4 0 43 0
0 0 0 8880.00 2.90 40 4 0 43 0
0 0 0 14340.00 2.90 40 4 0 43 0
0 0 0 14410.00 2.90 40 4 0 43 0
0 0 0 14113.00 2.90 40 4 0 43 0
0 0 0 9800.00 2.90 40 4 0 43 0
0 0 0 14480.00 2.90 40 4 0 43 0
0 0 0 13470.00 2.90 40 4 0 43 0
0 0 0 13380.00 2.90 40 4 0 43 0
0 0 0 7296.00 2.90 40 4 0 43 0
0 0 0 13345.00 2.59 40 4 0 43 0
0 0 0 13106.00 2.59 40 4 0 43 0
0 0 0 13380.00 2.90 40 4 0 43 0
0 0 0 13542.00 2.90 40 4 0 43 0
0 0 0 13380.00 2.90 40 4 0 43 0
0 0 0 10096.00 2.90 40 4 0 43 0
0 0 0 12200.00 2.59 40 4 0 43 0
0 0 0 12155.00 2.59 40 4 0 43 0
0 0 0 13650.00 2.59 40 4 0 43 0
0 0 0 13479.00 2.90 40 4 0 43 0
0 0 0 9689.00 2.90 40 4 0 43 0
0 0 0 8376.00 2.90 40 4 0 43 0
0 0 0 10302.00 2.90 40 4 0 43 0
#CONTAINERS_LOADED 
#STACKS
270000.000000 18.690000 43
270000.000000 21.290000 43
270000.000000 21.290000 43
270000.000000 21.290000 43
270000.000000 21.290000 43
270000.000000 21.290000 43
270000.000000 21.290000 43
270000.000000 18.690000 43
#CELLS
1 0 0 0 0 0 0
1 0 1 1 1 1 43
1 0 1 1 1 1 43
1 0 1 1 1 1 43
1 0 1 1 1 1 43
1 0 0 1 1 1 43
1 0 0 1 1 1 43
1 0 0 1 1 1 43
2 0 0 1 1 1 43
2 0 1 1 1 1 43
2 0 1 1 1 1 43
2 0 1 1 1 1 43
2 0 1 1 1 1 43
2 0 0 1 1 1 43
2 0 0 1 1 1 43
2 0 0 1 1 1 43
3 0 1 1 1 1 43
3 0 1 1 1 1 43
3 0 1 1 1 1 43
3 0 1 1 1 1 43
3 0 1 1 1 1 43
3 0 0 1 1 1 43
3 0 0 1 1 1 43
3 0 0 1 1 1 43
4 0 1 1 1 1 43
4 0 1 1 1 1 43
4 0 1 1 1 1 43
4 0 1 1 1 1 43
4 0 1 1 1 1 43
4 0 0 1 1 1 43
4 0 0 1 1 1 43
4 0 0 1 1 1 43
5 0 1 1 1 1 43
5 0 1 1 1 1 43
5 0 1 1 1 1 43
5 0 1 1 1 1 43
5 0 1 1 1 1 43
5 0 0 1 1 1 43
5 0 0 1 1 1 43
5 0 0 1 1 1 43
6 0 1 1 1 1 43
6 0 1 1 1 1 43
6 0 1 1 1 1 43
6 0 1 1 1 1 43
6 0 1 1 1 1 43
6 0 0 1 1 1 43
6 0 0 1 1 1 43
6 0 0 1 1 1 43
7 0 0 1 1 1 43
7 0 1 1 1 1 43
7 0 1 1 1 1 43
7 0 1 1 1 1 43
7 0 1 1 1 1 43
7 0 0 1 1 1 43
7 0 0 1 1 1 43
7 0 0 1 1 1 43
8 0 0 0 0 0 0
8 0 1 1 1 1 43
8 0 1 1 1 1 43
8 0 1 1 1 1 43
8 0 1 1 1 1 43
8 0 0 1 1 1 43
8 0 0 1 1 1 43
8 0 0 1 1 1 43
#SOLUTION-AFT
 0  0  0  0  0  0  0  5 
 42  6  9  24  33  45  3  49 
 23  53  28  11  13  47  4  2 
 54  12  27  37  10  8  48  44 
 34  1  14  19  36  25  15  43 
 16  22  41  32  31  40  55  20 
 50  38  17  35  39  52  30  51 
 0  29  18  26  21  46  7  0 
#SOLUTION-FWD
 0  0  0  0  0  0  0  5 
 42  6  9  24  33  45  3  49 
 23  53  28  11  13  47  4  2 
 54  12  27  37  10  8  48  44 
 34  1  14  19  36  25  15  43 
 16  22  41  32  31  40  55  20 
 50  38  17  35  39  52  30  51 
 0  29  18  26  21  46  7  0 
#INFO
cap20: 0  cap40: 55  reefer: 0  HC: 46  capacity: 88.709677 TEU: 124