1 75 0 8 64 1 8
#POD
2 
#LOCATIONS
31 
#CONTAINERS_TOLOAD
0 0 0 16199.00 2.59 20 2 0 31 0
0 0 0 15900.00 2.90 40 2 0 31 0
0 0 0 14699.00 2.59 20 2 0 31 0
0 0 0 14900.00 2.90 40 2 0 31 0
0 0 0 6700.00 2.59 40 2 0 31 0
0 0 0 10199.00 2.59 20 2 0 31 0
0 0 0 17000.00 2.59 20 2 0 31 0
0 0 0 6900.00 2.59 40 2 0 31 0
0 0 0 14900.00 2.59 20 2 0 31 0
0 0 0 10699.00 2.59 20 2 0 31 0
0 0 0 15699.00 2.59 20 2 0 31 0
0 0 0 14900.00 2.59 20 2 0 31 0
0 0 0 15500.00 2.90 40 2 0 31 0
0 0 0 24699.00 2.59 40 2 0 31 0
0 0 0 7200.00 2.59 40 2 0 31 0
0 0 0 10800.00 2.59 40 2 0 31 0
0 0 0 12199.00 2.59 20 2 0 31 0
0 0 0 15800.00 2.59 20 2 0 31 0
0 0 0 17000.00 2.59 20 2 0 31 0
0 0 0 28199.00 2.59 40 2 0 31 0
0 0 0 16199.00 2.59 20 2 0 31 0
0 0 0 10900.00 2.59 40 2 0 31 0
0 0 0 14900.00 2.90 40 2 0 31 0
0 0 0 28399.00 2.59 40 2 0 31 0
0 0 0 14699.00 2.59 20 2 0 31 0
0 0 0 14900.00 2.90 40 2 0 31 0
0 0 0 6500.00 2.59 40 2 0 31 0
0 0 0 11699.00 2.59 40 2 0 31 0
0 0 0 14199.00 2.59 20 2 0 31 0
0 0 0 8300.00 2.59 40 2 0 31 0
0 0 0 15000.00 2.59 20 2 0 31 0
0 0 0 11199.00 2.59 40 2 0 31 0
0 0 0 29699.00 2.59 20 2 0 31 0
0 0 0 13599.00 2.59 40 2 0 31 0
0 0 0 12199.00 2.59 20 2 0 31 0
0 0 0 11699.00 2.59 40 2 0 31 0
0 0 0 6299.00 2.59 40 2 0 31 0
0 0 0 13199.00 2.59 20 2 0 31 0
0 0 0 29699.00 2.59 20 2 0 31 0
0 0 0 22399.00 2.59 40 2 0 31 0
0 0 0 14099.00 2.59 20 2 0 31 0
0 0 0 14900.00 2.90 40 2 0 31 0
0 0 0 14500.00 2.90 40 2 0 31 0
0 0 0 13900.00 2.90 40 2 0 31 0
0 0 0 28699.00 2.59 40 2 0 31 0
0 0 0 12699.00 2.59 20 2 0 31 0
0 0 0 10199.00 2.59 20 2 0 31 0
0 0 0 10199.00 2.59 20 2 0 31 0
0 0 0 15900.00 2.90 40 2 0 31 0
0 0 0 21699.00 2.59 40 2 0 31 0
0 0 0 13500.00 2.59 20 2 0 31 0
0 0 0 9699.00 2.59 40 2 0 31 0
0 0 0 10199.00 2.59 20 2 0 31 0
0 0 0 15900.00 2.90 40 2 0 31 0
0 0 0 10400.00 2.59 40 2 0 31 0
0 0 0 15900.00 2.90 40 2 0 31 0
0 0 0 12000.00 2.59 40 2 0 31 0
0 0 0 8500.00 2.59 40 2 0 31 0
0 0 0 14900.00 2.90 40 2 0 31 0
0 0 0 11699.00 2.59 40 2 0 31 0
0 0 0 15900.00 2.90 40 2 0 31 0
0 0 0 13699.00 2.59 40 2 0 31 0
0 0 0 10199.00 2.59 20 2 0 31 0
0 0 0 14900.00 2.90 40 2 0 31 0
0 0 0 15400.00 2.90 40 2 0 31 0
0 0 0 11400.00 2.59 40 2 0 31 0
0 0 0 9599.00 2.59 20 2 0 31 0
0 0 0 14900.00 2.90 40 2 0 31 0
0 0 0 10699.00 2.59 40 2 0 31 0
0 0 0 13900.00 2.90 40 2 0 31 0
0 0 0 14199.00 2.59 20 2 0 31 0
0 0 0 11699.00 2.59 40 2 0 31 0
0 0 0 21899.00 2.59 40 2 0 31 0
0 0 0 10199.00 2.59 20 2 0 31 0
0 0 0 12199.00 2.59 20 2 0 31 0
#CONTAINERS_LOADED 
#STACKS
270000.000000 18.550000 31
270000.000000 21.160000 31
270000.000000 21.160000 31
270000.000000 21.160000 31
270000.000000 21.160000 31
270000.000000 21.160000 31
270000.000000 21.160000 31
270000.000000 18.550000 31
#CELLS
1 0 0 0 0 0 0
1 0 1 1 1 1 31
1 0 1 1 1 1 31
1 0 1 1 1 1 31
1 0 1 1 1 1 31
1 0 0 1 1 1 31
1 0 0 1 1 1 31
1 0 0 1 1 1 31
2 0 0 1 1 1 31
2 0 1 1 1 1 31
2 0 1 1 1 1 31
2 0 1 1 1 1 31
2 0 1 1 1 1 31
2 0 0 1 1 1 31
2 0 0 1 1 1 31
2 0 0 1 1 1 31
3 0 0 1 1 1 31
3 0 1 1 1 1 31
3 0 1 1 1 1 31
3 0 1 1 1 1 31
3 0 1 1 1 1 31
3 0 0 1 1 1 31
3 0 0 1 1 1 31
3 0 0 1 1 1 31
4 0 0 1 1 1 31
4 0 1 1 1 1 31
4 0 1 1 1 1 31
4 0 1 1 1 1 31
4 0 1 1 1 1 31
4 0 0 1 1 1 31
4 0 0 1 1 1 31
4 0 0 1 1 1 31
5 0 0 1 1 1 31
5 0 1 1 1 1 31
5 0 1 1 1 1 31
5 0 1 1 1 1 31
5 0 1 1 1 1 31
5 0 0 1 1 1 31
5 0 0 1 1 1 31
5 0 0 1 1 1 31
6 0 0 1 1 1 31
6 0 1 1 1 1 31
6 0 1 1 1 1 31
6 0 1 1 1 1 31
6 0 1 1 1 1 31
6 0 0 1 1 1 31
6 0 0 1 1 1 31
6 0 0 1 1 1 31
7 0 0 1 1 1 31
7 0 1 1 1 1 31
7 0 1 1 1 1 31
7 0 1 1 1 1 31
7 0 1 1 1 1 31
7 0 0 1 1 1 31
7 0 0 1 1 1 31
7 0 0 1 1 1 31
8 0 0 0 0 0 0
8 0 1 1 1 1 31
8 0 1 1 1 1 31
8 0 1 1 1 1 31
8 0 1 1 1 1 31
8 0 0 1 1 1 31
8 0 0 1 1 1 31
8 0 0 1 1 1 31
#SOLUTION-AFT
 37  32  0  34  54  60  0  58 
 27  66  72  62  50  57  59  52 
 5  43  28  61  73  2  64  55 
 8  47  36  3  40  35  68  69 
 15  48  65  12  14  38  4  16 
 30  53  13  11  20  41  23  22 
 70  10  56  21  24  25  26  44 
 0  17  49  19  45  39  42  0 
#SOLUTION-FWD
 37  32  0  34  54  60  0  58 
 27  66  72  62  50  57  59  52 
 5  43  28  61  73  2  64  55 
 8  67  36  9  40  46  68  69 
 15  6  65  31  14  51  4  16 
 30  74  13  18  20  29  23  22 
 70  63  56  1  24  71  26  44 
 0  75  49  7  45  33  42  0 
#INFO
cap20: 30  cap40: 45  reefer: 0  HC: 17  capacity: 96.774194 TEU: 124