2 96 0 8 72 1 9
#POD
2 10 
#LOCATIONS
47 
#CONTAINERS_TOLOAD
0 0 0 2000.00 2.59 20 2 0 47 0
0 0 0 2000.00 2.59 20 2 0 47 0
0 0 0 2000.00 2.59 20 2 0 47 0
0 0 0 2900.00 2.59 20 2 0 47 0
0 0 0 2900.00 2.59 20 2 0 47 0
0 0 0 7200.00 2.59 40 2 0 47 0
0 0 0 13136.00 2.90 40 2 0 47 0
0 0 0 20210.00 2.59 20 2 0 47 0
0 0 0 24300.00 2.59 20 2 0 47 0
0 0 0 20600.00 2.59 20 2 0 47 0
0 0 0 2000.00 2.59 20 2 0 47 0
0 0 0 20300.00 2.59 20 2 0 47 0
0 0 0 20210.00 2.59 20 2 0 47 0
0 0 0 21100.00 2.59 20 2 0 47 0
0 0 0 24800.00 2.59 20 2 0 47 0
0 0 0 20210.00 2.59 20 2 0 47 0
0 0 0 2900.00 2.59 20 2 0 47 0
0 0 0 2900.00 2.59 20 2 0 47 0
0 0 0 20210.00 2.59 20 2 0 47 0
0 0 0 20210.00 2.59 20 2 0 47 0
0 0 0 20300.00 2.59 20 2 0 47 0
0 0 0 2900.00 2.59 20 2 0 47 0
0 0 0 2900.00 2.59 20 2 0 47 0
0 0 0 2900.00 2.59 20 2 0 47 0
0 0 0 2000.00 2.59 20 2 0 47 0
0 0 0 2900.00 2.59 20 2 0 47 0
0 0 0 21100.00 2.59 20 2 0 47 0
0 0 0 2000.00 2.59 20 2 0 47 0
0 0 0 20210.00 2.59 20 2 0 47 0
0 0 0 2000.00 2.59 20 2 0 47 0
0 0 0 2900.00 2.59 20 2 0 47 0
0 0 0 2900.00 2.59 20 2 0 47 0
0 0 0 23800.00 2.59 20 2 0 47 0
0 0 0 7300.00 2.59 40 2 0 47 0
0 0 0 2900.00 2.59 20 2 0 47 0
0 0 0 2000.00 2.59 20 2 0 47 0
0 0 0 24600.00 2.59 20 2 0 47 0
0 0 0 2900.00 2.59 20 2 0 47 0
0 0 0 2000.00 2.59 20 2 0 47 0
0 0 0 2000.00 2.59 20 2 0 47 0
0 0 0 4500.00 2.90 40 2 0 47 0
0 0 0 2000.00 2.59 20 2 0 47 0
0 0 0 2900.00 2.59 20 2 0 47 0
0 0 0 24700.00 2.59 20 2 0 47 0
0 0 0 2900.00 2.59 20 2 0 47 0
0 0 0 2000.00 2.59 20 2 0 47 0
0 0 0 24700.00 2.59 20 2 0 47 0
0 0 0 2900.00 2.59 20 2 0 47 0
0 0 0 4500.00 2.90 40 2 0 47 0
0 0 0 2000.00 2.59 20 2 0 47 0
0 0 0 20300.00 2.59 20 2 0 47 0
0 0 0 20210.00 2.59 20 2 0 47 0
0 0 0 24400.00 2.59 20 2 0 47 0
0 0 0 20210.00 2.59 20 2 0 47 0
0 0 0 2900.00 2.59 20 2 0 47 0
0 0 0 4500.00 2.90 40 2 0 47 0
0 0 0 2900.00 2.59 20 2 0 47 0
0 0 0 2000.00 2.59 20 2 0 47 0
0 0 0 2000.00 2.59 20 2 0 47 0
0 0 0 2000.00 2.59 20 2 0 47 0
0 0 0 21100.00 2.59 20 2 0 47 0
0 0 0 25000.00 2.59 20 2 0 47 0
0 0 0 2900.00 2.59 20 2 0 47 0
0 0 0 23800.00 2.59 20 2 0 47 0
0 0 0 2000.00 2.59 20 2 0 47 0
0 0 0 24400.00 2.59 20 2 0 47 0
0 0 0 2900.00 2.59 20 2 0 47 0
0 0 0 2900.00 2.59 20 2 0 47 0
0 0 0 20210.00 2.59 20 2 0 47 0
0 0 0 2000.00 2.59 20 2 0 47 0
0 0 0 2000.00 2.59 20 2 0 47 0
0 0 0 23800.00 2.59 20 2 0 47 0
0 0 0 2000.00 2.59 20 2 0 47 0
0 0 0 4500.00 2.90 40 2 0 47 0
0 0 0 2000.00 2.59 20 2 0 47 0
0 0 0 2900.00 2.59 20 2 0 47 0
0 0 0 2000.00 2.59 20 2 0 47 0
0 0 0 20210.00 2.59 20 2 0 47 0
0 0 0 24590.00 2.59 20 2 0 47 0
0 0 0 23800.00 2.59 20 2 0 47 0
0 0 0 24863.00 2.59 20 10 0 47 0
0 0 0 2000.00 2.59 20 2 0 47 0
0 0 0 2000.00 2.59 20 2 0 47 0
0 0 0 2900.00 2.59 20 2 0 47 0
0 0 0 24389.00 2.59 20 10 0 47 0
0 0 0 24600.00 2.59 20 2 0 47 0
0 0 0 24515.00 2.59 20 10 0 47 0
0 0 0 20300.00 2.59 20 2 0 47 0
0 0 0 2000.00 2.59 20 2 0 47 0
0 0 0 20987.00 2.59 20 2 0 47 0
0 0 0 2900.00 2.59 20 2 0 47 0
0 0 0 4500.00 2.90 40 2 0 47 0
0 0 0 24100.00 2.59 20 2 0 47 0
0 0 0 21190.00 2.59 20 2 0 47 0
0 0 0 24000.00 2.59 20 2 0 47 0
0 0 0 24390.00 2.59 20 2 0 47 0
#CONTAINERS_LOADED 
#STACKS
384000.000000 18.690000 47
384000.000000 21.280000 47
384000.000000 21.280000 47
384000.000000 21.280000 47
384000.000000 21.280000 47
384000.000000 21.280000 47
384000.000000 21.280000 47
384000.000000 18.690000 47
#CELLS
1 0 0 0 0 0 0
1 0 0 1 1 1 47
1 0 0 1 1 1 47
1 0 0 1 1 1 47
1 0 0 1 1 1 47
1 0 0 1 1 1 47
1 0 0 1 1 1 47
1 0 0 1 1 1 47
1 0 0 0 0 0 0
2 0 0 1 1 1 47
2 0 0 1 1 1 47
2 0 0 1 1 1 47
2 0 0 1 1 1 47
2 0 0 1 1 1 47
2 0 0 1 1 1 47
2 0 0 1 1 1 47
2 0 0 1 1 1 47
2 0 0 0 0 0 0
3 0 0 1 1 1 47
3 0 0 1 1 1 47
3 0 0 1 1 1 47
3 0 0 1 1 1 47
3 0 0 1 1 1 47
3 0 0 1 1 1 47
3 0 0 1 1 1 47
3 0 0 1 1 1 47
3 0 0 0 0 0 0
4 0 0 1 1 1 47
4 0 0 1 1 1 47
4 0 0 1 1 1 47
4 0 0 1 1 1 47
4 0 0 1 1 1 47
4 0 0 1 1 1 47
4 0 0 1 1 1 47
4 0 0 1 1 1 47
4 0 0 0 0 0 0
5 0 0 1 1 1 47
5 0 0 1 1 1 47
5 0 0 1 1 1 47
5 0 0 1 1 1 47
5 0 0 1 1 1 47
5 0 0 1 1 1 47
5 0 0 1 1 1 47
5 0 0 1 1 1 47
5 0 0 0 0 0 0
6 0 0 1 1 1 47
6 0 0 1 1 1 47
6 0 0 1 1 1 47
6 0 0 1 1 1 47
6 0 0 1 1 1 47
6 0 0 1 1 1 47
6 0 0 1 1 1 47
6 0 0 1 1 1 47
6 0 0 0 0 0 0
7 0 0 1 1 1 47
7 0 0 1 1 1 47
7 0 0 1 1 1 47
7 0 0 1 1 1 47
7 0 0 1 1 1 47
7 0 0 1 1 1 47
7 0 0 1 1 1 47
7 0 0 1 1 1 47
7 0 0 0 0 0 0
8 0 0 0 0 0 0
8 0 0 1 1 1 47
8 0 0 1 1 1 47
8 0 0 1 1 1 47
8 0 0 1 1 1 47
8 0 0 1 1 1 47
8 0 0 1 1 1 47
8 0 0 1 1 1 47
8 0 0 0 0 0 0
#SOLUTION-AFT
 0  0  0  0  0  0  0  0 
 0  49  0  0  0  0  0  0 
 92  6  41  74  0  0  0  65 
 29  34  7  56  43  83  30  36 
 54  69  53  88  91  4  58  39 
 33  78  66  12  24  31  40  89 
 80  72  86  10  63  67  11  70 
 81  95  47  27  17  32  28  73 
 0  96  15  61  38  22  1  0 
#SOLUTION-FWD
 0  0  0  0  0  0  0  0 
 0  49  0  0  0  0  0  0 
 92  6  41  74  0  0  0  2 
 13  34  7  56  5  35  25  82 
 16  52  8  21  18  55  46  60 
 64  19  79  51  57  68  42  75 
 85  20  37  90  23  45  71  3 
 87  93  44  14  84  26  59  77 
 0  9  62  94  48  76  50  0 
#INFO
cap20: 88  cap40: 8  reefer: 0  HC: 6  capacity: 83.870968 TEU: 124