1 24 0 3 24 1 8
#POD
6 
#LOCATIONS
25 
#CONTAINERS_TOLOAD
0 0 0 22253.00 2.59 40 6 0 25 0
0 0 0 22852.00 2.59 40 6 0 25 0
0 0 0 26844.00 2.59 40 6 0 25 0
0 0 0 24512.00 2.59 40 6 0 25 0
0 0 0 24467.00 2.59 40 6 0 25 0
0 0 0 23088.00 2.59 40 6 0 25 0
0 0 0 10200.00 2.59 40 6 0 25 0
0 0 0 24385.00 2.59 40 6 0 25 0
0 0 0 24589.00 2.59 40 6 0 25 0
0 0 0 20693.00 2.59 40 6 0 25 0
0 0 0 21210.00 2.59 40 6 0 25 0
0 0 0 27388.00 2.59 40 6 0 25 0
0 0 0 22807.00 2.59 40 6 0 25 0
0 0 0 21754.00 2.59 40 6 0 25 0
0 0 0 24957.00 2.59 40 6 0 25 0
0 0 0 23160.00 2.59 40 6 0 25 0
0 0 0 26236.00 2.59 40 6 0 25 0
0 0 0 23061.00 2.59 40 6 0 25 0
0 0 0 23006.00 2.59 40 6 0 25 0
0 0 0 22289.00 2.59 40 6 0 25 0
0 0 0 22017.00 2.59 40 6 0 25 0
0 0 0 25519.00 2.59 40 6 0 25 0
0 0 0 22571.00 2.59 40 6 0 25 0
0 0 0 22380.00 2.59 40 6 0 25 0
#CONTAINERS_LOADED 
#STACKS
234000.000000 21.100000 25
234000.000000 21.100000 25
234000.000000 21.100000 25
#CELLS
1 0 0 1 1 1 25
1 0 0 1 1 1 25
1 0 0 1 1 1 25
1 0 0 1 1 1 25
1 0 0 1 1 1 25
1 0 0 1 1 1 25
1 0 0 1 1 1 25
1 0 0 0 0 1 25
2 0 0 1 1 1 25
2 0 0 1 1 1 25
2 0 0 1 1 1 25
2 0 0 1 1 1 25
2 0 0 1 1 1 25
2 0 0 1 1 1 25
2 0 0 1 1 1 25
2 0 0 0 0 1 25
3 0 0 1 1 1 25
3 0 0 1 1 1 25
3 0 0 1 1 1 25
3 0 0 1 1 1 25
3 0 0 1 1 1 25
3 0 0 1 1 1 25
3 0 0 1 1 1 25
3 0 0 0 0 1 25
#SOLUTION-AFT
 7  5  23 
 10  4  13 
 11  9  2 
 14  15  19 
 21  22  18 
 1  17  6 
 20  3  16 
 24  12  8 
#SOLUTION-FWD
 7  5  23 
 10  4  13 
 11  9  2 
 14  15  19 
 21  22  18 
 1  17  6 
 20  3  16 
 24  12  8 
#INFO
cap20: 0  cap40: 24  reefer: 0  HC: 0  capacity: 100.000000 TEU: 48