1 36 0 10 90 1 9
#POD
4 
#LOCATIONS
93 
#CONTAINERS_TOLOAD
0 0 0 11316.00 2.90 40 4 0 93 0
0 0 0 11299.00 2.90 40 4 0 93 0
0 0 0 9588.00 2.90 40 4 0 93 0
0 0 0 9551.00 2.90 40 4 0 93 0
0 0 0 11059.00 2.90 40 4 0 93 0
0 0 0 9293.00 2.90 40 4 0 93 0
0 0 0 9672.00 2.90 40 4 0 93 0
0 0 0 10950.00 2.90 40 4 0 93 0
0 0 0 9646.00 2.90 40 4 0 93 0
0 0 0 9557.00 2.90 40 4 0 93 0
0 0 0 11051.00 2.90 40 4 0 93 0
0 0 0 11240.00 2.90 40 4 0 93 0
0 0 0 10906.00 2.90 40 4 0 93 0
0 0 0 10940.00 2.90 40 4 0 93 0
0 0 0 11120.00 2.90 40 4 0 93 0
0 0 0 10950.00 2.90 40 4 0 93 0
0 0 0 9450.00 2.90 40 4 0 93 0
0 0 0 11039.00 2.90 40 4 0 93 0
0 0 0 9640.00 2.90 40 4 0 93 0
0 0 0 9663.00 2.90 40 4 0 93 0
0 0 0 10980.00 2.90 40 4 0 93 0
0 0 0 9494.00 2.90 40 4 0 93 0
0 0 0 11149.00 2.90 40 4 0 93 0
0 0 0 400.00 2.90 40 4 0 93 0
0 0 0 400.00 2.90 40 4 0 93 0
0 0 0 400.00 2.90 40 4 0 93 0
0 0 0 400.00 2.90 40 4 0 93 0
0 0 0 400.00 2.90 40 4 0 93 0
0 0 0 400.00 2.90 40 4 0 93 0
0 0 0 400.00 2.90 40 4 0 93 0
0 0 0 11000.00 2.90 40 4 0 93 0
0 0 0 9310.00 2.90 40 4 0 93 0
0 0 0 400.00 2.90 40 4 0 93 0
0 0 0 400.00 2.90 40 4 0 93 0
0 0 0 400.00 2.90 40 4 0 93 0
0 0 0 9556.00 2.90 40 4 0 93 0
#CONTAINERS_LOADED 
#STACKS
184000.000000 10.363200 93
184000.000000 10.363200 93
184000.000000 12.960000 93
184000.000000 12.960000 93
184000.000000 12.960000 93
184000.000000 12.960000 93
184000.000000 12.960000 93
184000.000000 12.960000 93
184000.000000 10.363200 93
184000.000000 10.363200 93
#CELLS
1 0 0 0 0 0 0
1 0 0 0 0 0 0
1 0 0 0 0 0 0
1 0 0 0 0 0 0
1 0 0 0 0 0 0
1 0 0 1 1 1 93
1 0 0 1 1 1 93
1 0 0 1 1 1 93
1 0 0 1 1 1 93
2 0 0 0 0 0 0
2 0 0 0 0 0 0
2 0 0 0 0 0 0
2 0 0 0 0 0 0
2 0 0 0 0 0 0
2 0 0 1 1 1 93
2 0 0 1 1 1 93
2 0 0 1 1 1 93
2 0 0 1 1 1 93
3 0 0 0 0 0 0
3 0 0 0 0 0 0
3 0 0 0 0 0 0
3 0 0 0 0 0 0
3 0 0 1 1 1 93
3 0 0 1 1 1 93
3 0 0 1 1 1 93
3 0 0 1 1 1 93
3 0 0 1 1 1 93
4 0 0 0 0 0 0
4 0 0 0 0 0 0
4 0 0 0 0 0 0
4 0 0 0 0 0 0
4 0 0 1 1 1 93
4 0 0 1 1 1 93
4 0 0 1 1 1 93
4 0 0 1 1 1 93
4 0 0 1 1 1 93
5 0 0 0 0 0 0
5 0 0 0 0 0 0
5 0 0 0 0 0 0
5 0 0 0 0 0 0
5 0 0 1 1 1 93
5 0 0 1 1 1 93
5 0 0 1 1 1 93
5 0 0 1 1 1 93
5 0 0 1 1 1 93
6 0 0 0 0 0 0
6 0 0 0 0 0 0
6 0 0 0 0 0 0
6 0 0 0 0 0 0
6 0 0 1 1 1 93
6 0 0 1 1 1 93
6 0 0 1 1 1 93
6 0 0 1 1 1 93
6 0 0 1 1 1 93
7 0 0 0 0 0 0
7 0 0 0 0 0 0
7 0 0 0 0 0 0
7 0 0 0 0 0 0
7 0 0 1 1 1 93
7 0 0 1 1 1 93
7 0 0 1 1 1 93
7 0 0 1 1 1 93
7 0 0 1 1 1 93
8 0 0 0 0 0 0
8 0 0 0 0 0 0
8 0 0 0 0 0 0
8 0 0 0 0 0 0
8 0 0 1 1 1 93
8 0 0 1 1 1 93
8 0 0 1 1 1 93
8 0 0 1 1 1 93
8 0 0 1 1 1 93
9 0 0 0 0 0 0
9 0 0 0 0 0 0
9 0 0 0 0 0 0
9 0 0 0 0 0 0
9 0 0 0 0 0 0
9 0 0 1 1 1 93
9 0 0 1 1 1 93
9 0 0 1 1 1 93
9 0 0 1 1 1 93
10 0 0 0 0 0 0
10 0 0 0 0 0 0
10 0 0 0 0 0 0
10 0 0 0 0 0 0
10 0 0 0 0 0 0
10 0 0 1 1 1 93
10 0 0 1 1 1 93
10 0 0 1 1 1 93
10 0 0 1 1 1 93
#SOLUTION-AFT
 0  0  0  0  0  0  0  0  0  0 
 6  29  33  31  23  19  35  34  22  13 
 32  30  27  18  12  9  24  26  4  14 
 17  28  8  11  2  20  25  10  36  16 
 0  0  21  5  1  7  15  3  0  0 
 0  0  0  0  0  0  0  0  0  0 
 0  0  0  0  0  0  0  0  0  0 
 0  0  0  0  0  0  0  0  0  0 
 0  0  0  0  0  0  0  0  0  0 
#SOLUTION-FWD
 0  0  0  0  0  0  0  0  0  0 
 6  29  33  31  23  19  35  34  22  13 
 32  30  27  18  12  9  24  26  4  14 
 17  28  8  11  2  20  25  10  36  16 
 0  0  21  5  1  7  15  3  0  0 
 0  0  0  0  0  0  0  0  0  0 
 0  0  0  0  0  0  0  0  0  0 
 0  0  0  0  0  0  0  0  0  0 
 0  0  0  0  0  0  0  0  0  0 
#INFO
cap20: 0  cap40: 36  reefer: 0  HC: 36  capacity: 78.260870 TEU: 92