1 5 0 3 21 1 7
#POD
6 
#LOCATIONS
4 
#CONTAINERS_TOLOAD
0 0 0 14154.00 2.90 40 6 0 4 0
0 0 0 14154.00 2.90 40 6 0 4 0
0 0 0 4000.00 2.90 40 6 0 4 0
0 0 0 14154.00 2.90 40 6 0 4 0
0 0 0 14154.00 2.90 40 6 0 4 0
#CONTAINERS_LOADED 
#STACKS
192000.000000 3.090000 4
192000.000000 5.690000 4
192000.000000 11.490000 4
#CELLS
1 0 0 0 0 0 0
1 0 0 0 0 0 0
1 0 0 0 0 0 0
1 0 0 0 0 0 0
1 0 0 0 0 0 0
1 0 0 0 0 0 0
1 0 0 1 1 1 4
2 0 0 0 0 0 0
2 0 0 0 0 0 0
2 0 0 0 0 0 0
2 0 0 0 0 0 0
2 0 0 0 0 0 0
2 0 0 1 1 1 4
2 0 0 1 1 1 4
3 0 0 0 0 0 0
3 0 0 0 0 0 0
3 0 0 0 0 0 0
3 0 0 1 1 1 4
3 0 0 1 1 1 4
3 0 0 1 1 1 4
3 0 0 1 1 1 4
#SOLUTION-AFT
 2  0  0 
 0  3  4 
 0  0  5 
 0  0  1 
 0  0  0 
 0  0  0 
 0  0  0 
#SOLUTION-FWD
 2  0  0 
 0  3  4 
 0  0  5 
 0  0  1 
 0  0  0 
 0  0  0 
 0  0  0 
#INFO
cap20: 0  cap40: 5  reefer: 0  HC: 5  capacity: 71.428571 TEU: 14