2 29 6 4 36 1 9
#POD
4 6 
#LOCATIONS
30 
#CONTAINERS_TOLOAD
0 0 0 10500.00 2.59 40 4 0 30 0
0 0 0 11400.00 2.59 40 4 0 30 0
0 0 0 9900.00 2.59 40 4 0 30 0
0 0 0 11100.00 2.59 40 4 0 30 0
0 0 0 11200.00 2.59 40 4 0 30 0
0 0 0 22330.00 2.59 40 4 0 30 0
0 0 0 10100.00 2.59 40 4 0 30 0
0 0 0 13400.00 2.90 40 4 0 30 0
0 0 0 11600.00 2.59 40 4 0 30 0
0 0 0 13300.00 2.90 40 4 0 30 0
0 0 0 13200.00 2.59 40 4 0 30 0
0 0 0 24195.00 2.59 40 4 0 30 0
0 0 0 13500.00 2.90 40 4 0 30 0
0 0 0 9400.00 2.59 40 4 0 30 0
0 0 0 10000.00 2.59 40 4 0 30 0
0 0 0 9400.00 2.59 40 4 0 30 0
0 0 0 9900.00 2.59 40 4 0 30 0
0 0 0 28430.00 2.59 40 4 0 30 0
0 0 0 23740.00 2.59 40 4 0 30 0
0 0 0 13200.00 2.90 40 4 0 30 0
0 0 0 11300.00 2.59 40 4 0 30 0
0 0 0 27670.00 2.59 40 4 0 30 0
0 0 0 29000.00 2.90 40 4 0 30 0
0 0 0 9300.00 2.59 40 4 0 30 0
0 0 0 9800.00 2.59 40 4 0 30 0
0 0 0 9600.00 2.59 40 4 0 30 0
0 0 0 10900.00 2.59 40 4 0 30 0
0 0 0 10000.00 2.59 40 4 0 30 0
0 0 0 22800.00 2.59 40 4 0 30 0
#CONTAINERS_LOADED 
4 4 0 32300.00 2.90 40 4 1 30 0
4 6 0 32300.00 2.90 40 4 1 30 0
4 3 0 29200.00 2.90 40 4 1 30 0
4 1 0 32400.00 2.90 40 6 1 30 0
4 5 0 30700.00 2.90 40 4 1 30 0
4 2 0 30600.00 2.90 40 4 1 30 0
#STACKS
378000.000000 23.870000 30
378000.000000 23.870000 30
378000.000000 23.870000 30
378000.000000 23.870000 30
#CELLS
1 1 0 0 0 1 30
1 1 0 0 0 1 30
1 1 0 0 0 1 30
1 1 0 0 0 1 30
1 1 0 0 0 1 30
1 1 0 0 0 1 30
1 0 0 0 0 1 30
1 0 0 0 0 1 30
1 0 0 0 0 1 30
2 1 0 0 0 1 30
2 1 0 0 0 1 30
2 1 0 0 0 1 30
2 1 0 0 0 1 30
2 1 0 0 0 1 30
2 1 0 0 0 1 30
2 0 0 0 0 1 30
2 0 0 0 0 1 30
2 0 0 0 0 1 30
3 1 0 0 0 1 30
3 1 0 0 0 1 30
3 1 0 0 0 1 30
3 1 0 0 0 1 30
3 1 0 0 0 1 30
3 1 0 0 0 1 30
3 0 0 0 0 1 30
3 0 0 0 0 1 30
3 0 0 0 0 1 30
4 1 0 0 0 1 30
4 1 0 0 0 1 30
4 1 0 0 0 1 30
4 1 0 0 0 1 30
4 1 0 0 0 1 30
4 1 0 0 0 1 30
4 0 0 0 0 1 30
4 0 0 0 0 1 30
4 0 0 0 0 1 30
#SOLUTION-AFT
 24  1  16  0 
 14  27  26  20 
 6  4  25  10 
 29  5  3  31 
 19  21  17  34 
 12  2  15  30 
 22  9  28  32 
 18  11  7  35 
 23  13  8  33 
#SOLUTION-FWD
 24  1  16  0 
 14  27  26  20 
 6  4  25  10 
 29  5  3  31 
 19  21  17  34 
 12  2  15  30 
 22  9  28  32 
 18  11  7  35 
 23  13  8  33 
#INFO
cap20: 0  cap40: 35  reefer: 6  HC: 11  capacity: 97.222222 TEU: 72