1 34 0 3 27 1 9
#POD
8 
#LOCATIONS
26 
#CONTAINERS_TOLOAD
0 0 0 18000.00 2.59 20 8 0 26 0
0 0 0 18000.00 2.59 20 8 0 26 0
0 0 0 4000.00 2.59 40 8 0 26 0
0 0 0 18000.00 2.59 20 8 0 26 0
0 0 0 18000.00 2.59 20 8 0 26 0
0 0 0 18000.00 2.59 20 8 0 26 0
0 0 0 18000.00 2.59 20 8 0 26 0
0 0 0 27200.00 2.90 40 8 0 26 0
0 0 0 18000.00 2.59 20 8 0 26 0
0 0 0 18000.00 2.59 20 8 0 26 0
0 0 0 18000.00 2.59 20 8 0 26 0
0 0 0 18000.00 2.59 20 8 0 26 0
0 0 0 19800.00 2.59 20 8 0 26 0
0 0 0 18000.00 2.59 20 8 0 26 0
0 0 0 24900.00 2.90 40 8 0 26 0
0 0 0 24830.00 2.90 40 8 0 26 0
0 0 0 24870.00 2.90 40 8 0 26 0
0 0 0 27400.00 2.90 40 8 0 26 0
0 0 0 18000.00 2.59 20 8 0 26 0
0 0 0 18000.00 2.59 20 8 0 26 0
0 0 0 18000.00 2.59 20 8 0 26 0
0 0 0 4000.00 2.59 40 8 0 26 0
0 0 0 18000.00 2.59 20 8 0 26 0
0 0 0 27800.00 2.90 40 8 0 26 0
0 0 0 18079.00 2.59 20 8 0 26 0
0 0 0 12794.00 2.59 20 8 0 26 0
0 0 0 18000.00 2.59 20 8 0 26 0
0 0 0 4000.00 2.59 40 8 0 26 0
0 0 0 4000.00 2.59 40 8 0 26 0
0 0 0 18000.00 2.59 20 8 0 26 0
0 0 0 18000.00 2.59 20 8 0 26 0
0 0 0 27600.00 2.90 40 8 0 26 0
0 0 0 18000.00 2.59 20 8 0 26 0
0 0 0 4000.00 2.59 40 8 0 26 0
#CONTAINERS_LOADED 
#STACKS
384000.000000 21.280000 26
384000.000000 21.280000 26
384000.000000 21.280000 26
#CELLS
1 0 0 1 1 1 26
1 0 1 1 1 1 26
1 0 1 1 1 1 26
1 0 1 1 1 1 26
1 0 1 1 1 1 26
1 0 1 1 1 1 26
1 0 0 1 1 1 26
1 0 0 1 1 1 26
1 0 0 0 0 0 0
2 0 0 1 1 1 26
2 0 1 1 1 1 26
2 0 1 1 1 1 26
2 0 1 1 1 1 26
2 0 1 1 1 1 26
2 0 1 1 1 1 26
2 0 0 1 1 1 26
2 0 0 1 1 1 26
2 0 0 0 0 0 0
3 0 0 1 1 1 26
3 0 1 1 1 1 26
3 0 1 1 1 1 26
3 0 1 1 1 1 26
3 0 1 1 1 1 26
3 0 1 1 1 1 26
3 0 0 1 1 1 26
3 0 0 1 1 1 26
3 0 0 0 0 0 0
#SOLUTION-AFT
 0  0  0 
 0  28  34 
 16  3  22 
 17  29  24 
 15  11  5 
 8  21  6 
 18  9  7 
 32  14  20 
 30  25  23 
#SOLUTION-FWD
 0  0  0 
 0  28  34 
 16  3  22 
 17  29  24 
 15  2  26 
 8  33  4 
 18  1  19 
 32  10  12 
 27  13  31 
#INFO
cap20: 22  cap40: 12  reefer: 0  HC: 7  capacity: 95.833333 TEU: 48