2 87 0 10 90 1 9
#POD
3 5 
#LOCATIONS
47 
#CONTAINERS_TOLOAD
0 0 0 18650.00 2.59 40 5 0 47 0
0 0 0 29200.00 2.59 40 3 0 47 0
0 0 0 21721.00 2.59 40 5 0 47 0
0 0 0 29285.00 2.59 40 3 0 47 0
0 0 0 13700.00 2.59 40 5 0 47 0
0 0 0 22200.00 2.59 20 5 0 47 0
0 0 0 5230.00 2.59 20 5 0 47 0
0 0 0 15640.00 2.59 40 5 0 47 0
0 0 0 19004.00 2.90 40 3 0 47 0
0 0 0 11650.00 2.59 40 5 0 47 0
0 0 0 9700.00 2.59 40 5 0 47 0
0 0 0 9750.00 2.59 40 5 0 47 0
0 0 0 20846.00 2.90 40 3 0 47 0
0 0 0 19633.00 2.90 40 3 0 47 0
0 0 0 20330.00 2.59 20 5 0 47 0
0 0 0 23708.00 2.59 40 5 0 47 0
0 0 0 21650.00 2.90 40 3 0 47 0
0 0 0 9670.00 2.59 40 5 0 47 0
0 0 0 20916.00 2.90 40 3 0 47 0
0 0 0 18541.00 2.59 40 5 0 47 0
0 0 0 9743.00 2.59 40 5 0 47 0
0 0 0 26700.00 2.59 40 5 0 47 0
0 0 0 23800.00 2.59 40 5 0 47 0
0 0 0 15940.00 2.90 40 5 0 47 0
0 0 0 29928.00 2.59 40 3 0 47 0
0 0 0 20572.00 2.90 40 3 0 47 0
0 0 0 24715.00 2.59 40 5 0 47 0
0 0 0 22230.00 2.59 20 5 0 47 0
0 0 0 29200.00 2.59 40 3 0 47 0
0 0 0 25620.00 2.59 20 5 0 47 0
0 0 0 20260.00 2.59 20 5 0 47 0
0 0 0 29325.00 2.59 40 3 0 47 0
0 0 0 13640.00 2.59 40 5 0 47 0
0 0 0 9623.00 2.59 40 5 0 47 0
0 0 0 9650.00 2.59 40 5 0 47 0
0 0 0 21640.00 2.59 40 5 0 47 0
0 0 0 29160.00 2.59 40 3 0 47 0
0 0 0 20230.00 2.59 20 5 0 47 0
0 0 0 29365.00 2.59 40 3 0 47 0
0 0 0 12210.00 2.59 20 5 0 47 0
0 0 0 9980.00 2.59 40 5 0 47 0
0 0 0 5170.00 2.59 20 5 0 47 0
0 0 0 9723.00 2.59 40 5 0 47 0
0 0 0 23800.00 2.59 40 5 0 47 0
0 0 0 23800.00 2.59 40 5 0 47 0
0 0 0 9673.00 2.59 40 5 0 47 0
0 0 0 29848.00 2.59 40 3 0 47 0
0 0 0 5700.00 2.59 40 5 0 47 0
0 0 0 9673.00 2.59 40 5 0 47 0
0 0 0 23650.00 2.59 40 5 0 47 0
0 0 0 14170.00 2.59 20 5 0 47 0
0 0 0 20230.00 2.59 20 5 0 47 0
0 0 0 24030.00 2.59 40 5 0 47 0
0 0 0 22325.00 2.59 40 5 0 47 0
0 0 0 20147.00 2.59 40 3 0 47 0
0 0 0 20280.00 2.59 20 5 0 47 0
0 0 0 29000.00 2.59 40 5 0 47 0
0 0 0 9750.00 2.59 40 5 0 47 0
0 0 0 29958.00 2.59 40 3 0 47 0
0 0 0 29200.00 2.59 40 3 0 47 0
0 0 0 9800.00 2.59 40 5 0 47 0
0 0 0 20230.00 2.59 20 5 0 47 0
0 0 0 19900.00 2.59 40 5 0 47 0
0 0 0 9640.00 2.59 40 5 0 47 0
0 0 0 3914.00 2.59 40 5 0 47 0
0 0 0 18550.00 2.59 40 5 0 47 0
0 0 0 18800.00 2.59 40 5 0 47 0
0 0 0 18800.00 2.59 40 5 0 47 0
0 0 0 26700.00 2.59 40 5 0 47 0
0 0 0 9740.00 2.59 40 5 0 47 0
0 0 0 21935.00 2.90 40 3 0 47 0
0 0 0 4504.00 2.59 40 5 0 47 0
0 0 0 29495.00 2.90 40 3 0 47 0
0 0 0 28920.00 2.59 40 3 0 47 0
0 0 0 18700.00 2.59 40 5 0 47 0
0 0 0 22170.00 2.59 20 5 0 47 0
0 0 0 9673.00 2.59 40 5 0 47 0
0 0 0 21696.00 2.90 40 3 0 47 0
0 0 0 21446.00 2.90 40 3 0 47 0
0 0 0 9700.00 2.59 40 5 0 47 0
0 0 0 7280.00 2.59 20 5 0 47 0
0 0 0 19570.00 2.59 40 3 0 47 0
0 0 0 3300.00 2.59 20 5 0 47 0
0 0 0 7550.00 2.59 40 5 0 47 0
0 0 0 8350.00 2.59 20 5 0 47 0
0 0 0 12230.00 2.59 20 5 0 47 0
0 0 0 12170.00 2.59 40 3 0 47 0
#CONTAINERS_LOADED 
#STACKS
324000.000000 18.690000 47
378000.000000 23.870000 47
378000.000000 23.870000 47
378000.000000 23.870000 47
378000.000000 23.870000 47
378000.000000 23.870000 47
378000.000000 23.870000 47
378000.000000 23.870000 47
378000.000000 23.870000 47
324000.000000 18.690000 47
#CELLS
1 0 0 0 0 0 0
1 0 0 0 0 0 0
1 0 0 1 1 1 47
1 0 0 1 1 1 47
1 0 0 1 1 1 47
1 0 0 1 1 1 47
1 0 0 1 1 1 47
1 0 0 1 1 1 47
1 0 0 1 1 1 47
2 0 0 1 1 1 47
2 0 0 1 1 1 47
2 0 0 1 1 1 47
2 0 0 1 1 1 47
2 0 0 1 1 1 47
2 0 0 1 1 1 47
2 0 0 1 1 1 47
2 0 0 1 1 1 47
2 0 0 1 1 1 47
3 0 0 1 1 1 47
3 0 0 1 1 1 47
3 0 0 1 1 1 47
3 0 0 1 1 1 47
3 0 0 1 1 1 47
3 0 0 1 1 1 47
3 0 0 1 1 1 47
3 0 0 1 1 1 47
3 0 0 1 1 1 47
4 0 0 1 1 1 47
4 0 0 1 1 1 47
4 0 0 1 1 1 47
4 0 0 1 1 1 47
4 0 0 1 1 1 47
4 0 0 1 1 1 47
4 0 0 1 1 1 47
4 0 0 1 1 1 47
4 0 0 1 1 1 47
5 0 0 1 1 1 47
5 0 0 1 1 1 47
5 0 0 1 1 1 47
5 0 0 1 1 1 47
5 0 0 1 1 1 47
5 0 0 1 1 1 47
5 0 0 1 1 1 47
5 0 0 1 1 1 47
5 0 0 1 1 1 47
6 0 0 1 1 1 47
6 0 0 1 1 1 47
6 0 0 1 1 1 47
6 0 0 1 1 1 47
6 0 0 1 1 1 47
6 0 0 1 1 1 47
6 0 0 1 1 1 47
6 0 0 1 1 1 47
6 0 0 1 1 1 47
7 0 0 1 1 1 47
7 0 0 1 1 1 47
7 0 0 1 1 1 47
7 0 0 1 1 1 47
7 0 0 1 1 1 47
7 0 0 1 1 1 47
7 0 0 1 1 1 47
7 0 0 1 1 1 47
7 0 0 1 1 1 47
8 0 0 1 1 1 47
8 0 0 1 1 1 47
8 0 0 1 1 1 47
8 0 0 1 1 1 47
8 0 0 1 1 1 47
8 0 0 1 1 1 47
8 0 0 1 1 1 47
8 0 0 1 1 1 47
8 0 0 1 1 1 47
9 0 0 1 1 1 47
9 0 0 1 1 1 47
9 0 0 1 1 1 47
9 0 0 1 1 1 47
9 0 0 1 1 1 47
9 0 0 1 1 1 47
9 0 0 1 1 1 47
9 0 0 1 1 1 47
9 0 0 1 1 1 47
10 0 0 0 0 0 0
10 0 0 0 0 0 0
10 0 0 1 1 1 47
10 0 0 1 1 1 47
10 0 0 1 1 1 47
10 0 0 1 1 1 47
10 0 0 1 1 1 47
10 0 0 1 1 1 47
10 0 0 1 1 1 47
#SOLUTION-AFT
 0  0  0  70  8  16  20  0  0  74 
 0  87  0  21  24  45  66  32  13  37 
 0  34  80  58  67  44  1  39  14  29 
 65  64  11  12  68  23  75  47  9  2 
 72  35  43  61  63  53  38  25  19  60 
 48  18  83  41  36  27  52  59  71  4 
 84  77  81  10  3  22  15  55  78  73 
 0  49  40  33  54  69  6  82  17  0 
 0  46  86  5  50  57  30  26  79  0 
#SOLUTION-FWD
 0  0  0  70  8  16  20  0  0  74 
 0  87  0  21  24  45  66  32  13  37 
 0  34  80  58  67  44  1  39  14  29 
 65  64  11  12  68  23  75  47  9  2 
 72  35  43  61  63  53  62  25  19  60 
 48  18  42  41  36  27  31  59  71  4 
 84  77  7  10  3  22  56  55  78  73 
 0  49  85  33  54  69  76  82  17  0 
 0  46  51  5  50  57  28  26  79  0 
#INFO
cap20: 18  cap40: 69  reefer: 0  HC: 11  capacity: 90.697674 TEU: 172