1 16 0 4 36 1 9
#POD
6 
#LOCATIONS
97 
#CONTAINERS_TOLOAD
0 0 0 17700.00 2.59 40 6 0 97 0
0 0 0 14730.00 2.59 40 6 0 97 0
0 0 0 16125.00 2.59 40 6 0 97 0
0 0 0 19770.00 2.59 40 6 0 97 0
0 0 0 18640.00 2.59 40 6 0 97 0
0 0 0 14630.00 2.59 40 6 0 97 0
0 0 0 15650.00 2.59 40 6 0 97 0
0 0 0 19700.00 2.59 40 6 0 97 0
0 0 0 15810.00 2.59 40 6 0 97 0
0 0 0 17800.00 2.59 40 6 0 97 0
0 0 0 18700.00 2.59 40 6 0 97 0
0 0 0 16700.00 2.59 40 6 0 97 0
0 0 0 17750.00 2.59 40 6 0 97 0
0 0 0 14316.00 2.59 40 6 0 97 0
0 0 0 16750.00 2.59 40 6 0 97 0
0 0 0 18650.00 2.59 40 6 0 97 0
#CONTAINERS_LOADED 
#STACKS
184000.000000 10.363200 97
184000.000000 10.363200 97
184000.000000 10.363200 97
184000.000000 10.363200 97
#CELLS
1 0 0 0 0 0 0
1 0 0 0 0 0 0
1 0 0 0 0 0 0
1 0 0 0 0 0 0
1 0 0 0 0 0 0
1 0 0 1 1 1 97
1 0 0 1 1 1 97
1 0 0 1 1 1 97
1 0 0 1 1 1 97
2 0 0 0 0 0 0
2 0 0 0 0 0 0
2 0 0 0 0 0 0
2 0 0 0 0 0 0
2 0 0 0 0 0 0
2 0 0 1 1 1 97
2 0 0 1 1 1 97
2 0 0 1 1 1 97
2 0 0 1 1 1 97
3 0 0 0 0 0 0
3 0 0 0 0 0 0
3 0 0 0 0 0 0
3 0 0 0 0 0 0
3 0 0 0 0 0 0
3 0 0 1 1 1 97
3 0 0 1 1 1 97
3 0 0 1 1 1 97
3 0 0 1 1 1 97
4 0 0 0 0 0 0
4 0 0 0 0 0 0
4 0 0 0 0 0 0
4 0 0 0 0 0 0
4 0 0 0 0 0 0
4 0 0 1 1 1 97
4 0 0 1 1 1 97
4 0 0 1 1 1 97
4 0 0 1 1 1 97
#SOLUTION-AFT
 14  1  16  9 
 6  13  11  3 
 2  10  8  12 
 7  5  4  15 
 0  0  0  0 
 0  0  0  0 
 0  0  0  0 
 0  0  0  0 
 0  0  0  0 
#SOLUTION-FWD
 14  1  16  9 
 6  13  11  3 
 2  10  8  12 
 7  5  4  15 
 0  0  0  0 
 0  0  0  0 
 0  0  0  0 
 0  0  0  0 
 0  0  0  0 
#INFO
cap20: 0  cap40: 16  reefer: 0  HC: 0  capacity: 100.000000 TEU: 32